# #Parameters: delta_c =0.4, gamma = 0.2, gstar = 107.5#Columns: mPBH [Msun, fPBH]
1.3529103769241864e+21 0.0000000000000000e+00
1.1905000984735963e+21 0.0000000000000000e+00
1.0475863801768032e+21 0.0000000000000000e+00
9.2182875527605597e+20 0.0000000000000000e+00
8.1116771860892837e+20 0.0000000000000000e+00
7.1379099854198774e+20 0.0000000000000000e+00
6.2810387779398468e+20 0.0000000000000000e+00
5.5270307709916329e+20 0.0000000000000000e+00
4.8635377400914556e+20 0.0000000000000000e+00
4.2796938047533279e+20 0.0000000000000000e+00
3.7659374803370207e+20 0.0000000000000000e+00
3.3138550917019586e+20 0.0000000000000000e+00
2.9160429842866713e+20 0.0000000000000000e+00
2.5659862760747028e+20 0.0000000000000000e+00
2.2579521647944417e+20 0.0000000000000000e+00
1.9868960430681106e+20 0.0000000000000000e+00
1.7483788839783111e+20 0.0000000000000000e+00
1.5384945440934960e+20 0.0000000000000000e+00
1.3538057934099471e+20 0.0000000000000000e+00
1.1912880245865560e+20 0.0000000000000000e+00
1.0482797196108595e+20 0.0000000000000000e+00
9.2243886269972464e+19 0.0000000000000000e+00
8.1170458561826308e+19 0.0000000000000000e+00
7.1426341729076929e+19 0.0000000000000000e+00
6.2851958498090418e+19 0.0000000000000000e+00
5.5306888067004645e+19 0.0000000000000000e+00
4.8667566464919536e+19 0.0000000000000000e+00
4.2825262971727331e+19 0.0000000000000000e+00
3.7684299458851766e+19 0.0000000000000000e+00
3.3160483489428902e+19 0.0000000000000000e+00
2.9179729517152936e+19 0.0000000000000000e+00
2.5676845603461677e+19 0.0000000000000000e+00
2.2594465783394181e+19 0.0000000000000000e+00
1.9882110595709051e+19 0.0000000000000000e+00
1.7495360391770388e+19 0.0000000000000000e+00
1.5395127884661692e+19 0.0000000000000000e+00
1.3547018025223121e+19 0.0000000000000000e+00
1.1920764721841932e+19 0.0000000000000000e+00
1.0489735179279106e+19 0.0000000000000000e+00
9.2304937391972741e+18 0.0000000000000000e+00
8.1224180795015352e+18 0.0000000000000000e+00
7.1473614870737019e+18 0.0000000000000000e+00
6.2893556730139955e+18 0.0000000000000000e+00
5.5343492634606449e+18 0.0000000000000000e+00
4.8699776833084221e+18 0.0000000000000000e+00
4.2853606642620820e+18 0.0000000000000000e+00
3.7709240610583122e+18 0.0000000000000000e+00
3.3182430577793807e+18 0.0000000000000000e+00
2.9199041964825196e+18 0.0000000000000000e+00
2.5693839686179758e+18 0.0000000000000000e+00
2.2609419809539912e+18 0.0000000000000000e+00
1.9895269464103222e+18 0.0000000000000000e+00
1.7506939602327319e+18 0.0000000000000000e+00
1.5405317067584230e+18 0.0000000000000000e+00
1.3555984046535058e+18 0.0000000000000000e+00
1.1928654416116465e+18 0.0000000000000000e+00
1.0496677754316571e+18 0.0000000000000000e+00
9.2366028920330688e+17 0.0000000000000000e+00
8.1277938583976653e+17 0.0000000000000000e+00
7.1520919299872730e+17 0.0000000000000000e+00
6.2935182493756557e+17 0.0000000000000000e+00
5.5380121428745254e+17 0.0000000000000000e+00
4.8732008519508531e+17 0.0000000000000000e+00
4.2881969072621043e+17 0.0000000000000000e+00
3.7734198269482157e+17 0.0000000000000000e+00
3.3204392191721690e+17 0.0000000000000000e+00
2.9218367194337632e+17 0.0000000000000000e+00
2.5710845016340560e+17 0.0000000000000000e+00
2.2624383732927776e+17 0.0000000000000000e+00
1.9908437041623997e+17 0.0000000000000000e+00
1.7518526476522774e+17 0.0000000000000000e+00
1.5415512994162928e+17 0.0000000000000000e+00
1.3564956001960202e+17 0.0000000000000000e+00
1.1936549332142918e+17 0.0000000000000000e+00
1.0503624924260157e+17 0.0000000000000000e+00
9.2427160881789584e+16 0.0000000000000000e+00
8.1331731952242640e+16 0.0000000000000000e+00
7.1568255037191456e+16 0.0000000000000000e+00
6.2976835807161840e+16 0.0000000000000000e+00
5.5416774465455128e+16 0.0000000000000000e+00
4.8764261538301744e+16 0.0000000000000000e+00
4.2910350274143568e+16 0.0000000000000000e+00
3.7759172446473952e+16 0.0000000000000000e+00
3.3226368340826004e+16 0.0000000000000000e+00
2.9237705214149564e+16 0.0000000000000000e+00
2.5727861601387928e+16 0.0000000000000000e+00
2.2639357560108180e+16 0.0000000000000000e+00
1.9921613334035416e+16 0.0000000000000000e+00
1.7530121019428842e+16 0.0000000000000000e+00
1.5425715668861028e+16 0.0000000000000000e+00
1.3573933895425980e+16 0.0000000000000000e+00
1.1944449473377252e+16 0.0000000000000000e+00
1.0510576692150954e+16 0.0000000000000000e+00
9.2488333303109540e+15 0.0000000000000000e+00
8.1385560923361070e+15 0.0000000000000000e+00
7.1615622103414240e+15 0.0000000000000000e+00
6.3018516688589320e+15 0.0000000000000000e+00
5.5453451760781120e+15 0.0000000000000000e+00
4.8796535903582760e+15 0.0000000000000000e+00
4.2938750259612365e+15 0.0000000000000000e+00
3.7784163152491095e+15 0.0000000000000000e+00
3.3248359034726935e+15 0.0000000000000000e+00
2.9257056032726390e+15 0.0000000000000000e+00
2.5744889448771010e+15 0.0000000000000000e+00
2.2654341297635890e+15 0.0000000000000000e+00
1.9934798347105385e+15 0.0000000000000000e+00
1.7541723236121020e+15 0.0000000000000000e+00
1.5435925096144682e+15 0.0000000000000000e+00
1.3582917730862428e+15 0.0000000000000000e+00
1.1952354843277718e+15 0.0000000000000000e+00
1.0517533061032070e+15 0.0000000000000000e+00
9.2549546211069075e+14 0.0000000000000000e+00
8.1439425520895850e+14 0.0000000000000000e+00
7.1663020519276175e+14 0.0000000000000000e+00
6.3060225156285025e+14 0.0000000000000000e+00
5.5490153330778538e+14 0.0000000000000000e+00
4.8828831629479562e+14 0.0000000000000000e+00
4.2967169041459412e+14 0.0000000000000000e+00
3.7809170398473138e+14 0.0000000000000000e+00
3.3270364283050825e+14 0.0000000000000000e+00
2.9276419658538831e+14 0.0000000000000000e+00
2.5761928565943616e+14 0.0000000000000000e+00
2.2669334952069981e+14 0.0000000000000000e+00
1.9947992086605588e+14 0.0000000000000000e+00
1.7553333131678131e+14 0.0000000000000000e+00
1.5446141280483125e+14 0.0000000000000000e+00
1.3591907512202262e+14 0.0000000000000000e+00
1.1960265445304930e+14 0.0000000000000000e+00
1.0524494033948689e+14 0.0000000000000000e+00
9.2610799632463797e+13 0.0000000000000000e+00
8.1493325768425969e+13 0.0000000000000000e+00
7.1710450305525750e+13 0.0000000000000000e+00
6.3101961228506680e+13 0.0000000000000000e+00
5.5526879191513477e+13 0.0000000000000000e+00
4.8861148730129539e+13 0.0000000000000000e+00
4.2995606632124984e+13 0.0000000000000000e+00
3.7834194195366906e+13 0.0000000000000000e+00
3.3292384095430371e+13 0.0000000000000000e+00
2.9295796100063219e+13 0.0000000000000000e+00
2.5778978960364691e+13 0.0000000000000000e+00
2.2684338529973984e+13 0.0000000000000000e+00
1.9961194558311641e+13 0.0000000000000000e+00
1.7564950711182469e+13 0.0000000000000000e+00
1.5456364226348453e+13 0.0000000000000000e+00
1.3600903243380727e+13 0.0000000000000000e+00
1.1968181282921715e+13 0.0000000000000000e+00
1.0531459613947945e+13 0.0000000000000000e+00
9.2672093594107402e+12 0.0000000000000000e+00
8.1547261689546191e+12 0.0000000000000000e+00
7.1757911482925312e+12 0.0000000000000000e+00
6.3143724923524170e+12 0.0000000000000000e+00
5.5563629359062617e+12 0.0000000000000000e+00
4.8893487219679492e+12 0.0000000000000000e+00
4.3024063044057622e+12 0.0000000000000000e+00
3.7859234554126758e+12 0.0000000000000000e+00
3.3314418481504917e+12 0.0000000000000000e+00
2.9315185365781768e+12 0.0000000000000000e+00
2.5796040639497939e+12 0.0000000000000000e+00
2.2699352037915605e+12 0.0000000000000000e+00
1.9974405768002837e+12 0.0000000000000000e+00
1.7576575979719524e+12 0.0000000000000000e+00
1.5466593938215706e+12 0.0000000000000000e+00
1.3609904928335654e+12 0.0000000000000000e+00
1.1976102359593206e+12 0.0000000000000000e+00
1.0538429804078986e+12 0.0000000000000000e+00
9.2733428122830945e+11 0.0000000000000000e+00
8.1601233307866724e+11 0.0000000000000000e+00
7.1805404072250720e+11 0.0000000000000000e+00
6.3185516259619336e+11 0.0000000000000000e+00
5.5600403849513159e+11 0.0000000000000000e+00
4.8925847112285400e+11 0.0000000000000000e+00
4.3052538289713971e+11 0.0000000000000000e+00
3.7884291485713770e+11 0.0000000000000000e+00
3.3336467450919720e+11 0.0000000000000000e+00
2.9334587464181842e+11 0.0000000000000000e+00
2.5813113610812225e+11 0.0000000000000000e+00
2.2714375482467123e+11 0.0000000000000000e+00
1.9987625721462469e+11 0.0000000000000000e+00
1.7588208942378360e+11 0.0000000000000000e+00
1.5476830420563022e+11 0.0000000000000000e+00
1.3618912571007599e+11 0.0000000000000000e+00
1.1984028678786906e+11 0.0000000000000000e+00
1.0545404607393076e+11 0.0000000000000000e+00
9.2794803245484177e+10 0.0000000000000000e+00
8.1655240647014069e+10 0.0000000000000000e+00
7.1852928094292007e+10 0.0000000000000000e+00
6.3227335255086418e+10 0.0000000000000000e+00
5.5637202678963211e+10 0.0000000000000000e+00
4.8958228422112885e+10 0.0000000000000000e+00
4.3081032381559113e+10 0.0000000000000000e+00
3.7909365001096718e+10 0.0000000000000000e+00
3.3358531013326824e+10 0.0000000000000000e+00
2.9354002403756817e+10 0.0000000000000000e+00
2.5830197881781021e+10 0.0000000000000000e+00
2.2729408870204849e+10 0.0000000000000000e+00
2.0000854424477406e+10 0.0000000000000000e+00
1.7599849604251148e+10 0.0000000000000000e+00
1.5487073677871284e+10 0.0000000000000000e+00
1.3627926175339544e+10 0.0000000000000000e+00
1.1991960243972454e+10 0.0000000000000000e+00
1.0552384026943327e+10 0.0000000000000000e+00
9.2856218988933201e+09 0.0000000000000000e+00
8.1709283730629158e+09 0.0000000000000000e+00
7.1900483569852962e+09 0.0000000000000000e+00
6.3269181928231916e+09 0.0000000000000000e+00
5.5674025863521652e+09 0.0000000000000000e+00
4.8990631163337021e+09 0.0000000000000000e+00
4.3109545332066488e+09 0.0000000000000000e+00
3.7934455111251669e+09 0.0000000000000000e+00
3.3380609178384657e+09 0.0000000000000000e+00
2.9373430193005672e+09 0.0000000000000000e+00
2.5847293459883132e+09 0.0000000000000000e+00
2.2744452207709813e+09 0.0000000000000000e+00
2.0014091882838647e+09 0.0000000000000000e+00
1.7611497970433643e+09 0.0000000000000000e+00
1.5497323714624524e+09 0.0000000000000000e+00
1.3636945745277231e+09 0.0000000000000000e+00
1.1999897058621931e+09 0.0000000000000000e+00
1.0559368065785024e+09 0.0000000000000000e+00
9.2917675380062985e+08 0.0000000000000000e+00
8.1763362582369661e+08 0.0000000000000000e+00
7.1948070519750381e+08 0.0000000000000000e+00
6.3311056297373617e+08 0.0000000000000000e+00
5.5710873419307303e+08 0.0000000000000000e+00
4.9023055350141686e+08 0.0000000000000000e+00
4.3138077153717238e+08 0.0000000000000000e+00
3.7959561827161467e+08 0.0000000000000000e+00
3.3402701955757624e+08 0.0000000000000000e+00
2.9392870840432644e+08 0.0000000000000000e+00
2.5864400352601942e+08 0.0000000000000000e+00
2.2759505501567024e+08 0.0000000000000000e+00
2.0027338102340722e+08 0.0000000000000000e+00
1.7623154046024969e+08 0.0000000000000000e+00
1.5507580535309747e+08 0.0000000000000000e+00
1.3645971284769019e+08 0.0000000000000000e+00
1.2007839126209727e+08 0.0000000000000000e+00
1.0566356726975462e+08 0.0000000000000000e+00
9.2979172445776433e+07 0.0000000000000000e+00
8.1817477225908846e+07 0.0000000000000000e+00
7.1995688964816019e+07 0.0000000000000000e+00
6.3352958380842470e+07 0.0000000000000000e+00
5.5747745362450607e+07 0.0000000000000000e+00
4.9055500996720664e+07 0.0000000000000000e+00
4.3166627859001331e+07 0.0000000000000000e+00
3.7984685159816720e+07 0.0000000000000000e+00
3.3424809355116948e+07 0.0000000000000000e+00
2.9412324354547970e+07 0.0000000000000000e+00
2.5881518567426056e+07 0.0000000000000000e+00
2.2774568758366149e+07 0.0000000000000000e+00
2.0040593088782210e+07 0.0000000000000000e+00
1.7634817836127408e+07 0.0000000000000000e+00
1.5517844144416733e+07 0.0000000000000000e+00
1.3655002797765721e+07 0.0000000000000000e+00
1.2015786450212354e+07 0.0000000000000000e+00
1.0573350013573827e+07 0.0000000000000000e+00
9.3040710212993044e+06 0.0000000000000000e+00
8.1871627684934624e+06 0.0000000000000000e+00
7.2043338925894108e+06 0.0000000000000000e+00
6.3394888196980553e+06 0.0000000000000000e+00
5.5784641709091738e+06 0.0000000000000000e+00
4.9087968117277259e+06 0.0000000000000000e+00
4.3195197460416947e+06 0.0000000000000000e+00
3.8009825120215234e+06 0.0000000000000000e+00
3.3446931386140264e+06 0.0000000000000000e+00
2.9431790743867531e+06 0.0000000000000000e+00
2.5898648111849059e+06 0.0000000000000000e+00
2.2789641984701175e+06 0.0000000000000000e+00
2.0053856847965557e+06 0.0000000000000000e+00
1.7646489345846926e+06 0.0000000000000000e+00
1.5528114546438484e+06 0.0000000000000000e+00
1.3664040288220977e+06 0.0000000000000000e+00
1.2023739034108804e+06 0.0000000000000000e+00
1.0580347928641464e+06 0.0000000000000000e+00
9.3102288708651229e+05 0.0000000000000000e+00
8.1925813983151654e+05 0.0000000000000000e+00
7.2091020423843700e+05 0.0000000000000000e+00
6.3436845764142834e+05 0.0000000000000000e+00
5.5821562475382246e+05 0.0000000000000000e+00
4.9120456726023438e+05 0.0000000000000000e+00
4.3223785970470030e+05 0.0000000000000000e+00
3.8034981719361729e+05 0.0000000000000000e+00
3.3469068058511167e+05 0.0000000000000000e+00
2.9451270016912470e+05 0.0000000000000000e+00
2.5915788993369177e+05 0.0000000000000000e+00
2.2804725187170223e+05 0.0000000000000000e+00
2.0067129385696788e+05 0.0000000000000000e+00
1.7658168580292555e+05 0.0000000000000000e+00
1.5538391745870741e+05 0.0000000000000000e+00
1.3673083760090821e+05 0.0000000000000000e+00
1.2031696881380351e+05 0.0000000000000000e+00
1.0587350475241744e+05 0.0000000000000000e+00
9.3163907959707256e+04 0.0000000000000000e+00
8.1980036144280210e+04 0.0000000000000000e+00
7.2138733479537594e+04 0.0000000000000000e+00
6.3478831100696450e+04 0.0000000000000000e+00
5.5858507677484369e+04 0.0000000000000000e+00
4.9152966837181513e+04 0.0000000000000000e+00
4.3252393401675516e+04 0.0000000000000000e+00
3.8060154968268776e+04 0.0000000000000000e+00
3.3491219381920215e+04 0.0000000000000000e+00
2.9470762182210048e+04 0.0000000000000000e+00
2.5932941219490018e+04 0.0000000000000000e+00
2.2819818372376125e+04 0.0000000000000000e+00
2.0080410707786101e+04 0.0000000000000000e+00
1.7669855544577014e+04 0.0000000000000000e+00
1.5548675747212454e+04 0.0000000000000000e+00
1.3682133217334129e+04 0.0000000000000000e+00
1.2039659995510492e+04 0.0000000000000000e+00
1.0594357656439986e+04 0.0000000000000000e+00
9.3225567993134537e+03 0.0000000000000000e+00
8.2034294192055695e+03 0.0000000000000000e+00
7.2186478113861795e+03 0.0000000000000000e+00
6.3520844225020146e+03 0.0000000000000000e+00
5.5895477331570155e+03 0.0000000000000000e+00
4.9185498464982102e+03 0.0000000000000000e+00
4.3281019766555773e+03 0.0000000000000000e+00
3.8085344877955440e+03 0.0000000000000000e+00
3.3513385366063762e+03 0.0000000000000000e+00
2.9490267248292566e+03 0.0000000000000000e+00
2.5950104797719619e+03 0.0000000000000000e+00
2.2834921546925611e+03 0.0000000000000000e+00
2.0093700820047125e+03 0.0000000000000000e+00
1.7681550243816030e+03 0.0000000000000000e+00
1.5558966554965239e+03 0.0000000000000000e+00
1.3691188663912135e+03 0.0000000000000000e+00
1.2047628379984960e+03 0.0000000000000000e+00
1.0601369475303477e+03 0.0000000000000000e+00
9.3287268835923908e+02 0.0000000000000000e+00
8.2088588150228759e+02 0.0000000000000000e+00
7.2234254347715876e+02 0.0000000000000000e+00
6.3562885155504648e+02 0.0000000000000000e+00
5.5932471453823882e+02 0.0000000000000000e+00
4.9218051623666685e+02 0.0000000000000000e+00
4.3309665077642620e+02 0.0000000000000000e+00
3.8110551459449204e+02 0.0000000000000000e+00
3.3535566020645427e+02 0.0000000000000000e+00
2.9509785223698850e+02 0.0000000000000000e+00
2.5967279735571742e+02 0.0000000000000000e+00
2.2850034717430458e+02 0.0000000000000000e+00
2.0106999728297922e+02 0.0000000000000000e+00
1.7693252683129242e+02 0.0000000000000000e+00
1.5569264173634133e+02 0.0000000000000000e+00
1.3700250103789057e+02 0.0000000000000000e+00
1.2055602038292110e+02 0.0000000000000000e+00
1.0608385934901814e+02 0.0000000000000000e+00
9.3349010515086292e+01 0.0000000000000000e+00
8.2142918042567871e+01 0.0000000000000000e+00
7.2282062202014984e+01 0.0000000000000000e+00
6.3604953910554279e+01 0.0000000000000000e+00
5.5969490060439291e+01 0.0000000000000000e+00
4.9250626327484966e+01 0.0000000000000000e+00
4.3338329347475181e+01 0.0000000000000000e+00
3.8135774723783918e+01 0.0000000000000000e+00
3.3557761355374517e+01 0.0000000000000000e+00
2.9529316116972574e+01 0.0000000000000000e+00
2.5984466040564474e+01 0.0000000000000000e+00
2.2865157890506243e+01 0.0000000000000000e+00
2.0120307438359909e+01 0.0000000000000000e+00
1.7704962867639225e+01 0.0000000000000000e+00
1.5579568607726781e+01 0.0000000000000000e+00
1.3709317540931419e+01 0.0000000000000000e+00
1.2063580973922299e+01 0.0000000000000000e+00
1.0615407038306348e+01 0.0000000000000000e+00
9.3410793057648327e+00 0.0000000000000000e+00
8.2197283892855175e+00 0.0000000000000000e+00
7.2329901697686401e+00 0.0000000000000000e+00
6.3647050508584098e+00 0.0000000000000000e+00
5.6006533167621191e+00 0.0000000000000000e+00
4.9283222590696489e+00 0.0000000000000000e+00
4.3367012588601170e+00 0.0000000000000000e+00
3.8161014682000691e+00 0.0000000000000000e+00
3.3579971379966738e+00 0.0000000000000000e+00
2.9548859936663163e+00 0.0000000000000000e+00
2.6001663720220902e+00 0.0000000000000000e+00
2.2880291072772936e+00 0.0000000000000000e+00
2.0133623956058351e+00 0.0000000000000000e+00
1.7716680802471949e+00 0.0000000000000000e+00
1.5589879861753813e+00 0.0000000000000000e+00
1.3718390979308370e+00 0.0000000000000000e+00
1.2071565190368192e+00 0.0000000000000000e+00
1.0622432788590470e+00 0.0000000000000000e+00
9.3472616490654414e-01 0.0000000000000000e+00
8.2251685724888635e-01 0.0000000000000000e+00
7.2377772855671152e-01 0.0000000000000000e+00
6.3689174968021278e-01 0.0000000000000000e+00
5.6043600791584680e-01 0.0000000000000000e+00
4.9315840427569796e-01 0.0000000000000000e+00
4.3395714813576303e-01 0.0000000000000000e+00
3.8186271345148926e-01 0.0000000000000000e+00
3.3602196104145032e-01 0.0000000000000000e+00
2.9568416691326360e-01 0.0000000000000000e+00
2.6018872782069691e-01 0.0000000000000000e+00
2.2895434270855425e-01 0.0000000000000000e+00
2.0146949287222854e-01 0.0000000000000000e+00
1.7728406492757223e-01 0.0000000000000000e+00
1.5600197940229213e-01 0.0000000000000000e+00
1.3727470422892027e-01 0.0000000000000000e+00
1.2079554691125072e-01 0.0000000000000000e+00
1.0629463188829874e-01 0.0000000000000000e+00
9.3534480841169221e-02 0.0000000000000000e+00
8.2306123562483832e-02 0.0000000000000000e+00
7.2425675696925998e-02 0.0000000000000000e+00
6.3731327307306823e-02 0.0000000000000000e+00
5.6080692948556971e-02 0.0000000000000000e+00
4.9348479852384095e-02 0.0000000000000000e+00
4.3424436034965631e-02 0.0000000000000000e+00
3.8211544724284369e-02 0.0000000000000000e+00
3.3624435537637956e-02 0.0000000000000000e+00
2.9587986389522872e-02 0.0000000000000000e+00
2.6036093233643885e-02 0.0000000000000000e+00
2.2910587491382452e-02 0.0000000000000000e+00
2.0160283437686412e-02 0.0000000000000000e+00
1.7740139943627796e-02 0.0000000000000000e+00
1.5610522847669579e-02 0.0000000000000000e+00
1.3736555875656779e-02 0.0000000000000000e+00
1.2087549479690223e-02 0.0000000000000000e+00
1.0636498242102013e-02 0.0000000000000000e+00
9.3596386136273017e-03 0.0000000000000000e+00
8.2360597429470307e-03 0.0000000000000000e+00
7.2473610242419703e-03 0.0000000000000000e+00
6.3773507544892328e-03 0.0000000000000000e+00
5.6117809654774673e-03 0.0000000000000000e+00
4.9381140879426900e-03 0.0000000000000000e+00
4.3453176265341471e-03 0.0000000000000000e+00
3.8236834830470412e-03 0.0000000000000000e+00
3.3646689690180814e-03 0.0000000000000000e+00
2.9607569039819303e-03 0.0000000000000000e+00
2.6053325082481494e-03 0.0000000000000000e+00
2.2925750740987131e-03 0.0000000000000000e+00
2.0173626413285870e-03 0.0000000000000000e+00
1.7751881160219824e-03 0.0000000000000000e+00
1.5620854588594493e-03 0.0000000000000000e+00
1.3745647341579662e-03 0.0000000000000000e+00
1.2095549559563270e-03 0.0000000000000000e+00
1.0643537951486393e-03 0.0000000000000000e+00
9.3658332403064037e-04 0.0000000000000000e+00
8.2415107349693084e-04 0.0000000000000000e+00
7.2521576513134964e-04 0.0000000000000000e+00
6.3815715699241579e-04 0.0000000000000000e+00
5.6154950926485094e-04 0.0000000000000000e+00
4.9413823522995062e-04 0.0000000000000000e+00
4.3481935517284510e-04 0.0000000000000000e+00
3.8262141674777435e-04 0.0000000000000000e+00
3.3668958571515058e-04 0.0000000000000000e+00
2.9627164650787704e-04 0.0000000000000000e+00
2.6070568336126164e-04 0.0000000000000000e+00
2.2940924026307514e-04 0.0000000000000000e+00
2.0186978219862410e-04 0.0000000000000000e+00
1.7763630147673318e-04 0.0000000000000000e+00
1.5631193167526931e-04 0.0000000000000000e+00
1.3754744824640678e-04 0.0000000000000000e+00
1.2103554934246416e-04 0.0000000000000000e+00
1.0650582320064803e-04 0.0000000000000000e+00
9.3720319668660632e-05 0.0000000000000000e+00
8.2469653347015296e-05 0.0000000000000000e+00
7.2569574530070169e-05 0.0000000000000000e+00
6.3857951788832219e-05 0.0000000000000000e+00
5.6192116779947705e-05 0.0000000000000000e+00
4.9446527797396229e-05 0.0000000000000000e+00
4.3510713803384715e-05 0.0000000000000000e+00
3.8287465268284133e-05 0.0000000000000000e+00
3.3691242191389387e-05 0.0000000000000000e+00
2.9646773231006479e-05 0.0000000000000000e+00
2.6087823002125894e-05 0.0000000000000000e+00
2.2956107353985509e-05 0.0000000000000000e+00
2.0200338863260612e-05 0.0000000000000000e+00
1.7775386911131211e-05 0.0000000000000000e+00
1.5641538588992447e-05 0.0000000000000000e+00
1.3763848328822124e-05 0.0000000000000000e+00
1.2111565607243919e-05 0.0000000000000000e+00
1.0657631350920820e-05 0.0000000000000000e+00
9.3782347960196942e-06 0.0000000000000000e+00
8.2524235445313614e-06 0.0000000000000000e+00
7.2617604314235764e-06 0.0000000000000000e+00
6.3900215832152546e-06 0.0000000000000000e+00
5.6229307231431339e-06 0.0000000000000000e+00
4.9479253716946199e-06 0.0000000000000000e+00
4.3539511136239450e-06 0.0000000000000000e+00
3.8312805622075532e-06 0.0000000000000000e+00
3.3713540559558165e-06 0.0000000000000000e+00
2.9666394789059038e-06 0.0000000000000000e+00
2.6105089088033878e-06 0.0000000000000000e+00
2.2971300730667595e-06 0.0000000000000000e+00
2.0213708349329078e-06 0.0000000000000000e+00
1.7787151455739883e-06 0.0000000000000000e+00
1.5651890857519619e-06 0.0000000000000000e+00
1.3772957858108939e-06 0.0000000000000000e+00
1.2119581582062335e-06 0.0000000000000000e+00
1.0664685047140064e-06 0.0000000000000000e+00
9.3844417304824978e-07 0.0000000000000000e+00
8.2578853668480657e-07 0.0000000000000000e+00
7.2665665886656126e-07 0.0000000000000000e+00
6.3942507847702989e-07 0.0000000000000000e+00
5.6266522297215621e-07 0.0000000000000000e+00
4.9512001295970304e-07 0.0000000000000000e+00
4.3568327528454279e-07 0.0000000000000000e+00
3.8338162747244042e-07 0.0000000000000000e+00
3.3735853685782201e-07 0.0000000000000000e+00
2.9686029333534450e-07 0.0000000000000000e+00
2.6122366601408120e-07 0.0000000000000000e+00
2.2986504163004472e-07 0.0000000000000000e+00
2.0227086683920116e-07 0.0000000000000000e+00
1.7798923786649520e-07 0.0000000000000000e+00
1.5662249977640392e-07 0.0000000000000000e+00
1.3782073416489022e-07 0.0000000000000000e+00
1.2127602862210849e-07 0.0000000000000000e+00
1.0671743411810452e-07 0.0000000000000000e+00
9.3906527729717005e-08 0.0000000000000000e+00
8.2633508040426804e-08 0.0000000000000000e+00
7.2713759268371336e-08 0.0000000000000000e+00
6.3984827853997895e-08 0.0000000000000000e+00
5.6303761993592278e-08 0.0000000000000000e+00
4.9544770548804595e-08 0.0000000000000000e+00
4.3597162992644318e-08 0.0000000000000000e+00
3.8363536654890316e-08 0.0000000000000000e+00
3.3758181579829573e-08 0.0000000000000000e+00
2.9705676873028187e-08 0.0000000000000000e+00
2.6139655549812253e-08 0.0000000000000000e+00
2.3001717657651778e-08 0.0000000000000000e+00
2.0240473872890401e-08 0.0000000000000000e+00
1.7810703909013314e-08 0.0000000000000000e+00
1.5672615953889327e-08 0.0000000000000000e+00
1.3791195007952592e-08 0.0000000000000000e+00
1.2135629451200651e-08 0.0000000000000000e+00
1.0678806448021688e-08 0.0000000000000000e+00
9.3968679262061048e-09 0.0000000000000000e+00
8.2688198585076229e-09 0.0000000000000000e+00
7.2761884480433628e-09 0.0000000000000000e+00
6.4027175869562274e-09 0.0000000000000000e+00
5.6341026336862528e-09 0.0000000000000000e+00
4.9577561489793340e-09 0.0000000000000000e+00
4.3626017541431859e-09 0.0000000000000000e+00
3.8388927356121439e-09 0.0000000000000000e+00
3.3780524251474006e-09 0.0000000000000000e+00
2.9725337416140697e-09 0.0000000000000000e+00
2.6156955940814270e-09 0.0000000000000000e+00
2.3016941221269025e-09 0.0000000000000000e+00
2.0253869922099993e-09 0.0000000000000000e+00
1.7822491827987997e-09 0.0000000000000000e+00
1.5682988790804105e-09 0.0000000000000000e+00
1.3800322636492611e-09 0.0000000000000000e+00
1.2143661352545285e-09 0.0000000000000000e+00
1.0685874158865520e-09 0.0000000000000000e+00
9.4030871929063071e-10 0.0000000000000000e+00
8.2742925326369019e-10 0.0000000000000000e+00
7.2810041543909103e-10 0.0000000000000000e+00
6.4069551912933395e-10 0.0000000000000000e+00
5.6378315343338246e-10 0.0000000000000000e+00
4.9610374133290311e-10 0.0000000000000000e+00
4.3654891187447586e-10 0.0000000000000000e+00
3.8414334862051850e-10 0.0000000000000000e+00
3.3802881710495723e-10 0.0000000000000000e+00
2.9745010971478095e-10 0.0000000000000000e+00
2.6174267781987194e-10 0.0000000000000000e+00
2.3032174860520112e-10 0.0000000000000000e+00
2.0267274837412841e-10 0.0000000000000000e+00
1.7834287548733549e-10 0.0000000000000000e+00
1.5693368492925305e-10 0.0000000000000000e+00
1.3809456306104566e-10 0.0000000000000000e+00
1.2151698569760902e-10 0.0000000000000000e+00
1.0692946547435995e-10 0.0000000000000000e+00
9.4093105757949328e-11 0.0000000000000000e+00
8.2797688288263045e-11 0.0000000000000000e+00
7.2858230479879701e-11 0.0000000000000000e+00
6.4111956002662349e-11 0.0000000000000000e+00
5.6415629029343665e-11 0.0000000000000000e+00
4.9643208493659987e-11 0.0000000000000000e+00
4.3683783943331625e-11 0.0000000000000000e+00
3.8439759183804277e-11 0.0000000000000000e+00
3.3825253966682194e-11 0.0000000000000000e+00
2.9764697547652948e-11 0.0000000000000000e+00
2.6191591080909663e-11 0.0000000000000000e+00
2.3047418582073923e-11 0.0000000000000000e+00
2.0280688624697241e-11 0.0000000000000000e+00
1.7846091076413847e-11 0.0000000000000000e+00
1.5703755064796887e-11 0.0000000000000000e+00
1.3818596020786946e-11 0.0000000000000000e+00
1.2159741106365576e-11 0.0000000000000000e+00
1.0700023616828968e-11 0.0000000000000000e+00
9.4155380775961178e-12 0.0000000000000000e+00
8.2852487494730021e-12 0.0000000000000000e+00
7.2906451309438822e-12 0.0000000000000000e+00
6.4154388157310932e-12 0.0000000000000000e+00
5.6452967411211802e-12 0.0000000000000000e+00
4.9676064585275217e-12 0.0000000000000000e+00
4.3712695821731014e-12 0.0000000000000000e+00
3.8465200332507858e-12 0.0000000000000000e+00
3.3847641029826309e-12 0.0000000000000000e+00
2.9784397153282798e-12 0.0000000000000000e+00
2.6208925845164525e-12 0.0000000000000000e+00
2.3062672392603196e-12 0.0000000000000000e+00
2.0294111289824738e-12 0.0000000000000000e+00
1.7857902416195704e-12 0.0000000000000000e+00
1.5714148510965283e-12 0.0000000000000000e+00
1.3827741784540528e-12 0.0000000000000000e+00
1.2167788965880120e-12 0.0000000000000000e+00
1.0707105370142401e-12 0.0000000000000000e+00
9.4217697010360817e-13 0.0000000000000000e+00
8.2907322969758280e-13 0.0000000000000000e+00
7.2954704053696258e-13 0.0000000000000000e+00
6.4196848395453757e-13 0.0000000000000000e+00
5.6490330505288430e-13 0.0000000000000000e+00
4.9708942422518665e-13 0.0000000000000000e+00
4.3741626835302594e-13 0.0000000000000000e+00
3.8490658319299457e-13 0.0000000000000000e+00
3.3870042909728513e-13 0.0000000000000000e+00
2.9804109796991100e-13 0.0000000000000000e+00
2.6226272082340453e-13 0.0000000000000000e+00
2.3077936298785242e-13 0.0000000000000000e+00
2.0307542838671402e-13 0.0000000000000000e+00
1.7869721573249528e-13 0.0000000000000000e+00
1.5724548835980488e-13 0.0000000000000000e+00
1.3836893601368855e-13 0.0000000000000000e+00
1.2175842151827369e-13 0.0000000000000000e+00
1.0714191810476333e-13 0.0000000000000000e+00
9.4280054488426378e-14 0.0000000000000000e+00
8.2962194737351926e-14 0.0000000000000000e+00
7.3002988733774013e-14 0.0000000000000000e+00
6.4239336735677764e-14 0.0000000000000000e+00
5.6527718327928741e-14 0.0000000000000000e+00
4.9741842019782607e-14 0.0000000000000000e+00
4.3770576996710547e-14 0.0000000000000000e+00
3.8516133155323196e-14 0.0000000000000000e+00
3.3892459616194936e-14 0.0000000000000000e+00
2.9823835487407054e-14 0.0000000000000000e+00
2.6243629800030548e-14 0.0000000000000000e+00
2.3093210307301452e-14 0.0000000000000000e+00
2.0320983277116731e-14 0.0000000000000000e+00
1.7881548552748848e-14 0.0000000000000000e+00
1.5734956044395092e-14 0.0000000000000000e+00
1.3846051475277904e-14 0.0000000000000000e+00
1.2183900667732607e-14 0.0000000000000000e+00
1.0721282940932670e-14 0.0000000000000000e+00
9.4342453237454783e-15 0.0000000000000000e+00
8.3017102821529699e-15 0.0000000000000000e+00
7.3051305370808679e-15 0.0000000000000000e+00
6.4281853196581109e-15 0.0000000000000000e+00
5.6565130895499173e-15 0.0000000000000000e+00
4.9774763391467937e-15 0.0000000000000000e+00
4.3799546318627748e-15 0.0000000000000000e+00
3.8541624851730097e-15 0.0000000000000000e+00
3.3914891159038456e-15 0.0000000000000000e+00
2.9843574233165041e-15 0.0000000000000000e+00
2.6260999005833108e-15 0.0000000000000000e+00
2.3108494424838770e-15 0.0000000000000000e+00
2.0334432611044246e-15 0.0000000000000000e+00
1.7893383359871477e-15 0.0000000000000000e+00
1.5745370140764836e-15 0.0000000000000000e+00
1.3855215410276970e-15 0.0000000000000000e+00
1.2191964517123419e-15 0.0000000000000000e+00
1.0728378764615882e-15 0.0000000000000000e+00
9.4404893284760980e-16 0.0000000000000000e+00
8.3072047246330173e-16 0.0000000000000000e+00
7.3099653985950671e-16 0.0000000000000000e+00
6.4324397796777396e-16 0.0000000000000000e+00
5.6602568224377042e-16 0.0000000000000000e+00
4.9807706551987564e-16 0.0000000000000000e+00
4.3828534813735481e-16 0.0000000000000000e+00
3.8567133419680334e-16 0.0000000000000000e+00
3.3937337548078436e-16 0.0000000000000000e+00
2.9863326042906671e-16 0.0000000000000000e+00
2.6278379707351488e-16 0.0000000000000000e+00
2.3123788658087402e-16 0.0000000000000000e+00
2.0347890846341376e-16 0.0000000000000000e+00
1.7905225999797813e-16 0.0000000000000000e+00
1.5755791129648473e-16 0.0000000000000000e+00
1.3864385410377322e-16 0.0000000000000000e+00
1.2200033703529764e-16 0.0000000000000000e+00
1.0735479284631991e-16 0.0000000000000000e+00
9.4467374657677978e-17 0.0000000000000000e+00
8.3127028035803879e-17 0.0000000000000000e+00
7.3148034600364642e-17 0.0000000000000000e+00
6.4366970554889397e-17 0.0000000000000000e+00
5.6640030330950472e-17 0.0000000000000000e+00
4.9840671515761516e-17 0.0000000000000000e+00
4.3857542494723406e-17 0.0000000000000000e+00
3.8592658870339626e-17 0.0000000000000000e+00
3.3959798793140782e-17 0.0000000000000000e+00
2.9883090925277774e-17 0.0000000000000000e+00
2.6295771912194068e-17 0.0000000000000000e+00
2.3139093013742378e-17 0.0000000000000000e+00
2.0361357988899447e-17 0.0000000000000000e+00
1.7917076477711941e-17 0.0000000000000000e+00
1.5766219015607524e-17 0.0000000000000000e+00
1.3873561479593123e-17 0.0000000000000000e+00
1.2208108230483703e-17 0.0000000000000000e+00
1.0742584504089237e-17 0.0000000000000000e+00
9.4529897383555445e-18 0.0000000000000000e+00
8.3182045214018621e-18 0.0000000000000000e+00
7.3196447235227897e-18 0.0000000000000000e+00
6.4409571489553354e-18 0.0000000000000000e+00
5.6677517231617549e-18 0.0000000000000000e+00
4.9873658297220153e-18 0.0000000000000000e+00
4.3886569374288879e-18 0.0000000000000000e+00
3.8618201214881701e-18 0.0000000000000000e+00
3.3982274904057271e-18 0.0000000000000000e+00
2.9902868888930391e-18 0.0000000000000000e+00
2.6313175627973829e-18 0.0000000000000000e+00
2.3154407498503169e-18 0.0000000000000000e+00
2.0374834044613340e-18 0.0000000000000000e+00
1.7928934798801404e-18 0.0000000000000000e+00
1.5776653803207299e-18 0.0000000000000000e+00
1.3882743621941179e-18 0.0000000000000000e+00
1.2216188101520259e-18 0.0000000000000000e+00
1.0749694426097919e-18 0.0000000000000000e+00
9.4592461489765641e-19 0.0000000000000000e+00
8.3237098805058018e-19 0.0000000000000000e+00
7.3244891911735405e-19 0.0000000000000000e+00
6.4452200619417672e-19 0.0000000000000000e+00
5.6715028942789953e-19 0.0000000000000000e+00
4.9906666910803424e-19 0.0000000000000000e+00
4.3915615465139843e-19 0.0000000000000000e+00
3.8643760464487680e-19 0.0000000000000000e+00
3.4004765890667939e-19 0.0000000000000000e+00
2.9922659942522307e-19 0.0000000000000000e+00
2.6330590862310077e-19 0.0000000000000000e+00
2.3169732119073668e-19 0.0000000000000000e+00
2.0388319019382862e-19 0.0000000000000000e+00
1.7940800968257151e-19 0.0000000000000000e+00
1.5787095497015352e-19 0.0000000000000000e+00
1.3891931841440962e-19 0.0000000000000000e+00
1.2224273320176175e-19 0.0000000000000000e+00
1.0756809053770396e-19 0.0000000000000000e+00
9.4655067003694366e-20 0.0000000000000000e+00
8.3292188833021729e-20 0.0000000000000000e+00
7.3293368651092564e-20 0.0000000000000000e+00
6.4494857963143253e-20 0.0000000000000000e+00
5.6752565480887473e-20 0.0000000000000000e+00
4.9939697370960745e-20 0.0000000000000000e+00
4.3944680779990429e-20 0.0000000000000000e+00
3.8669336630346110e-20 0.0000000000000000e+00
3.4027271762817615e-20 0.0000000000000000e+00
2.9942464094717028e-20 0.0000000000000000e+00
2.6348017622825654e-20 0.0000000000000000e+00
2.3185066882162000e-20 0.0000000000000000e+00
2.0401812919110860e-20 0.0000000000000000e+00
1.7952674991273737e-20 0.0000000000000000e+00
1.5797544101602384e-20 0.0000000000000000e+00
1.3901126142114491e-20 0.0000000000000000e+00
1.2232363889990842e-20 0.0000000000000000e+00
1.0763928390220824e-20 0.0000000000000000e+00
9.4717713952746371e-21 0.0000000000000000e+00
8.3347315322024683e-21 0.0000000000000000e+00
7.3341877474520536e-21 0.0000000000000000e+00
6.4537543539401687e-21 0.0000000000000000e+00
5.6790126862341188e-21 0.0000000000000000e+00
4.9972749692150785e-21 0.0000000000000000e+00
4.3973765331564307e-21 0.0000000000000000e+00
3.8694929723651950e-21 0.0000000000000000e+00
3.4049792530357945e-21 0.0000000000000000e+00
2.9962281354183557e-21 0.0000000000000000e+00
2.6365455917149996e-21 0.0000000000000000e+00
2.3200411794480956e-21 0.0000000000000000e+00
2.0415315749703609e-21 0.0000000000000000e+00
1.7964556873048407e-21 0.0000000000000000e+00
1.5807999621542778e-21 0.0000000000000000e+00
1.3910326527986547e-21 0.0000000000000000e+00
1.2240459814505506e-21 0.0000000000000000e+00
1.0771052438566386e-21 0.0000000000000000e+00
9.4780402364348362e-22 0.0000000000000000e+00
8.3402478296198404e-22 0.0000000000000000e+00
7.3390418403251690e-22 0.0000000000000000e+00
6.4580257366882755e-22 0.0000000000000000e+00
5.6827713103595379e-22 0.0000000000000000e+00
5.0005823888842173e-22 0.0000000000000000e+00
4.4002869132591781e-22 0.0000000000000000e+00
3.8720539755611087e-22 0.0000000000000000e+00
3.4072328203148471e-22 0.0000000000000000e+00
2.9982111729596854e-22 0.0000000000000000e+00
2.6382905752915154e-22 0.0000000000000000e+00
2.3215766862748686e-22 0.0000000000000000e+00
2.0428827517073123e-22 0.0000000000000000e+00
1.7976446618782891e-22 0.0000000000000000e+00
1.5818462061412521e-22 0.0000000000000000e+00
1.3919533003085167e-22 0.0000000000000000e+00
1.2248561097264846e-22 0.0000000000000000e+00
1.0778181201924832e-22 0.0000000000000000e+00
9.4843132265936659e-23 0.0000000000000000e+00
8.3457677779693816e-23 0.0000000000000000e+00
7.3438991458538901e-23 0.0000000000000000e+00
6.4622999464279610e-23 0.0000000000000000e+00
5.6865324221100154e-23 0.0000000000000000e+00
5.0038919975515058e-23 0.0000000000000000e+00
4.4031992195815503e-23 0.0000000000000000e+00
3.8746166737431403e-23 0.0000000000000000e+00
3.4094878791052190e-23 0.0000000000000000e+00
3.0001955229638880e-23 0.0000000000000000e+00
2.6400367137761495e-23 0.0000000000000000e+00
2.3231132093685330e-23 0.0000000000000000e+00
2.0442348227132825e-23 0.0000000000000000e+00
1.7988344233682479e-23 0.0000000000000000e+00
1.5828931425792561e-23 0.0000000000000000e+00
1.3928745571439563e-23 0.0000000000000000e+00
1.2256667741814380e-23 0.0000000000000000e+00
1.0785314683417469e-23 0.0000000000000000e+00
9.4905903684977384e-24 0.0000000000000000e+00
8.3512913796668942e-24 0.0000000000000000e+00
7.3487596661640162e-24 0.0000000000000000e+00
6.4665769850306797e-24 0.0000000000000000e+00
5.6902960231321597e-24 0.0000000000000000e+00
5.0072037966653999e-24 0.0000000000000000e+00
4.4061134533981160e-24 0.0000000000000000e+00
3.8771810680333655e-24 0.0000000000000000e+00
3.4117444303941718e-24 0.0000000000000000e+00
3.0021811862994118e-24 0.0000000000000000e+00
2.6417840079330999e-24 0.0000000000000000e+00
2.3246507494018533e-24 0.0000000000000000e+00
2.0455877885802049e-24 0.0000000000000000e+00
1.8000249722954165e-24 0.0000000000000000e+00
1.5839407719264821e-24 0.0000000000000000e+00
1.3937964237083432e-24 0.0000000000000000e+00
1.2264779751703182e-24 0.0000000000000000e+00
1.0792452886166266e-24 0.0000000000000000e+00
9.4968716648942440e-25 0.0000000000000000e+00
8.3568186371308741e-25 0.0000000000000000e+00
7.3536234033834705e-25 0.0000000000000000e+00
6.4708568543682759e-25 0.0000000000000000e+00
5.6940621150736634e-25 0.0000000000000000e+00
5.0105177876759632e-25 0.0000000000000000e+00
4.4090296159847236e-25 0.0000000000000000e+00
3.8797471595540862e-25 0.0000000000000000e+00
3.4140024751696178e-25 0.0000000000000000e+00
3.0041681638356763e-25 0.0000000000000000e+00
2.6435324585273279e-25 0.0000000000000000e+00
2.3261893070477313e-25 0.0000000000000000e+00
2.0469416499004064e-25 0.0000000000000000e+00
1.8012163091810744e-25 0.0000000000000000e+00
1.5849890946415795e-25 0.0000000000000000e+00
1.3947189004051311e-25 0.0000000000000000e+00
1.2272897130482677e-25 0.0000000000000000e+00
1.0799595813296670e-25 0.0000000000000000e+00
9.5031571185331240e-26 0.0000000000000000e+00
8.3623495527803296e-26 0.0000000000000000e+00
7.3584903596415914e-26 0.0000000000000000e+00
6.4751395563146756e-26 0.0000000000000000e+00
5.6978306995827588e-26 0.0000000000000000e+00
5.0138339720335579e-26 0.0000000000000000e+00
4.4119477086180625e-26 0.0000000000000000e+00
3.8823149494288626e-26 0.0000000000000000e+00
3.4162620144197929e-26 0.0000000000000000e+00
3.0061564564422810e-26 0.0000000000000000e+00
2.6452820663243029e-26 0.0000000000000000e+00
2.3277288829798221e-26 0.0000000000000000e+00
2.0482964072664026e-26 0.0000000000000000e+00
1.8024084345466090e-26 0.0000000000000000e+00
1.5860381111835023e-26 0.0000000000000000e+00
1.3956419876382252e-26 0.0000000000000000e+00
1.2281019881705435e-26 0.0000000000000000e+00
1.0806743467934781e-26 0.0000000000000000e+00
9.5094467321661341e-27 0.0000000000000000e+00
8.3678841290369504e-27 0.0000000000000000e+00
7.3633605370683997e-27 0.0000000000000000e+00
6.4794250927442068e-27 0.0000000000000000e+00
5.7016017783095131e-27 0.0000000000000000e+00
5.0171523511900067e-27 0.0000000000000000e+00
4.4148677325752340e-27 0.0000000000000000e+00
3.8848844387814839e-27 0.0000000000000000e+00
3.4185230491340285e-27 0.0000000000000000e+00
3.0081460649896982e-27 0.0000000000000000e+00
2.6470328320897392e-27 0.0000000000000000e+00
2.3292694778719207e-27 0.0000000000000000e+00
2.0496520612713709e-27 0.0000000000000000e+00
1.8036013489139322e-27 0.0000000000000000e+00
1.5870878220113524e-27 0.0000000000000000e+00
1.3965656858116146e-27 0.0000000000000000e+00
1.2289148008927976e-27 0.0000000000000000e+00
1.0813895853209822e-27 0.0000000000000000e+00
9.5157405085459229e-28 0.0000000000000000e+00
8.3734223683229470e-28 0.0000000000000000e+00
7.3682339377962927e-28 0.0000000000000000e+00
6.4837134655330674e-28 0.0000000000000000e+00
5.7053753529043328e-28 0.0000000000000000e+00
5.0204729265980882e-28 0.0000000000000000e+00
4.4177896891347639e-28 0.0000000000000000e+00
3.8874556287368696e-28 0.0000000000000000e+00
3.4207855803018651e-28 0.0000000000000000e+00
3.0101369903489703e-28 0.0000000000000000e+00
2.6487847565902050e-28 0.0000000000000000e+00
2.3308110923984962e-28 0.0000000000000000e+00
2.0510086125086158e-28 0.0000000000000000e+00
1.8047950528052970e-28 0.0000000000000000e+00
1.5881382275847423e-28 0.0000000000000000e+00
1.3974899953296915e-28 0.0000000000000000e+00
1.2297281515707578e-28 0.0000000000000000e+00
1.0821052972253105e-28 0.0000000000000000e+00
9.5220384504282132e-29 0.0000000000000000e+00
8.3789642730629448e-29 0.0000000000000000e+00
7.3731105639581061e-29 0.0000000000000000e+00
6.4880046765586974e-29 0.0000000000000000e+00
5.7091514250194695e-29 0.0000000000000000e+00
5.0237956997110527e-29 0.0000000000000000e+00
4.4207135795754476e-29 0.0000000000000000e+00
3.8900285204206811e-29 0.0000000000000000e+00
3.4230496089139473e-29 0.0000000000000000e+00
3.0121292333914307e-29 0.0000000000000000e+00
2.6505378405924313e-29 0.0000000000000000e+00
2.3323537272344642e-29 0.0000000000000000e+00
2.0523660615720954e-29 0.0000000000000000e+00
1.8059895467431290e-29 0.0000000000000000e+00
1.5891893283633827e-29 0.0000000000000000e+00
1.3984149165971174e-29 0.0000000000000000e+00
1.2305420405605478e-29 0.0000000000000000e+00
1.0828214828196924e-29 0.0000000000000000e+00
9.5283405605692833e-30 0.0000000000000000e+00
8.3845098456831839e-30 0.0000000000000000e+00
7.3779904176890683e-30 0.0000000000000000e+00
6.4922987276991481e-30 0.0000000000000000e+00
5.7129299963075243e-30 0.0000000000000000e+00
5.0271206719837656e-30 0.0000000000000000e+00
4.4236394051775009e-30 0.0000000000000000e+00
3.8926031149589439e-30 0.0000000000000000e+00
3.4253151359611272e-30 0.0000000000000000e+00
3.0141227949893733e-30 0.0000000000000000e+00
2.6522920848639135e-30 0.0000000000000000e+00
2.3338973830549579e-30 0.0000000000000000e+00
2.0537244090558999e-30 0.0000000000000000e+00
1.8071848312504341e-30 0.0000000000000000e+00
1.5902411248074427e-30 0.0000000000000000e+00
1.3993404500186840e-30 0.0000000000000000e+00
1.2313564682183655e-30 0.0000000000000000e+00
1.0835381424177099e-30 0.0000000000000000e+00
9.5346468417281941e-31 0.0000000000000000e+00
8.3900590886106824e-31 0.0000000000000000e+00
7.3828735011248366e-31 0.0000000000000000e+00
6.4965956208345556e-31 0.0000000000000000e+00
5.7167110684227446e-31 0.0000000000000000e+00
5.0304478448714042e-31 0.0000000000000000e+00
4.4265671672214105e-31 0.0000000000000000e+00
3.8951794134789392e-31 0.0000000000000000e+00
3.4275821624352473e-31 0.0000000000000000e+00
3.0161176760152834e-31 0.0000000000000000e+00
2.6540474901726559e-31 0.0000000000000000e+00
2.3354420605358634e-31 0.0000000000000000e+00
2.0550836555547095e-31 0.0000000000000000e+00
1.8083809068503288e-31 0.0000000000000000e+00
1.5912936173773965e-31 0.0000000000000000e+00
1.4002665959996337e-31 0.0000000000000000e+00
1.2321714349007661e-31 0.0000000000000000e+00
1.0842552763330068e-31 0.0000000000000000e+00
9.5409572966658214e-32 0.0000000000000000e+00
8.3956120042751609e-32 0.0000000000000000e+00
7.3877598164032211e-32 0.0000000000000000e+00
6.5008953578454538e-32 0.0000000000000000e+00
5.7204946430204783e-32 0.0000000000000000e+00
5.0337772198307588e-32 0.0000000000000000e+00
4.4294968669889457e-32 0.0000000000000000e+00
3.8977574171081804e-32 0.0000000000000000e+00
3.4298506893288071e-32 0.0000000000000000e+00
3.0181138773426119e-32 0.0000000000000000e+00
2.6558040572869130e-32 0.0000000000000000e+00
2.3369877603532096e-32 0.0000000000000000e+00
2.0564438016636011e-32 0.0000000000000000e+00
1.8095777740665109e-32 0.0000000000000000e+00
1.5923468065338684e-32 0.0000000000000000e+00
1.4011933549452939e-32 0.0000000000000000e+00
1.2329869409645396e-32 0.0000000000000000e+00
1.0849728848795807e-32 0.0000000000000000e+00
9.5472719281439312e-33 0.0000000000000000e+00
8.4011685951068482e-33 0.0000000000000000e+00
7.3926493656634411e-33 0.0000000000000000e+00
6.5051979406144730e-33 0.0000000000000000e+00
5.7242807217566010e-33 0.0000000000000000e+00
5.0371087983189307e-33 0.0000000000000000e+00
4.4324285057627236e-33 0.0000000000000000e+00
3.9003371269754411e-33 0.0000000000000000e+00
3.4321207176346284e-33 0.0000000000000000e+00
3.0201113998449978e-33 0.0000000000000000e+00
2.6575617869757898e-33 0.0000000000000000e+00
2.3385344831837004e-33 0.0000000000000000e+00
2.0578048479778411e-33 0.0000000000000000e+00
1.8107754334227900e-33 0.0000000000000000e+00
1.5934006927379942e-33 0.0000000000000000e+00
1.4021207272613976e-33 0.0000000000000000e+00
1.2338029867665930e-33 0.0000000000000000e+00
1.0856909683714906e-33 0.0000000000000000e+00
9.5535907389273687e-34 0.0000000000000000e+00
8.4067288635384155e-34 0.0000000000000000e+00
7.3975421510454031e-34 0.0000000000000000e+00
6.5095033710246377e-34 0.0000000000000000e+00
5.7280693062888450e-34 0.0000000000000000e+00
5.0404425817944784e-34 0.0000000000000000e+00
4.4353620848257760e-34 0.0000000000000000e+00
3.9029185442097321e-34 0.0000000000000000e+00
3.4343922483466334e-34 0.0000000000000000e+00
3.0221102443969512e-34 0.0000000000000000e+00
2.6593206800085600e-34 0.0000000000000000e+00
2.3400822297044868e-34 0.0000000000000000e+00
2.0591667950933610e-34 0.0000000000000000e+00
1.8119738854434983e-34 0.0000000000000000e+00
1.5944552764510058e-34 0.0000000000000000e+00
1.4030487133539471e-34 0.0000000000000000e+00
1.2346195726642292e-34 0.0000000000000000e+00
1.0864095271231136e-34 0.0000000000000000e+00
9.5599137317815690e-35 0.0000000000000000e+00
8.4122928120041345e-35 0.0000000000000000e+00
7.4024381746914018e-35 0.0000000000000000e+00
6.5138116509608561e-35 0.0000000000000000e+00
5.7318603982752766e-35 0.0000000000000000e+00
5.0437785717169243e-35 0.0000000000000000e+00
4.4382976054625599e-35 0.0000000000000000e+00
