# k_modes P_scalar P_tensor
4.5668981936634458e-05 2.5739775853304377e-09 8.3163598351410968e-12
4.8684546219962236e-05 2.5684628555849838e-09 8.3161026944100419e-12
5.1899230946997290e-05 2.5629539020323668e-09 8.3158447338190908e-12
5.5326184221171336e-05 2.5574510673104844e-09 8.3155869957876284e-12
5.8979422327106492e-05 2.5519536106723231e-09 8.3153271032498317e-12
6.2873887057406417e-05 2.5464618421221739e-09 8.3150660719241864e-12
6.7025506824787464e-05 2.5409764788991468e-09 8.3148062088375157e-12
7.1451261809499228e-05 2.5354965182817771e-09 8.3145442658844085e-12
7.6169253408488362e-05 2.5300230830766569e-09 8.3142838972479647e-12
8.1198778270353658e-05 2.5245547731679747e-09 8.3140205233878024e-12
8.6560407218896310e-05 2.5190930222935949e-09 8.3137588513876133e-12
9.2276069388063717e-05 2.5136368148307229e-09 8.3134955374039440e-12
9.8369141912400078e-05 2.5081861626502400e-09 8.3132306043619484e-12
1.0486454553983850e-04 2.5027415055436723e-09 8.3129655353700209e-12
1.1178884655789270e-04 2.4973029694743936e-09 8.3127007004265763e-12
1.1917036545012735e-04 2.4918703539215695e-09 8.3124354745521377e-12
1.2703929272731392e-04 2.4864438978527148e-09 8.3121706585011154e-12
1.3542781240702241e-04 2.4810226246666683e-09 8.3119029962799505e-12
1.4437023364668289e-04 2.4756072300285325e-09 8.3116347519095595e-12
1.5390313106849714e-04 2.4701981528250185e-09 8.3113674674870433e-12
1.6406549435013144e-04 2.4647946489867285e-09 8.3110986022486945e-12
1.7489888769301864e-04 2.4593970958038872e-09 8.3108294732154028e-12
1.8644761982049667e-04 2.4540053105685513e-09 8.3105594202312607e-12
1.9875892520107813e-04 2.4486198391878926e-09 8.3102903079102485e-12
2.1188315723805705e-04 2.4432395621124072e-09 8.3100183622705014e-12
2.2587399421560004e-04 2.4378656675904389e-09 8.3097476175810822e-12
2.4078865884364506e-04 2.4324975849385648e-09 8.3094761171325499e-12
2.5668815229954882e-04 2.4271348158609855e-09 8.3092022037494706e-12
2.7363750372371511e-04 2.4217781635927018e-09 8.3089285774359057e-12
2.9170603618964853e-04 2.4164273818343570e-09 8.3086544762643014e-12
3.1096765023624911e-04 2.4110823044851530e-09 8.3083792702170549e-12
3.3150112612200265e-04 2.4057436628161399e-09 8.3081055333533958e-12
3.5339044603728949e-04 2.4004108282703022e-09 8.3078310826971652e-12
3.7672513759266378e-04 2.3950831750339307e-09 8.3075538274094857e-12
4.0160063998797505e-04 2.3897614942858854e-09 8.3072764461163528e-12
4.2811869435996976e-04 2.3844461346093005e-09 8.3070002389836524e-12
4.5638775990489763e-04 2.3791359594139557e-09 8.3067212462137624e-12
4.8652345747807212e-04 2.3738322958126068e-09 8.3064441312320319e-12
5.1864904248471121e-04 2.3685335267812774e-09 8.3061632923755759e-12
5.5289590899618981e-04 2.3632408780673963e-09 8.3058830301658260e-12
5.8940412715354482e-04 2.3579540107606918e-09 8.3056022278659112e-12
6.2832301605622121e-04 2.3526726448044094e-09 8.3053199277617868e-12
6.6981175447918158e-04 2.3473976305569262e-09 8.3050392078185942e-12
7.1404003191621933e-04 2.3421276759203134e-09 8.3047555503877572e-12
7.6118874261225336e-04 2.3368636611459114e-09 8.3044721786144664e-12
8.1145072542320297e-04 2.3316054931270644e-09 8.3041888310500023e-12
8.6503155252948283e-04 2.3263530940762719e-09 8.3039053289727252e-12
9.2215037022896321e-04 2.3211065316104455e-09 8.3036220322990442e-12
9.8304079524825323e-04 2.3158643566016954e-09 8.3033339071346640e-12
1.0479518702382299e-03 2.3106285085069676e-09 8.3030480127770953e-12
1.1171490823618036e-03 2.3053980391530083e-09 8.3027611171315558e-12
1.1909154491399575e-03 2.3001728737725062e-09 8.3024731738050197e-12
1.2695526759971842e-03 2.2949532231410630e-09 8.3021851277315735e-12
1.3533823902406993e-03 2.2897388229328045e-09 8.3018962625083480e-12
1.4427474565204199e-03 2.2845294987373014e-09 8.3016062561416283e-12
1.5380133791499532e-03 2.2793253610783265e-09 8.3013158304367811e-12
1.6395697970241253e-03 2.2741264239392422e-09 8.3010253752814187e-12
1.7478320772472541e-03 2.2689319420124786e-09 8.3007325996861344e-12
1.8632430139901509e-03 2.2637427449257341e-09 8.3004410108149284e-12
1.9862746395241876e-03 2.2585580351536696e-09 8.3001481759857138e-12
2.1174301548395860e-03 2.2533779045759608e-09 8.2998550952551548e-12
2.2572459877441813e-03 2.2482021069150661e-09 8.2995615375037360e-12
2.4062939868603164e-03 2.2430303245126806e-09 8.2992671058948041e-12
2.5651837604933375e-03 2.2378621070390388e-09 8.2989710277692257e-12
2.7345651699376972e-03 2.2326976770755794e-09 8.2986751223511867e-12
2.9151309874183217e-03 2.2275359303001452e-09 8.2983764850002828e-12
3.1076197295382552e-03 2.2223775076930630e-09 8.2980787639532031e-12
3.3128186778214213e-03 2.2172218554582461e-09 8.2977813784753406e-12
3.5315670987045612e-03 2.2120674919100680e-09 8.2974805276924893e-12
3.7647596761481608e-03 2.2069154194177653e-09 8.2971818383688743e-12
4.0133501709057866e-03 2.2017642614123840e-09 8.2968823391602874e-12
4.2783553214182975e-03 2.1966130442545909e-09 8.2965808676356089e-12
4.5608590022876315e-03 2.1914613289246356e-09 8.2962785564710326e-12
4.8620166573383958e-03 2.1863082479143269e-09 8.2959753310332701e-12
5.1830600253985259e-03 2.1811534164034584e-09 8.2956733840705401e-12
5.5253021781275303e-03 2.1759950788685703e-09 8.2953701711034108e-12
5.8901428904970963e-03 2.1708318618013786e-09 8.2950651522485121e-12
6.2790743658894081e-03 2.1656629410860749e-09 8.2947605540577422e-12
6.6936873392288909e-03 2.1604857899279248e-09 8.2944527541764345e-12
7.1356775831092761e-03 2.1552998682248905e-09 8.2941465556230613e-12
7.6068528435261455e-03 2.1501028070662941e-09 8.2938407101176501e-12
8.1091402335821683e-03 2.1448914523535134e-09 8.2935319981944615e-12
8.6445941154054164e-03 2.1396636912282475e-09 8.2932223109914453e-12
9.2154045025178710e-03 2.1344170405716416e-09 8.2929135531233060e-12
9.8239060170199673e-03 2.1291473666934198e-09 8.2926027724764824e-12
1.0472587438226122e-02 2.1238513674273446e-09 8.2922919310982650e-12
1.1164101881805355e-02 2.1185246354628306e-09 8.2919807145412640e-12
1.1901277651059776e-02 2.1131619079619277e-09 8.2916676604523893e-12
1.2687129804722823e-02 2.1077580897122608e-09 8.2913546023014907e-12
1.3524872488589730e-02 2.1023065362163301e-09 8.2910401746169361e-12
1.4417932081416715e-02 2.0968005285745223e-09 8.2907259625556601e-12
1.5369961208855813e-02 2.0912314641938445e-09 8.2904099442876736e-12
1.6384853682742537e-02 2.0855908895739011e-09 8.2900948286697628e-12
1.7466760426838247e-02 2.0798672713759531e-09 8.2897761031134040e-12
1.8620106454163728e-02 2.0740499366573160e-09 8.2894579850523182e-12
1.9849608965361486e-02 2.0681258700479818e-09 8.2891416991414739e-12
2.1160296642109337e-02 2.0620785069445956e-09 8.2888213150362413e-12
2.2557530214495559e-02 2.0558920808400488e-09 8.2885020347560412e-12
2.4047024386476504e-02 2.0495466787132961e-09 8.2881815622622466e-12
2.5634871209092025e-02 2.0430201368599323e-09 8.2878587637534378e-12
2.7327564997035536e-02 2.0362886758961565e-09 8.2875376950557055e-12
2.9132028890487761e-02 2.0293232307212265e-09 8.2872142135200044e-12
3.1055643170852468e-02 2.0220927282732563e-09 8.2868908744126005e-12
3.3106275446205889e-02 2.0145609154188691e-09 8.2865662287370782e-12
3.5292312829918744e-02 2.0066876499033327e-09 8.2862419787449544e-12
3.7622696244061837e-02 1.9984260946821668e-09 8.2859141370524244e-12
4.0106956987896673e-02 1.9897258197781865e-09 8.2855882955899842e-12
4.2755255721016620e-02 1.9805276399366911e-09 8.2852618278521660e-12
4.5578424020580093e-02 1.9707648720905752e-09 8.2849318239526219e-12
4.8588008682605932e-02 1.9603640893248476e-09 8.2846029724795950e-12
5.1796318948523025e-02 1.9492408306808937e-09 8.2842726878689623e-12
5.5216476850132042e-02 1.9373006200262971e-09 8.2839416079754639e-12
5.8862470878890641e-02 1.9244372717734492e-09 8.2836103706187833e-12
6.2749213199030152e-02 1.9105314002433074e-09 8.2832799548998748e-12
6.6892600638506328e-02 1.8954479578077775e-09 8.2829465439811665e-12
7.1309579707237766e-02 1.8790374129819857e-09 8.2826137761370019e-12
7.6018215908557660e-02 1.8611305308095146e-09 8.2822779606812663e-12
8.1037767627363505e-02 1.8415404313674653e-09 8.2819427281078425e-12
8.6388764897168249e-02 1.8200571841813532e-09 8.2816064461459921e-12
9.2093093368211448e-02 1.7964486033347878e-09 8.2812697179580383e-12
9.8174083820060667e-02 1.7704565770868901e-09 8.2809306634545421e-12
1.0465660758481135e-01 1.7417979647243072e-09 8.2805923446573120e-12
1.1156717827116693e-01 1.7101607113627963e-09 8.2802537778288880e-12
1.1893406020545222e-01 1.6752039988558283e-09 8.2799128329182818e-12
1.2678738403308534e-01 1.6365596414824543e-09 8.2795732883572975e-12
1.3515926995331942e-01 1.5938307137009913e-09 8.2792304872019386e-12
1.4408395909128630e-01 1.5465964094932143e-09 8.2788887412229216e-12
1.5359795354465519e-01 1.4944155999989079e-09 8.2785476092068380e-12
1.6374016567769920e-01 1.4368336809329612e-09 8.2782038679429173e-12
1.7455207727338454e-01 1.3733970318894754e-09 8.2778587473765281e-12
1.8607790919441641e-01 1.3036684371941173e-09 8.2775139344681821e-12
1.9836480224715750e-01 1.2272516692586707e-09 8.2771686808226819e-12
2.1146300998815512e-01 1.1438267911994306e-09 8.2768233772405546e-12
2.2542610426185811e-01 1.0531957856927120e-09 8.2764779866762856e-12
2.4031119431017547e-01 9.5534891922636192e-10 8.2761307764000301e-12
2.5617916035003790e-01 8.5054958840805530e-10 8.2757830040179941e-12
2.7309490257429747e-01 7.3945129716899676e-10 8.2754348288585148e-12
2.9112760659438236e-01 6.2325103029923655e-10 8.2750877661081945e-12
3.1035102641037088e-01 5.0389502105721389e-10 8.2747396664643905e-12
3.3084378606583603e-01 3.8434552523857620e-10 8.2743915384145369e-12
3.5268970122123300e-01 2.6893887193696871e-10 8.2740442885470586e-12
3.7597812196106861e-01 1.6384507665279084e-10 8.2736947673980005e-12
4.0080429823693958e-01 7.7678428399446572e-11 8.2733462132261773e-12
4.2726976944110545e-01 2.2285586495796400e-11 8.2729994807107965e-12
4.5548277970395790e-01 1.3778192033775723e-11 8.2726529560481645e-12
4.8555872061395916e-01 7.3870155450511944e-11 8.2723056469307357e-12
5.1762060317077652e-01 2.3161491250070368e-10 8.2719599973689839e-12
5.5179956090191540e-01 5.2565448421195781e-10 8.2716156422824967e-12
5.8823538620059501e-01 1.0071329788646767e-09 8.2712715415411847e-12
6.2707710207850231e-01 1.7434585515013473e-09 8.2709307051827052e-12
6.6848357167189865e-01 2.8231651443274485e-09 8.2705904327304972e-12
7.1262414799396678e-01 4.3621524147638300e-09 8.2702540922764553e-12
7.5967936659089486e-01 6.5117704228325071e-09 8.2699200204732420e-12
8.0984168393466960e-01 9.4692117209001045e-09 8.2695904973191872e-12
8.6331626457261468e-01 1.3490724051723704e-08 8.2692635045623622e-12
9.2032182025312703e-01 1.8908849711568701e-08 8.2689449866451425e-12
9.8109150445964699e-01 2.6154127468815618e-08 8.2686293767316288e-12
1.0458738660115159e+00 3.5783257149961224e-08 8.2683209413392035e-12
1.1149338656319649e+00 4.8514622122014189e-08 8.2680203070128036e-12
1.1885539596410084e+00 6.5273946720476241e-08 8.2677282543912496e-12
1.2670352552055610e+00 8.7252060842869858e-08 8.2674458296134632e-12
1.3506987418717709e+00 1.1597900586055059e-07 8.2671764257158556e-12
1.4398866044165439e+00 1.5341498785432723e-07 8.2669206881406717e-12
1.5349636223878500e+00 2.0207030048660991e-07 8.2666814930673489e-12
1.6363186620579404e+00 2.6515008775515646e-07 8.2664590031080509e-12
1.7443662668915914e+00 3.4674169278524321e-07 8.2662582854752814e-12
1.8595483530344064e+00 4.5203887462080443e-07 8.2660814940658571e-12
1.9823360167557491e+00 5.8763446119285867e-07 8.2659341340401718e-12
2.1132314612387719e+00 7.6186617710951531e-07 8.2658173560627768e-12
2.2527700505981350e+00 9.8524631279270084e-07 8.2657377314947622e-12
2.4015224995263820e+00 1.2709855040730745e-06 8.2657007699267186e-12
2.5600972075246462e+00 1.6356183917768008e-06 8.2657117763571979e-12
2.7291427472647301e+00 2.0997453546985946e-06 8.2657799860024266e-12
2.9093505172599872e+00 2.6889099546577898e-06 8.2659118903118375e-12
3.1014575696944684e+00 3.4346019672126817e-06 8.2661176272938298e-12
3.3062496249761906e+00 4.3753830977679739e-06 8.2664090934792229e-12
3.5245642853440895e+00 5.5581367055370831e-06 8.2667965708561651e-12
3.7572944606723553e+00 7.0393923056787311e-06 8.2672946043216146e-12
4.0053920204837326e+00 8.8866036479921364e-06 8.2679178492066378e-12
4.2698716871085702e+00 1.1179466377439596e-05 8.2686809623898057e-12
4.5518151859126954e+00 1.4010826784583411e-05 8.2696028949607102e-12
4.8523756695685938e+00 1.7487262566090303e-05 8.2707019476771595e-12
5.1727824344652253e+00 2.1728969034668635e-05 8.2719938506823093e-12
5.5143459485466657e+00 2.6868654946133444e-05 8.2734975166038175e-12
5.8784632111434769e+00 3.3049004546279302e-05 8.2752250651312684e-12
6.2666234667186194e+00 4.0418682966097391e-05 8.2771895192707370e-12
6.6804142958971733e+00 4.9126002748246817e-05 8.2793983872160298e-12
7.1215281086922824e+00 5.9310636948493616e-05 8.2818496533085521e-12
7.5917690664846935e+00 7.1093023426894761e-05 8.2845330359891394e-12
8.0930604610668748e+00 8.4561684103272286e-05 8.2874292749431923e-12
8.6274525809321165e+00 9.9759469196493756e-05 8.2904967224464543e-12
9.1971310969818258e+00 1.1666973419976489e-04 8.2936889830692460e-12
9.8044260019486860e+00 1.3520385188983688e-04 8.2969399201604877e-12
1.0451821140098014e+01 1.5519284494213645e-04 8.3001674008187790e-12
1.1141964366183961e+01 1.7638427902365761e-04 8.3032788538589776e-12
1.1877678375210792e+01 1.9844738207047135e-04 8.3061805883255998e-12
1.2661972247293107e+01 2.2098703431247890e-04 8.3087764387231142e-12
1.3498053754833682e+01 2.4356578344213577e-04 8.3109868041180065e-12
1.4389342482355392e+01 2.6573344986235818e-04 8.3127486162545289e-12
1.5339483812647542e+01 2.8705895239103916e-04 8.3140329890366483e-12
1.6352363836430122e+01 3.0716023493564332e-04 8.3148531826289390e-12
1.7432125246516716e+01 3.2572598685453387e-04 8.3152526438984990e-12
1.8583184281483373e+01 3.4252625632103325e-04 8.3153136807281079e-12
1.9810248788143344e+01 3.5740937320544869e-04 8.3151364369222394e-12
2.1118337476703346e+01 3.7028857107752666e-04 8.3148299670806120e-12
2.2512800447355286e+01 3.8112367771802718e-04 8.3144972294148121e-12
2.3999341072257451e+01 3.8990447267208116e-04 8.3142093795751368e-12
2.5584039322402727e+01 3.9664332229352245e-04 8.3140048745267258e-12
2.7273376634781116e+01 4.0137815707057977e-04 8.3138966255068028e-12
2.9074262421543484e+01 4.0418167363626129e-04 8.3138623766483602e-12
3.0994062329589489e+01 4.0517145924635645e-04 8.3138735934038938e-12
3.3040628366161684e+01 4.0451143253380584e-04 8.3139037861996593e-12
3.5222331013659904e+01 4.0240268729174907e-04 8.3139330877899616e-12
3.7548093465026007e+01 3.9906405291311928e-04 8.3139532976717491e-12
4.0027428119722131e+01 3.9471143962045013e-04 8.3139687980196231e-12
4.2670475489571153e+01 3.8954046524407342e-04 8.3139809009644027e-12
4.5488045673585788e+01 3.8371905610351455e-04 8.3139927529312108e-12
4.8491662571417535e+01 3.7738725673494274e-04 8.3140041614276079e-12
5.1693611016260085e+01 3.7066158298888844e-04 8.3140178140214361e-12
5.5106987019981027e+01 3.6363878766164262e-04 8.3140285759700695e-12
5.8745751335985148e+01 3.5639984020978106e-04 8.3140388313392514e-12
6.2624786558882150e+01 3.4901137248177018e-04 8.3140479592005819e-12
6.6759957994497199e+01 3.4152804754585187e-04 8.3140562223585422e-12
7.1168178549183480e+01 3.3399416085575379e-04 8.3140637938334364e-12
7.5867477903834867e+01 3.2644548253913042e-04 8.3140668037253566e-12
8.0877076255521359e+01 3.1891096130853554e-04 8.3140696944346256e-12
8.6217462928351594e+01 3.1141366963290427e-04 8.3140683374388805e-12
9.1910480175081872e+01 3.0397205984689871e-04 8.3140671280209212e-12
9.7979412512221430e+01 2.9660074921137767e-04 8.3140643541266929e-12
1.0444908195401560e+02 2.8931121898174110e-04 8.3140505171011501e-12
1.1134594953481539e+02 2.8211267387453788e-04 8.3140348678400186e-12
1.1869822353506106e+02 2.7501289241854183e-04 8.3140129278893424e-12
1.2653597485352553e+02 2.6801704337176387e-04 8.3139813109746955e-12
1.3489125999769166e+02 2.6112714010050064e-04 8.3139358165761538e-12
1.4379825219529565e+02 2.5434538748054017e-04 8.3138713866933898e-12
1.5329338116328444e+02 2.4767939887931857e-04 8.3137811538115206e-12
1.6341548210584418e+02 2.4113110855180899e-04 8.3136541649348358e-12
1.7420595455090367e+02 2.3469845478187070e-04 8.3134770525848899e-12
1.8570893167475592e+02 2.2837901087070702e-04 8.3132348527911171e-12
1.9797146080733816e+02 2.2217525644429656e-04 8.3129131435540187e-12
2.1104369585643917e+02 2.1609666972161105e-04 8.3124961493303761e-12
2.2497910243785134e+02 2.1013085752862902e-04 8.3119749775460056e-12
2.3983467655045271e+02 2.0425664023711416e-04 8.3113431656230699e-12
2.5567117769060303e+02 1.9849608647340151e-04 8.3106092594860889e-12
2.7255337735929459e+02 1.9287698546267883e-04 8.3097837741323751e-12
2.9055032397845582e+02 1.8735322056804421e-04 8.3088909988567115e-12
3.0973562529991801e+02 1.8191691117332742e-04 8.3079636915797672e-12
3.3018774946210294e+02 1.7660647135645037e-04 8.3070314897807026e-12
3.5199034592575595e+02 1.7142344625140673e-04 8.3061208251064549e-12
3.7523258760135661e+02 1.6633260057961603e-04 8.3052575696315719e-12
4.0000953556751267e+02 1.6135024236045868e-04 8.3044585031585616e-12
4.2642252787204001e+02 1.5649479365020434e-04 8.3037365340891760e-12
4.5457959400593052e+02 1.5175496178504002e-04 8.3030917605158511e-12
4.8459589674541189e+02 1.4711001635695322e-04 8.3025273604342225e-12
5.1659420316923911e+02 1.4255939122142567e-04 8.3020398964289591e-12
5.5070538677768491e+02 1.3811749579914837e-04 8.3016202153156606e-12
5.8706896276690213e+02 1.3378199246263502e-04 8.3012641691847362e-12
6.2583365864793802e+02 1.2954574674815846e-04 8.3009593591530227e-12
6.6715802254423886e+02 1.2540477392714838e-04 8.3007099316974375e-12
7.1121107165559067e+02 1.2135937657406561e-04 8.3004978806486666e-12
7.5817298354072182e+02 1.1741106561613463e-04 8.3003212629155410e-12
8.0823583304592250e+02 1.1355788382297401e-04 8.3001746784993242e-12
8.6160437789372941e+02 1.0979765448607235e-04 8.3000531492466353e-12
9.1849689614474289e+02 1.0612869554325827e-04 8.2999486591615722e-12
9.7914607895780796e+02 1.0255014445781862e-04 8.2998645691192321e-12
1.0437999822999591e+03 9.9061030157420254e-05 8.2997964619437903e-12
1.1127230414986352e+03 9.5659852602237238e-05 8.2997351485045111e-12
1.1861971527856979e+03 9.2345303593407627e-05 8.2996861734818218e-12
1.2645228262567816e+03 8.9116001251191105e-05 8.2996435228740634e-12
1.3480204149615950e+03 8.5970750334947012e-05 8.2996111384032831e-12
1.4370314251521681e+03 8.2908164749393747e-05 8.2995758854462019e-12
1.5319199130479824e+03 7.9927068951902939e-05 8.2995497288688376e-12
1.6330739738307643e+03 7.7026095869559908e-05 8.2995269359476309e-12
1.7409073289589592e+03 7.4203949402153405e-05 8.2995079880464955e-12
1.8558610182940160e+03 7.1459307279654136e-05 8.2994882765556481e-12
1.9784052039593071e+03 6.8790928575498148e-05 8.2994734276569093e-12
2.1090410933094859e+03 6.6197462204107483e-05 8.2994566519125170e-12
2.2483029888752567e+03 6.3677654598418284e-05 8.2994431016098112e-12
2.3967604736678541e+03 6.1230191382427086e-05 8.2994294771780659e-12
2.5550207407811608e+03 5.8853704203739802e-05 8.2994036139462777e-12
2.7237310768195639e+03 5.6547163189855623e-05 8.2994032438907875e-12
2.9035815093088036e+03 5.4309042721579175e-05 8.2993920235444725e-12
3.0953076289177634e+03 5.2138002544690005e-05 8.2993595412159575e-12
3.2996935980341195e+03 5.0033030170706828e-05 8.2993470357775915e-12
3.5175753579989732e+03 4.7992836657993907e-05 8.2993542929098475e-12
3.7498440481180887e+03 4.6015932427525903e-05 8.2993419271666562e-12
3.9974496504335470e+03 4.4101166508009410e-05 8.2993281543826384e-12
4.2614048751629743e+03 4.2247287545515688e-05 8.2993141861421217e-12
4.5427893026978472e+03 4.0453057201366894e-05 8.2993013791955873e-12
4.8427537991017089e+03 3.8717144501271180e-05 8.2992700991464870e-12
5.1625252231676868e+03 3.7038506110509357e-05 8.2992630269713556e-12
5.5034114442873888e+03 3.5415815819812061e-05 8.2992598503228951e-12
5.8668066916541275e+03 3.3847684928330438e-05 8.2992187409875339e-12
6.2541972566789354e+03 3.2333241830713607e-05 8.2992234023027083e-12
6.6671675719422728e+03 3.0871003850872227e-05 8.2992054481319612e-12
7.1074066915444200e+03 2.9459879255908211e-05 8.2991895372604901e-12
7.5767151993592906e+03 2.8098573433600609e-05 8.2991450816515385e-12
8.0770125734465046e+03 2.6786150117682405e-05 8.2991450123998855e-12
8.6103450367422611e+03 2.5521226038687423e-05 8.2991232148639131e-12
9.1788939261384585e+03 2.4302703871114323e-05 8.2990988652512780e-12
9.7849846141796934e+03 2.3129446222132058e-05 8.2990746866546804e-12
1.0431096019867986e+04 2.2000310617975422e-05 8.2990498455820257e-12
1.1119870747474592e+04 2.0914162944253427e-05 8.2990214388775457e-12
1.1854125894826731e+04 1.9869894387584395e-05 8.2989920861243679e-12
1.2636864575275293e+04 1.8866403176407931e-05 8.2989624577099148e-12
1.3471288200468514e+04 1.7902587827927778e-05 8.2989293472459204e-12
1.4360809574168345e+04 1.6977374317368978e-05 8.2988950726139984e-12
1.5309066850663374e+04 1.6089690067102328e-05 8.2988578125458948e-12
1.6319938414868422e+04 1.5238481673063660e-05 8.2988182244568285e-12
1.7397558744970593e+04 1.4422703504203966e-05 8.2987757570159108e-12
1.8546335322500239e+04 1.3641329218381083e-05 8.2987309639807537e-12
1.9770966658989229e+04 1.2893337902699761e-05 8.2986821085217923e-12
2.1076461512945807e+04 1.2177729599470956e-05 8.2986305672163242e-12
2.2468159375743751e+04 1.1493515548378870e-05 8.2985761974826101e-12
2.3951752310213313e+04 1.0839721528398451e-05 8.2985195807821595e-12
2.5533308231254185e+04 1.0215375428857415e-05 8.2984521127166592e-12
2.7219295723688392e+04 9.6195431791120260e-06 8.2983822612038848e-12
2.9016610498858528e+04 9.0512926393846268e-06 8.2983098237953042e-12
3.0932603598179194e+04 8.5097022004629318e-06 8.2982288246373031e-12
3.2975111458994441e+04 7.9938744925670030e-06 8.2981429291214836e-12
3.5152487965711123e+04 7.5029229735733625e-06 8.2980509910536078e-12
3.7473638617297554e+04 7.0359641838186296e-06 8.2979358569682992e-12
3.9948056950893166e+04 6.5921766124912304e-06 8.2978395843520498e-12
4.2585863370502069e+04 6.1706923520092702e-06 8.2977216699546899e-12
4.5397846539580496e+04 5.7706974507570649e-06 8.2975925971191459e-12
4.8395507506814291e+04 5.3913869410926727e-06 8.2974526279063947e-12
5.1591106745561534e+04 5.0319712651831579e-06 8.2973001144556810e-12
5.4997714299352156e+04 4.6916690756942765e-06 8.2971183710730210e-12
5.8629263238540392e+04 4.3697398201895498e-06 8.2969338920790207e-12
6.2500606646748500e+04 4.0654480578035948e-06 8.2967553137210870e-12
6.6627578370176911e+04 3.7780515898724616e-06 8.2965380959306056e-12
7.1027057778246570e+04 3.5068577053150510e-06 8.2963042225178278e-12
7.5717038800445007e+04 3.2511757393520058e-06 8.2960457868904377e-12
8.0716703521738149e+04 3.0103370969983813e-06 8.2957601416416290e-12
8.6046500637553807e+04 2.7836897364625221e-06 8.2954481102736178e-12
9.1728229089218745e+04 2.5705997108981476e-06 8.2951070798067143e-12
9.7785127221919727e+04 2.3704488021155654e-06 8.2947313831286406e-12
1.0424196782984537e+05 2.1826391297935013e-06 8.2943192757915062e-12
1.1112515947724496e+05 2.0065882815411072e-06 8.2938653248230050e-12
1.1846285450980865e+05 1.8417325450644525e-06 8.2933632016779528e-12
1.2628506419813698e+05 1.6875274128157885e-06 8.2928126240999826e-12
1.3462378148423819e+05 1.5434451323802851e-06 8.2922065185513543e-12
1.4351311183308787e+05 1.4089754329198035e-06 8.2915350188985312e-12
1.5298941272443588e+05 1.2836273716081580e-06 8.2907959401428492e-12
1.6309144235538368e+05 1.1669265331775756e-06 8.2899795559440091e-12
1.7386051816192770e+05 1.0584145434812399e-06 8.2890587580113370e-12
1.8534068580782393e+05 9.5765927026411230e-07 8.2880820986901651e-12
1.9757889933194037e+05 8.6423346642309548e-07 8.2869837769701997e-12
2.1062521319090269e+05 7.7773551250169121e-07 8.2857686034852380e-12
2.2453298698248970e+05 6.9777975639106374e-07 8.2844269548159804e-12
2.3935910368710035e+05 6.2399751398931157e-07 8.2829463625602019e-12
2.5516420231990254e+05 5.5603658100712152e-07 8.2813135584834222e-12
2.7201292594521458e+05 4.9356179251979757e-07 8.2795114209624613e-12
2.8997418606750062e+05 4.3625398648425140e-07 8.2775263684839983e-12
3.0912144448034361e+05 3.8380974129210599e-07 8.2753431721925591e-12
3.2953301372616139e+05 3.3594150228316706e-07 8.2729444549260748e-12
3.5129237739555014e+05 2.9237643560311177e-07 8.2703023697746292e-12
3.7448853157628403e+05 2.5285716911085592e-07 8.2674331870941898e-12
3.9921634884850174e+05 2.1713856615586191e-07 8.2642936321588267e-12
4.2557696631482540e+05 1.8498930035800951e-07 8.2608776248671205e-12
4.5367819925245969e+05 1.5619021296706871e-07 8.2571817310243709e-12
4.8363498207911447e+05 1.3053308773536665e-07 8.2531991350453120e-12
5.1556983843630715e+05 1.0781993403344526e-07 8.2489387841291040e-12
5.4961338231269107e+05 8.7861397178480873e-08 8.2444053118789717e-12
5.8590485225701251e+05 7.0475768654307641e-08 8.2396297827141111e-12
6.2459268086563272e+05 5.5487272300904266e-08 8.2346526037320412e-12
6.6583510187382810e+05 4.2724559419174598e-08 8.2295273205183222e-12
7.0980079733387893e+05 3.2019216142572513e-08 8.2243356662263889e-12
7.5666958752691385e+05 2.3204077437249298e-08 8.2191820591450468e-12
8.0663316643025994e+05 1.6111702337901712e-08 8.2141915989595549e-12
8.5989588574836752e+05 1.0573188565271833e-08 8.2095198991220179e-12
9.1667559071400831e+05 6.4170846057517807e-09 8.2053492482383609e-12
9.7720451107818470e+05 3.4689019079681465e-09 8.2018738538276416e-12
1.0417302109329102e+06 1.5512677438280811e-09 8.1993001803073416e-12
1.1105166012516497e+06 4.8491310850151055e-10 8.1978211524261245e-12
1.1838450192887220e+06 9.0692300332089695e-11 8.1976044196869986e-12
1.2620153792524247e+06 1.9273440186841212e-10 8.1987641371092824e-12
1.3453473989581487e+06 6.2277295227535106e-10 8.2013241166211362e-12
1.4341819074785085e+06 1.2255380975479024e-09 8.2051858714224153e-12
1.5288822391387990e+06 1.8649029621732582e-09 8.2101283543070339e-12
1.6298357195592327e+06 2.4302034785607040e-09 8.2157642439942852e-12
1.7374552498218960e+06 2.8419291255349320e-09 8.2215805806554311e-12
1.8521809952416846e+06 3.0557179029595815e-09 8.2269665110180042e-12
1.9744821856483156e+06 3.0635417649291597e-09 8.2313031610294030e-12
2.1048590345425922e+06 2.8910425448977419e-09 8.2340625933868651e-12
2.2438447849762966e+06 2.5904971493325724e-09 8.2349366568014992e-12
2.3920078905233890e+06 2.2296617666887110e-09 8.2339320730708139e-12
2.5499543402627092e+06 1.8778690323631043e-09 8.2314265055157371e-12
2.7183301372813964e+06 1.5918706045472130e-09 8.2281059654617851e-12
2.8978239408361376e+06 1.4046904648272236e-09 8.2247967789484118e-12
3.0891698829787136e+06 1.3206634359888925e-09 8.2222954145720309e-12
3.2931505711658909e+06 1.3184770136676286e-09 8.2209951281853290e-12
3.5106002891343613e+06 1.3616279984555034e-09 8.2208643151649783e-12
3.7424084091323591e+06 1.4127458708084238e-09 8.2214325153279264e-12
3.9895230294640241e+06 1.4463090433687437e-09 8.2220398143958296e-12
4.2529548522241162e+06 1.4545756727909418e-09 8.2221781479818188e-12
4.5337813170830728e+06 1.4446823650195363e-09 8.2217570051541589e-12
4.8331510080296379e+06 1.4295305576028189e-09 8.2209904086548036e-12
5.1522883510946995e+06 1.4185078963075032e-09 8.2202667942213056e-12
5.4924986222701017e+06 1.4135010872970093e-09 8.2197684237761731e-12
5.8551732861048644e+06 1.4112848659898945e-09 8.2194391901645054e-12
6.2417956868137596e+06 1.4084859664928073e-09 8.2191134531839495e-12
6.6539471151749426e+06 1.4043205621452176e-09 8.2187172364623003e-12
7.0933132760303374e+06 1.3997447998263473e-09 8.2182955110355539e-12
7.5616911828409359e+06 1.3954764551713575e-09 8.2179050861378642e-12
8.0609965074958289e+06 1.3914200494674586e-09 8.2175416574868516e-12
8.5932714154358022e+06 1.3873238597599482e-09 8.2172009941543776e-12
9.1606929181372356e+06 1.3831805474933842e-09 8.2168719198430053e-12
9.7655817771180961e+06 1.3790529946678962e-09 8.2165688158010449e-12
1.0410411995883515e+07 1.3749387123362307e-09 8.2162968963476695e-12
1.1097820938633135e+07 1.3708262235757734e-09 8.2160596855279714e-12
1.1830620117115885e+07 1.3667198094945554e-09 8.2158668454574266e-12
1.2611806689750547e+07 1.3626224854374340e-09 8.2157289922334429e-12
1.3444575720043689e+07 1.3585350555840178e-09 8.2156531425630354e-12
1.4332333244442040e+07 1.3544623102873152e-09 8.2156581880132703e-12
1.5278710203067008e+07 1.3504098937091821e-09 8.2157603980365902e-12
1.6287577290308235e+07 1.3463862658224069e-09 8.2159802998921883e-12
1.7363060786015294e+07 1.3424049141227265e-09 8.2163453654222611e-12
1.8509559432037346e+07 1.3384835599878180e-09 8.2168820333922231e-12
1.9731762423135988e+07 1.3346475723530530e-09 8.2176219475194087e-12
2.1034668585854430e+07 1.3309298654553083e-09 8.2185969753602747e-12
2.2423606823784720e+07 1.3273673606021064e-09 8.2198219405974823e-12
2.3904257912854597e+07 1.3239940913467796e-09 8.2212962473082028e-12
2.5482677735776797e+07 1.3208203371227487e-09 8.2229694611640142e-12
2.7165322050690193e+07 1.3178065447583527e-09 8.2247232990665747e-12
2.8959072895296711e+07 1.3148417929712422e-09 8.2263735151647060e-12
3.0871266734487381e+07 1.3117520308891589e-09 8.2276777134424094e-12
3.2909724466581766e+07 1.3083726889001410e-09 8.2284131665391277e-12
3.5082783410905935e+07 1.3046354739726452e-09 8.2284695905024905e-12
3.7399331407540530e+07 1.3005920634348158e-09 8.2278826055553960e-12
3.9868843168704815e+07 1.2963696777650316e-09 8.2268066188687186e-12
4.2501419030456178e+07 1.2920918251238784e-09 8.2254337515907727e-12
4.5307826263199419e+07 1.2878372278659040e-09 8.2239404958204552e-12
4.8299543109966360e+07 1.2836401835990795e-09 8.2224483817643800e-12
5.1488805732583046e+07 1.2795063680405425e-09 8.2210233021898180e-12
5.4888658257734880e+07 1.2754295705136926e-09 8.2197012240259606e-12
5.8513006127618827e+07 1.2713992735015253e-09 8.2184892046068713e-12
6.2376672973387584e+07 1.2674058445131015e-09 8.2173820831259043e-12
6.6495461243998788e+07 1.2634417216253275e-09 8.2163694709300409e-12
7.0886216838442117e+07 1.2595011231350191e-09 8.2154383426809899e-12
7.5566898005691007e+07 1.2555794872325681e-09 8.2145737722336766e-12
8.0556648794180512e+07 1.2516744942627308e-09 8.2137691754628968e-12
8.5875877351220965e+07 1.2477830977240599e-09 8.2130092593078728e-12
9.1546339392592743e+07 1.2439043891330598e-09 8.2122904737354604e-12
9.7591227183714151e+07 1.2400367610376505e-09 8.2116035321734709e-12
1.0403526439631645e+08 1.2361789307194171e-09 8.2109406453899610e-12
1.1090480722859125e+08 1.2323304969215319e-09 8.2102994463653312e-12
1.1822795220239267e+08 1.2284908873554031e-09 8.2096762651613681e-12
1.2603465107838677e+08 1.2246592497443796e-09 8.2090655012455031e-12
1.3435683335915235e+08 1.2208355634044849e-09 8.2084670360177965e-12
1.4322853688127249e+08 1.2170191521843122e-09 8.2078763439848382e-12
1.5268604703054059e+08 1.2132099147161206e-09 8.2072927355049824e-12
1.6276804514967218e+08 1.2094077868859524e-09 8.2067157560086941e-12
1.7351576674551308e+08 1.2056120757387674e-09 8.2061407587272628e-12
1.8497317014281255e+08 1.2018232540200034e-09 8.2055708845536338e-12
1.9718711627435806e+08 1.1980410915892421e-09 8.2050046062177407e-12
2.1020756034281582e+08 1.1942645602394589e-09 8.2044348829904080e-12
2.2408775613817620e+08 1.1904947453085235e-09 8.2038691239651386e-12
2.3888447384646565e+08 1.1867309959080457e-09 8.2033028682484137e-12
2.5465823224056482e+08 1.1829736091385458e-09 8.2027381363438769e-12
2.7147354620279741e+08 1.1792222781325583e-09 8.2021727621117938e-12
2.8939919059165984e+08 1.1754769956948049e-09 8.2016067683813571e-12
3.0850848153191000e+08 1.1717376566265284e-09 8.2010393975833713e-12
3.2887957627849621e+08 1.1680045105687271e-09 8.2004723411015798e-12
3.5059579288077271e+08 1.1642771712553060e-09 8.1999029164315522e-12
3.7374595095443344e+08 1.1605556808633335e-09 8.1993313895924749e-12
3.9842473495492524e+08 1.1568405420568835e-09 8.1987612830919505e-12
4.2473308143813461e+08 1.1531311314641622e-09 8.1981882135501385e-12
4.5277859189224780e+08 1.1494276165563118e-09 8.1976133699561024e-12
4.8267597282927352e+08 1.1457301826264913e-09 8.1970380189173323e-12
5.1454750493620783e+08 1.1420383551960761e-09 8.1964587823458615e-12
5.4852354320467556e+08 1.1383529777215766e-09 8.1958816740931142e-12
5.8474305008458567e+08 1.1346728723742318e-09 8.1952982653719463e-12
6.2335416384240568e+08 1.1309991111628775e-09 8.1947162466940336e-12
6.6451480444864857e+08 1.1273310273473673e-09 8.1941307626519290e-12
7.0839331947265935e+08 1.1236692585116247e-09 8.1935464743480613e-12
7.5516917262641990e+08 1.1200130817453557e-09 8.1929581093079625e-12
8.0503367777352631e+08 1.1163625963517030e-09 8.1923663510210370e-12
8.5819078140544391e+08 1.1127181889071113e-09 8.1917740034510438e-12
9.1485789678537858e+08 1.1090798433885966e-09 8.1911809790685787e-12
9.7526679317142463e+08 1.1054472513932314e-09 8.1905850067010496e-12
1.0396645437559234e+09 1.1018206420492688e-09 8.1899877159434626e-12
1.1083145361981170e+09 1.0981998761063565e-09 8.1893881214105348e-12
1.1814975498831892e+09 1.0945849420390569e-09 8.1887861114108128e-12
1.2595129043136978e+09 1.0909759733704133e-09 8.1881826637309290e-12
1.3426796833303339e+09 1.0873727792168754e-09 8.1875762852027046e-12
1.4313380401690893e+09 1.0837755865328038e-09 8.1869687361458147e-12
1.5258505886925297e+09 1.0801844718265272e-09 8.1863605671189444e-12
1.6266038864853323e+09 1.0765990572672957e-09 8.1857489386301873e-12
1.7340100158799653e+09 1.0730193182745031e-09 8.1851336404526619e-12
1.8485082693789268e+09 1.0694457941230982e-09 8.1845186684662098e-12
1.9705669463669412e+09 1.0658780238561662e-09 8.1839006188651680e-12
2.1006852684616938e+09 1.0623163149355808e-09 8.1832818136244487e-12
2.2393954213369069e+09 1.0587604876614184e-09 8.1826608284568151e-12
2.3872647313688483e+09 1.0552102544163316e-09 8.1820354537773428e-12
2.5448979860087810e+09 1.0516662309043308e-09 8.1814103990074376e-12
2.7129399073717084e+09 1.0481279328819261e-09 8.1807819492730651e-12
2.8920777891584291e+09 1.0445956782085976e-09 8.1801525382079574e-12
3.0830443076959438e+09 1.0410692826040362e-09 8.1795207177457148e-12
3.2866205185934105e+09 1.0375484949021098e-09 8.1788845435852048e-12
3.5036390512700095e+09 1.0340339638019490e-09 8.1782490345584396e-12
3.7349875144203768e+09 1.0305250252357533e-09 8.1776090066738117e-12
3.9816121263460116e+09 1.0270220818953721e-09 8.1769675967925638e-12
4.2445215850007548e+09 1.0235252575376197e-09 8.1763257596938263e-12
4.5247911935788813e+09 1.0200341061465658e-09 8.1756799841805490e-12
4.8235672585195160e+09 1.0165491458307795e-09 8.1750343783304196e-12
5.1420717779152613e+09 1.0130697175502363e-09 8.1743836332166555e-12
5.4816074395007086e+09 1.0095963893685462e-09 8.1737323093758308e-12
5.8435629486626539e+09 1.0061289305596474e-09 8.1730785504841746e-12
6.2294187082636585e+09 1.0026672532988345e-09 8.1724216063039044e-12
6.6407528735095177e+09 9.9921147201631379e-10 8.1717624047803806e-12
7.0792478066251078e+09 9.9576184110154092e-10 8.1711030117314530e-12
7.5466969577383375e+09 9.9231759470930069e-10 8.1704371333148587e-12
8.0450122001151037e+09 9.8887985136246775e-10 8.1697739592143264e-12
8.5762316497464600e+09 9.8544759047980339e-10 8.1691050464962096e-12
9.1425280012702236e+09 9.8202155727316582e-10 8.1684365748426635e-12
9.7462174143210258e+09 9.7860107878376239e-10 8.1677629556553503e-12
1.0389768986654140e+10 9.7518672473697870e-10 8.1670888648138361e-12
1.1075814852788239e+10 9.7177816902944360e-10 8.1664116194883452e-12
1.1807160949470703e+10 9.6837546502667294e-10 8.1657315899244335e-12
1.2586798491996361e+10 9.6497887093175779e-10 8.1650509472398538e-12
1.3417916208317963e+10 9.6158804296635213e-10 8.1643668810859980e-12
1.4303913380986061e+10 9.5820324117859094e-10 8.1636814647290008e-12
1.5248413750259995e+10 9.5482376209508349e-10 8.1629887781655199e-12
1.6255280335253918e+10 9.5145087742224036e-10 8.1622995803233138e-12
1.7328631233736515e+10 9.4808350957507176e-10 8.1616046570050967e-12
1.8472856465205841e+10 9.4472214840870766e-10 8.1609082338193343e-12
1.9692635926127640e+10 9.4136679724985136e-10 8.1602103111702690e-12
2.0992958530774349e+10 9.3801719759561630e-10 8.1595086431216586e-12
2.2379142615951035e+10 9.3467352870816065e-10 8.1588047770150684e-12
2.3856857693063915e+10 9.3133576103004329e-10 8.1580983790107750e-12
2.5432147636497650e+10 9.2800378294025049e-10 8.1573885433535850e-12
2.7111455403142231e+10 9.2467794585983491e-10 8.1566782804838796e-12
2.8901649384172646e+10 9.2135799929309217e-10 8.1559653823559191e-12
3.0810051496860428e+10 9.1804353556053573e-10 8.1552462913249287e-12
3.2844467131313011e+10 9.1473532453898034e-10 8.1545276953479607e-12
3.5013217074623436e+10 9.1143310529209888e-10 8.1538073467773250e-12
3.7325171543000572e+10 9.0813671356326614e-10 8.1530838169633777e-12
3.9789786461071808e+10 9.0484606119765336e-10 8.1523562152017933e-12
4.2417142136740929e+10 9.0156127736709792e-10 8.1516256633558864e-12
4.5217984489782013e+10 8.9828269371763693e-10 8.1508952009028696e-12
4.8203769002794624e+10 8.9500962997506898e-10 8.1501586358535815e-12
5.1386707574280602e+10 8.9174257066221499e-10 8.1494203436022156e-12
5.4779818465471825e+10 8.8848153917507289e-10 8.1486805282052189e-12
5.8396979545192406e+10 8.8522645387048992e-10 8.1479384133496155e-12
6.2252985050527367e+10 8.8197716626696408e-10 8.1471926304967990e-12
6.6363606095449722e+10 8.7873397368089409e-10 8.1464459326828503e-12
7.0745655174887115e+10 8.7549618881879396e-10 8.1456919401603571e-12
7.5417054928050400e+10 8.7226475573912096e-10 8.1449393332696665e-12
8.0396911442267181e+10 8.6903904757077096e-10 8.1441823199006014e-12
8.5705592397133987e+10 8.6581932695165542e-10 8.1434233313542415e-12
9.1364810368597549e+10 8.6260536109309094e-10 8.1426601201392949e-12
9.7397711633680176e+10 8.5939740202376949e-10 8.1418950885663225e-12
1.0382897083906174e+11 8.5619526649147137e-10 8.1411265145612946e-12
1.1068489192071373e+11 8.5299931401754425e-10 8.1403576718436817e-12
1.1799351568734848e+11 8.4980905858856459e-10 8.1395840691312718e-12
1.2578473450770097e+11 8.4662475363574064e-10 8.1388078567839817e-12
1.3409041457071582e+11 8.4344615217150724e-10 8.1380272110955041e-12
1.4294452621868536e+11 8.4027357643214405e-10 8.1372446078229649e-12
1.5238328288640286e+11 8.3710706817304919e-10 8.1364606764106081e-12
1.6244528921459415e+11 8.3394612913946460e-10 8.1356705458496719e-12
1.7317169894341330e+11 8.3079129518618033e-10 8.1348794333379469e-12
1.8460638323178900e+11 8.2764233480207006e-10 8.1340850936440828e-12
1.9679611009105011e+11 8.2449915604402090e-10 8.1332865213124062e-12
2.0979073566671597e+11 8.2136221850581249e-10 8.1324882025484308e-12
2.2364340815079697e+11 8.1823091110907001e-10 8.1316841762414050e-12
2.3841078515860901e+11 8.1510552913454288e-10 8.1308773164214636e-12
2.5415326545917636e+11 8.1198597926618707e-10 8.1300667064250091e-12
2.7093523600700278e+11 8.0887240278653818e-10 8.1292536630500238e-12
2.8882533528557477e+11 8.0576508246934548e-10 8.1284410050502917e-12
3.0789673403967480e+11 8.0266322965814891e-10 8.1276208518549026e-12
3.2822743454470428e+11 7.9956755785097624e-10 8.1268003867274653e-12
3.4990058963703040e+11 7.9647759374614470e-10 8.1259748039421892e-12
3.7300484281019666e+11 7.9339362534298921e-10 8.1251468534873387e-12
3.9763469076799445e+11 7.9031513952988759e-10 8.1243114942921672e-12
4.2389086991724255e+11 7.8724298330541073e-10 8.1234772209138878e-12
4.5188076838103522e+11 7.8417696670393530e-10 8.1226420586947945e-12
4.8171886521759857e+11 7.8111641918298726e-10 8.1217992254366293e-12
5.1352719864116876e+11 7.7806194731899224e-10 8.1209548571157328e-12
5.4743586515990613e+11 7.7501319156372977e-10 8.1201052022125170e-12
5.8358355167237280e+11 7.7197051149552484e-10 8.1192540184699358e-12
6.2211810269876575e+11 7.6893390459623109e-10 8.1184012160191568e-12
6.6319712506701477e+11 7.6590296373228180e-10 8.1175426374125504e-12
7.0698863252677148e+11 7.6287796677637015e-10 8.1166810029809944e-12
7.5367173292793042e+11 7.5985885674962489e-10 8.1158158323645611e-12
8.0343736077407983e+11 7.5684553173128155e-10 8.1149458981067422e-12
8.5648905814721729e+11 7.5383853653632198e-10 8.1140770717988082e-12
9.1304380719753003e+11 7.5083694703909627e-10 8.1131994726792942e-12
9.7333291760333936e+11 7.4784160299810782e-10 8.1123219577155330e-12
1.0376029726307136e+12 7.4485222347609028e-10 8.1114416063116209e-12
1.1061168376623787e+12 7.4186828387124821e-10 8.1105527124075145e-12
1.1791547353205747e+12 7.3889067369116155e-10 8.1096648124748889e-12
1.2570153915813923e+12 7.3591883579079258e-10 8.1087718901091981e-12
1.3400172575679243e+12 7.3295284367515382e-10 8.1078747184927965e-12
1.4284998120196895e+12 7.2999283956595632e-10 8.1069748190316133e-12
1.5228249497651226e+12 7.2703868137332425e-10 8.1060706564089889e-12
1.6233784618763418e+12 7.2409068935757752e-10 8.1051655769781315e-12
1.7305716135596858e+12 7.2114833390089448e-10 8.1042538784782789e-12
1.8448428262359990e+12 7.1821203781312123e-10 8.1033402336237180e-12
1.9666594706899824e+12 7.1528143915785025e-10 8.1024204275999938e-12
2.0965197786230579e+12 7.1235691720465566e-10 8.1014988041733482e-12
2.2349548804275508e+12 7.0943833213858623e-10 8.1005738363159349e-12
2.3825309775172148e+12 7.0652541965746969e-10 8.0996422078733426e-12
2.5398516580984277e+12 7.0361851543690708e-10 8.0987080073188557e-12
2.7075603658541626e+12 7.0071766669005777e-10 8.0977716338521188e-12
2.8863430316370747e+12 6.9782270632472079e-10 8.0968311403903643e-12
3.0769308789360151e+12 6.9493357373667052e-10 8.0958859960300127e-12
3.2801034145896748e+12 6.9205015169913770e-10 8.0949343719545446e-12
3.4966916169801504e+12 6.8917273214643926e-10 8.0939800172350834e-12
3.7275813347454106e+12 6.8630150987754222e-10 8.0930250480510876e-12
3.9737169099122671e+12 6.8343599267606907e-10 8.0920637632874290e-12
4.2361050402676279e+12 6.8057663167340336e-10 8.0911014266406462e-12
4.5158188967661357e+12 6.7772284109965116e-10 8.0901309638850030e-12
4.8140025128134180e+12 6.7487516570391170e-10 8.0891588600797955e-12
5.1318754633782783e+12 6.7203302252132076e-10 8.0881780556760387e-12
5.4707378530702773e+12 6.6919729172086898e-10 8.0871993060897781e-12
5.8319756335852705e+12 6.6636714700791698e-10 8.0862123447845445e-12
6.2170662722659824e+12 6.6354313561532846e-10 8.0852240699647655e-12
6.6275847949635332e+12 6.6072516811483506e-10 8.0842333372591055e-12
7.0652102279137871e+12 6.5791260746391129e-10 8.0832321289102169e-12
7.5317324649774854e+12 6.5510621540319504e-10 8.0822295873666762e-12
8.0290595883295742e+12 6.5230534330554299e-10 8.0812181235923606e-12
8.5592256725412383e+12 6.4951103491599177e-10 8.0802103160652043e-12
9.1243991039715332e+12 6.4672266265570293e-10 8.0791988092680925e-12
9.7268914494970723e+12 6.4393996708427170e-10 8.0781797953896092e-12
1.0369166910850818e+13 6.4116290949707535e-10 8.0771529162861238e-12
1.1053852403240674e+13 6.3839201780973090e-10 8.0761248956252971e-12
1.1783748299467080e+13 6.3562702997173453e-10 8.0750923012193807e-12
1.2561839883485832e+13 6.3286782935794216e-10 8.0740536278047101e-12
1.3391309560258561e+13 6.3011459413151082e-10 8.0730110060697891e-12
1.4275549871832281e+13 6.2736708947527068e-10 8.0719616937754958e-12
1.5218177372880785e+13 6.2462588059632039e-10 8.0709125649589727e-12
1.6223047422462434e+13 6.2189041516440700e-10 8.0698571461753278e-12
1.7294269952489180e+13 6.1916124110751150e-10 8.0688017538271715e-12
1.8436226277403961e+13 6.1643752519983001e-10 8.0677353067778281e-12
1.9653587013814145e+13 6.1371914554021340e-10 8.0666571354162664e-12
2.0951331183376953e+13 6.1100822431248728e-10 8.0655943463691107e-12
2.2334766577063219e+13 6.0830249513637118e-10 8.0645173288644183e-12
2.3809551464094637e+13 6.0560245554760963e-10 8.0634327528360260e-12
2.5381717734338957e+13 6.0290847866494847e-10 8.0623450067927723e-12
2.7057695568821539e+13 6.0021902706863987e-10 8.0612341774106304e-12
2.8844339739249969e+13 5.9753789997740881e-10 8.0601503544553373e-12
3.0748957644123504e+13 5.9486189259200994e-10 8.0590517222306335e-12
3.2779339196088637e+13 5.9219064273908810e-10 8.0579317971907161e-12
3.4943788682787711e+13 5.8952666401470843e-10 8.0568251886590583e-12
3.7251158731504117e+13 5.8686759922411050e-10 8.0557003418389104e-12
3.9710886516528250e+13 5.8421498992257754e-10 8.0545777582565502e-12
4.2333032357323898e+13 5.8156804304364203e-10 8.0534460343979046e-12
4.5128320865371625e+13 5.7892710444137713e-10 8.0523108648576454e-12
4.8108184807970172e+13 5.7629250661344440e-10 8.0511775056386384e-12
5.1284811868410125e+13 5.7366461416833456e-10 8.0500487955729776e-12
5.4671194493758156e+13 5.7104002776837730e-10 8.0488777439422081e-12
5.8281183034142156e+13 5.6842316288036449e-10 8.0477285779724675e-12
6.2129542390864617e+13 5.6581102966290733e-10 8.0465553835909284e-12
6.6232012405049703e+13 5.6320702950789026e-10 8.0454098463362204e-12
7.0605372233799500e+13 5.6060770959528971e-10 8.0442406396121035e-12
7.5267508977174719e+13 5.5801341170321473e-10 8.0430527779975742e-12
8.0237490836668141e+13 5.5542526906175440e-10 8.0418637385533765e-12
8.5535645104407953e+13 5.5284456798891746e-10 8.0406912577275201e-12
9.1183641302048719e+13 5.5026780884571254e-10 8.0394838366084368e-12
9.7204579809409531e+13 5.4769802310826138e-10 8.0382869581102494e-12
1.0362308634532997e+14 5.4513399253567486e-10 8.0370816663325027e-12
1.1046541268719492e+14 5.4257758222222958e-10 8.0358962628114702e-12
1.1775954404104780e+14 5.4002397461425775e-10 8.0346585100428915e-12
1.2553531350146378e+14 5.3747917479124488e-10 8.0334580812156860e-12
1.3382452406929722e+14 5.3493893459146131e-10 8.0322317452280025e-12
1.4266107872638747e+14 5.3240472490666921e-10 8.0310015558514030e-12
1.5208111909919859e+14 5.2987620035156806e-10 8.0297614862607303e-12
1.6212317327856288e+14 5.2735321614181861e-10 8.0285101392208250e-12
1.7282831340007684e+14 5.2483520219286391e-10 8.0272373052591611e-12
1.8424032362969428e+14 5.2232439501810300e-10 8.0259794289655816e-12
1.9640587924153816e+14 5.1981975618111725e-10 8.0247190481272102e-12
2.0937473752040650e+14 5.1732317921497285e-10 8.0234860016858566e-12
2.2319994126971859e+14 5.1482870746307461e-10 8.0221860224951431e-12
2.3793803575730216e+14 5.1234106063133069e-10 8.0208953738488886e-12
2.5364929998627916e+14 5.0986027673809302e-10 8.0196125558080449e-12
2.7039799323700800e+14 5.0738439929083512e-10 8.0183092588356686e-12
2.8825261788838169e+14 5.0491792609423588e-10 8.0170534043388729e-12
3.0728619959348881e+14 5.0245215099983411e-10 8.0157068282434909e-12
3.2757658595549062e+14 4.9999445130427473e-10 8.0143903083288084e-12
3.4920676492537662e+14 4.9754560620397396e-10 8.0131162542226495e-12
3.7226520422377056e+14 4.9509965870304926e-10 8.0117835888586337e-12
3.9684621317511062e+14 4.9266060872954949e-10 8.0104616937261888e-12
4.2305032843402450e+14 4.9022668308493346e-10 8.0091194014757199e-12
4.5098472518159650e+14 4.8779580187728631e-10 8.0077220772638246e-12
4.8076365547330006e+14 4.8537782841503994e-10 8.0064355527870904e-12
5.1250891553140350e+14 4.8296158429156694e-10 8.0050739475758759e-12
5.4635034389317506e+14 4.8055156142604498e-10 8.0037070952060707e-12
5.8242635245220050e+14 4.7814539217787172e-10 8.0022999951245582e-12
6.2088449256490912e+14 4.7574963609342158e-10 8.0009642266423783e-12
6.6188205853755425e+14 4.7335633628056143e-10 7.9995610273173716e-12
7.0558673096206362e+14 4.7096987423570470e-10 7.9981658391207631e-12
7.5217726253185638e+14 4.6859003436538288e-10 7.9967754486444703e-12
8.0184420914278925e+14 4.6621543678276613e-10 7.9953642204448133e-12
8.5479070926926525e+14 4.6384808404506145e-10 7.9939750908548303e-12
9.1123331480335625e+14 4.6148122876470578e-10 7.9924767752665546e-12
9.7140287675487675e+14 4.5912595042623231e-10 7.9910762428285305e-12
1.0355454894351525e+15 4.5677718296694853e-10 7.9896748605339038e-12
1.1039234969859762e+15 4.5443360425033731e-10 7.9882546749232672e-12
1.1768165663707140e+15 4.5209324583147142e-10 7.9867803033175732e-12
1.2545228312158472e+15 4.4976044770892120e-10 7.9853238175879212e-12
1.3373601111815588e+15 4.4743209577521444e-10 7.9838349097207373e-12
1.4256672118483030e+15 4.4511155308980745e-10 7.9823705160230518e-12
1.5198053104362382e+15 4.4279770516415490e-10 7.9809186763194491e-12
1.6201594330247842e+15 4.4049099209236035e-10 7.9794727673558556e-12
1.7271400293145225e+15 4.3818630774595968e-10 7.9779548613587956e-12
1.8411846513718465e+15 4.3588365514635182e-10 7.9763540922261954e-12
1.9627597432228600e+15 4.3359696894477570e-10 7.9749314105087023e-12
2.0923625486155535e+15 4.3130966337037002e-10 7.9733813531308024e-12
2.2305231447534920e+15 4.2903178157217642e-10 7.9718859902387041e-12
2.3778066103185190e+15 4.2675455952844718e-10 7.9702821193583550e-12
2.5348153366502475e+15 4.2448291756419670e-10 7.9686656311721961e-12
2.7021914915345265e+15 4.2222632477753672e-10 7.9672075649061870e-12
2.8806196456784150e+15 4.1997452774450498e-10 7.9657271520746463e-12
3.0708295726133385e+15 4.1771742022986917e-10 7.9640225487104203e-12
3.2735992334787530e+15 4.1547469076477322e-10 7.9624753896617739e-12
3.4897579588933920e+15 4.1323867019666884e-10 7.9609273772420736e-12
3.7201898409287720e+15 4.1101113384716996e-10 7.9594222240147432e-12
3.9658373490573415e+15 4.0878391589392150e-10 7.9578010839366983e-12
4.2277051848654365e+15 4.0655747704988535e-10 7.9560698660182011e-12
4.5068643912959210e+15 4.0434922818418800e-10 7.9545695004655026e-12
4.8044567332283900e+15 4.0213651662368276e-10 7.9528551304842464e-12
5.1216993673124720e+15 3.9993804557650854e-10 7.9512981986544312e-12
5.4598898201550730e+15 3.9774151512231570e-10 7.9496500995114035e-12
5.8204112952211940e+15 3.9555083370483921e-10 7.9479957786212477e-12
6.2047383301549010e+15 3.9336569932388359e-10 7.9463225157057694e-12
6.6144428276576020e+15 3.9118438307900091e-10 7.9446006002230304e-12
7.0512004845914610e+15 3.8900943415834492e-10 7.9428686151906473e-12
7.5167976456015080e+15 3.8684394161859632e-10 7.9412084337892893e-12
8.0131386092895240e+15 3.8468209864486496e-10 7.9394845382576641e-12
8.5422534168202540e+15 3.8253109066756336e-10 7.9378641147716510e-12
9.1063061548173720e+15 3.8037803959815451e-10 7.9360562830783148e-12
9.7076038065061020e+15 3.7823435401830899e-10 7.9343117736820240e-12
1.0348605687305984e+16 3.7609681301010790e-10 7.9325627706363854e-12
1.1031933503463130e+16 3.7397182424301085e-10 7.9309418191252619e-12
1.1760382074864422e+16 3.7183953528860159e-10 7.9290374020390620e-12
1.2536930765887432e+16 3.6971909500546166e-10 7.9272433114269544e-12
1.3364755671041250e+16 3.6761324443750567e-10 7.9256226404077150e-12
1.4247242605234594e+16 3.6549831114499741e-10 7.9236758104865847e-12
1.5188000951804826e+16 3.6339606449155927e-10 7.9218607059498455e-12
1.6190878424943068e+16 3.6129935179205069e-10 7.9200240305684235e-12
1.7259976806897538e+16 3.5921033252931676e-10 7.9182080072313580e-12
1.8399668724316672e+16 3.5714175538022601e-10 7.9167281873229645e-12
1.9614615532351540e+16 3.5506388561511983e-10 7.9148854079921409e-12
2.0909786379659480e+16 3.5298180493213198e-10 7.9128102613532981e-12
2.2290478532289620e+16 3.5090708499206229e-10 7.9107352724923022e-12
2.3762339039570428e+16 3.4885553771962384e-10 7.9090371748056925e-12
2.5331387830618196e+16 3.4679264936187603e-10 7.9069465579434154e-12
2.7004042335925972e+16 3.4476284999567579e-10 7.9054916413148752e-12
2.8787143734741524e+16 3.4272275419321239e-10 7.9036289814065996e-12
3.0687984935580020e+16 3.4067974563135605e-10 7.9015565584189652e-12
3.2714340404319028e+16 3.3864889539720303e-10 7.8996146131344588e-12
3.4874497961865732e+16 3.3661872760454611e-10 7.8975339885222370e-12
3.7177292681457128e+16 3.3460070124316993e-10 7.8955933441991316e-12
3.9632143024225240e+16 3.3258839218209139e-10 7.8936344279808260e-12
4.2249089360831208e+16 3.3058205817142351e-10 7.8916638364972157e-12
4.5038835036712744e+16 3.2858004304002822e-10 7.8896412153353512e-12
4.8012790148912488e+16 3.2657871621704271e-10 7.8874705094641692e-12
5.1183118213524312e+16 3.2458729217128251e-10 7.8853771314094308e-12
5.4562785914639528e+16 3.2261660071536494e-10 7.8836264787248282e-12
5.8165616138254568e+16 3.2063511018347561e-10 7.8814961114547992e-12
6.2006344508062680e+16 3.1865814879537909e-10 7.8793025498875867e-12
6.6100679654347720e+16 3.1669480244203300e-10 7.8772790081506653e-12
7.0465367462495624e+16 3.1473257434194184e-10 7.8751172326991767e-12
7.5118259563884880e+16 3.1277403466518322e-10 7.8728815543401460e-12
8.0078386349301568e+16 3.1082583157951739e-10 7.8707453657828774e-12
8.5366034803486848e+16 3.0888558629738997e-10 7.8686511512961220e-12
9.1002831479180368e+16 3.0694953008825173e-10 7.8664950223889588e-12
9.7011830950004096e+16 3.0501887625647277e-10 7.8643105261086970e-12
1.0341761010398195e+17 3.0310041025238401e-10 7.8622076561549707e-12
1.1024636866333354e+17 3.0120804090178020e-10 7.8607349438714336e-12
1.1752603634169426e+17 2.9928765851085376e-10 7.8583062089489557e-12
1.2528638707700978e+17 2.9736935275654520e-10 7.8557925891784632e-12
1.3355916080734699e+17 2.9546529611693603e-10 7.8534646331349689e-12
1.4237819328765635e+17 2.9357717438982563e-10 7.8513759283632074e-12
1.5177955447846954e+17 2.9167874209067676e-10 7.8488594650298877e-12
1.6180169607251040e+17 2.8979514945361699e-10 7.8465469408737254e-12
1.7248560876264096e+17 2.8794232365166175e-10 7.8448600103129112e-12
1.8387498989433181e+17 2.8606856639829572e-10 7.8424593775149903e-12
1.9601642218839933e+17 2.8420390356961130e-10 7.8401321795335492e-12
2.0895956426494365e+17 2.8234379516472395e-10 7.8377489681443279e-12
2.2275735374778006e+17 2.8048292610007225e-10 7.8351543938973909e-12
2.3746622378001350e+17 2.7863563122689595e-10 7.8327634022417202e-12
2.5314633383636109e+17 2.7680520121452569e-10 7.8306838295060729e-12
2.6986181577619142e+17 2.7497261863257508e-10 7.8283542651484755e-12
2.8768103614370128e+17 2.7314381697104069e-10 7.8259495835145682e-12
3.0667687578797664e+17 2.7132194251131745e-10 7.8235508325845763e-12
3.2692702794665613e+17 2.6948204892775614e-10 7.8204080645890958e-12
3.4851431601229037e+17 2.6767316358053507e-10 7.8179937610634539e-12
3.7152703228114342e+17 2.6587031700131969e-10 7.8156680490583183e-12
3.9605929906984058e+17 2.6406498665887716e-10 7.8129674173757371e-12
4.2221145367692314e+17 2.6227978939119124e-10 7.8106918728877793e-12
4.5009045876371302e+17 2.6049241843618933e-10 7.8081565175579333e-12
4.7981033983305178e+17 2.5869843654025508e-10 7.8050902871777017e-12
5.1149265159510042e+17 2.5691010315579513e-10 7.8022526877241257e-12
5.4526697512775622e+17 2.5516627670227929e-10 7.8004421100698543e-12
5.8127144786495834e+17 2.5340346117535539e-10 7.7978537844223296e-12
6.1965332858067034e+17 2.5163658724826890e-10 7.7947836464405256e-12
6.6056959967919398e+17 2.4989123013748316e-10 7.7924778200230395e-12
7.0418760925533734e+17 2.4812252874164334e-10 7.7889966027214909e-12
7.5068575555031309e+17 2.4641308956105701e-10 7.7872053309358170e-12
8.0025421660297101e+17 2.4463741892045494e-10 7.7831822411256183e-12
8.5309572808046669e+17 2.4295986072493499e-10 7.7820885275806815e-12
9.0942641246989658e+17 2.4123996583697979e-10 7.7793789507353843e-12
9.6947666302210010e+17 2.3952862661055351e-10 7.7767701328872983e-12
1.0334920860631876e+18 2.3781934130849971e-10 7.7740225725763001e-12
1.1017345055276302e+18 2.3611503060248563e-10 7.7712221346778271e-12
1.1744830338217114e+18 2.3439277919847587e-10 7.7677021304835920e-12
1.2520352133969231e+18 2.3270169050194373e-10 7.7648919743002940e-12
1.3347082337026373e+18 2.3102684672393291e-10 7.7623780152282565e-12
1.4228402284951084e+18 2.2932813692985023e-10 7.7589357643287784e-12
1.5167916588091308e+18 2.2767210919227826e-10 7.7564967303799848e-12
1.6169467872483940e+18 2.2600850528870246e-10 7.7537308921486400e-12
1.7237152496247532e+18 2.2423222076208419e-10 7.7469770751850329e-12
1.8375337303740646e+18 2.2257493516716284e-10 7.7439061730994937e-12
1.9588677486014656e+18 2.2092386508389328e-10 7.7408165545682440e-12
2.0882135620606085e+18 2.1928000854974340e-10 7.7377449059172423e-12
2.2261001968546209e+18 2.1764725778870338e-10 7.7348446749282450e-12
2.3730916111597937e+18 2.1612429986543695e-10 7.7358043086018870e-12
2.5297890018221901e+18 2.1446048860232345e-10 7.7312263272214984e-12
2.6968332632606162e+18 2.1284810492330175e-10 7.7284263555172752e-12
2.8749076087335091e+18 2.1123554060913854e-10 7.7253480008453803e-12
3.0647403646901084e+18 2.0957811316694294e-10 7.7203035801623391e-12
3.2671079496355354e+18 2.0801366129255416e-10 7.7185587097167261e-12
3.4828380496926459e+18 2.0638589888428375e-10 7.7141205164736563e-12
3.7128130038495242e+18 2.0484063901221337e-10 7.7126759156001436e-12
3.9579734127374986e+18 2.0326055304617026e-10 7.7096097413700854e-12
4.2193219857005097e+18 2.0167884410182746e-10 7.7062273778764601e-12
4.4979276418894577e+18 2.0014282879520005e-10 7.7043919390136476e-12
4.7949298821560617e+18 1.9854050436620131e-10 7.6996310025411475e-12
5.1115434496262615e+18 1.9701264563195040e-10 7.6976575564102894e-12
5.4490632980161198e+18 1.9532897053073867e-10 7.6894952017332446e-12
5.8088698880094751e+18 1.9389334694619990e-10 7.6902016553937829e-12
6.1924348333609083e+18 1.9235056734796597e-10 7.6868125438845567e-12
6.6013269198152632e+18 1.9070252713457783e-10 7.6788330752581212e-12
7.0372185214626765e+18 1.8917337074892767e-10 7.6752369695453212e-12
7.5018924407705016e+18 1.8765034661969792e-10 7.6717210363666524e-12
7.9972492002696346e+18 1.8615410177975344e-10 7.6689464210302257e-12
8.5253148157165548e+18 1.8460131442501195e-10 7.6639182966303095e-12
9.0882490825253120e+18 1.8314516206807163e-10 7.6621351032217610e-12
9.6883544093590467e+18 1.8166424159836008e-10 7.6593901531192539e-12
1.0328085235012729e+19 1.8013938858915732e-10 7.6542873921854234e-12
1.1010058067099963e+19 1.7865035452564439e-10 7.6505551961334732e-12
1.1737062183604701e+19 1.7717006109735057e-10 7.6469414963714165e-12
1.2512071041064716e+19 1.7558901735139605e-10 7.6393902712453739e-12
1.3338254436049273e+19 1.7410439236571206e-10 7.6349057692603676e-12
1.4218991469668596e+19 1.7265509651944643e-10 7.6323602926113023e-12
1.5157884368143348e+19 1.7131665997206448e-10 7.6325561048717668e-12
1.6158773215957041e+19 1.6984880517509039e-10 7.6279748380799229e-12
1.7225751661853788e+19 1.6840101248115638e-10 7.6240077042125015e-12
1.8363183661915253e+19 1.6690303975363975e-10 7.6173778590318078e-12
1.9575721328200360e+19 1.6546908446905485e-10 7.6133454812967346e-12
2.0868323955944534e+19 1.6404221279449699e-10 7.6093515480434422e-12
2.2246278307144630e+19 1.6262192305282761e-10 7.6054135868507562e-12
2.3715220233484911e+19 1.6123567962392675e-10 7.6026302483841088e-12
2.5281157727046103e+19 1.5982797126392209e-10 7.5986396269791352e-12
2.6950495493073814e+19 1.5843158617341667e-10 7.5948775849296637e-12
2.8730061145307042e+19 1.5720187223544681e-10 7.5997465236146969e-12
3.0627133131011162e+19 1.5544103321588662e-10 7.5774035766219583e-12
3.2649470499922575e+19 1.5442069496434044e-10 7.5911548182090362e-12
3.4805344638867583e+19 1.5266419876182851e-10 7.5681313631919523e-12
3.7103573101842842e+19 1.5173783548602303e-10 7.5863512869457912e-12
3.9553555673931055e+19 1.5037564329308255e-10 7.5823730720234765e-12
4.2165312816545071e+19 1.4903143431508653e-10 7.5788821083056273e-12
4.4949526651251261e+19 1.4769232107976342e-10 7.5753103386002412e-12
4.7917584649786614e+19 1.4626902330339409e-10 7.5671954289557862e-12
5.1081626208972947e+19 1.4494421132510067e-10 7.5636455746112246e-12
5.4454592301008871e+19 1.4316030305272478e-10 7.5370376543928378e-12
5.8050278402221974e+19 1.4172831497134551e-10 7.5249544550982509e-12
6.1883390916747706e+19 1.4061795576228893e-10 7.5318167859008445e-12
6.5969607325922157e+19 1.3963935181735507e-10 7.5460784069534567e-12
7.0325640309386052e+19 1.3825807973645625e-10 7.5377908016155855e-12
7.4969306100171653e+19 1.3671772063292750e-10 7.5226607498670224e-12
7.9919597353329164e+19 1.3537467103776023e-10 7.5151701956646793e-12
8.5196760826144113e+19 1.3439990839905837e-10 7.5262001585365888e-12
9.0822380187639677e+19 1.3322473638017211e-10 7.5293887537383925e-12
9.6819464296076542e+19 1.3144052589243162e-10 7.4964434878196915e-12
1.0321254130548436e+20 1.3048065900910935e-10 7.5076953501347829e-12
1.1002775898614520e+20 1.2915624025243670e-10 7.4998630617217213e-12
1.1729299166931647e+20 1.2806865350237940e-10 7.5067110203677989e-12
1.2503795425362459e+20 1.2678257092775502e-10 7.5001177468927106e-12
1.3329432373938951e+20 1.2548625380316231e-10 7.4923293953344642e-12
1.4209586878798669e+20 1.2409599688272652e-10 7.4770997361928991e-12
1.5147858783611431e+20 1.2289897370572817e-10 7.4755782883754965e-12
1.6148085632988860e+20 1.2174069336933999e-10 7.4749412398672721e-12
1.7214358368092114e+20 1.2032430337103265e-10 7.4581931969989516e-12
1.8351038058636850e+20 1.1916583763067725e-10 7.4566018797867502e-12
1.9562773739725442e+20 1.1807602337993962e-10 7.4595319680086175e-12
2.0854521426463778e+20 1.1688636764309206e-10 7.4551427577165063e-12
2.2231564384127933e+20 1.1554578308712217e-10 7.4394188632793600e-12
2.3699534736790956e+20 1.1475418668970423e-10 7.4624207614305060e-12
2.5264436502784098e+20 1.1304541621197450e-10 7.4208837314641555e-12
2.6932670151213394e+20 1.1226609167254166e-10 7.4454704084837421e-12
2.8711058779962127e+20 1.1129986306580019e-10 7.4532987749930977e-12
3.0606876022253919e+20 1.0999362338749106e-10 7.4393577834985867e-12
3.2627875795907858e+20 1.0873139565064665e-10 7.4282237854932612e-12
3.4782324016967811e+20 1.0716486556992989e-10 7.3929554029496225e-12
3.7079032407407244e+20 1.0634171399763514e-10 7.4119867893262488e-12
3.9527394535191911e+20 1.0485719013038152e-10 7.3791763829970820e-12
4.2137424234095831e+20 1.0385488068260311e-10 7.3853803057340164e-12
4.4919796560417548e+20 1.0258942056222191e-10 7.3692219071712369e-12
4.7885891454100190e+20 1.0195268756363288e-10 7.3985587866695806e-12
5.1047840282840524e+20 1.0030761178656078e-10 7.3543646404625316e-12
5.4418575459541713e+20 9.9221270238076892e-11 7.3494500574822299e-12
5.8011883336057861e+20 9.8082722229105087e-11 7.3388562025543753e-12
6.1842460589553667e+20 9.7461845993282697e-11 7.3730884966864522e-12
6.5925974332113774e+20 9.5916761459910974e-11 7.3285232055478157e-12
7.0279126189436384e+20 9.5041290799692390e-11 7.3436428866477330e-12
7.4919720610709399e+20 9.3832362783175580e-11 7.3286798201281600e-12
7.9866737689040755e+20 9.2988699389460296e-11 7.3414951156898707e-12
8.5140410790297207e+20 9.1559985408488362e-11 7.3026338206405523e-12
9.0762309307835718e+20 9.1247062654358599e-11 7.3557754708050725e-12
9.6755426881615508e+20 8.9995835569741138e-11 7.3362073826580474e-12
1.0314427544248656e+21 8.8371910010954552e-11 7.2801864390281203e-12
1.0995498546632002e+21 8.7635982441020663e-11 7.3026313971648340e-12
1.1721541284799669e+21 8.6374212577911399e-11 7.2795330140842394e-12
1.2495525283239575e+21 8.5736195190513990e-11 7.3059949539416595e-12
1.3320616146833519e+21 8.4522183010265191e-11 7.2823952230548236e-12
1.4200188508224183e+21 8.3239738217083980e-11 7.2483611254242377e-12
1.5137839830106820e+21 8.2306624878971064e-11 7.2474321397074465e-12
1.6137405118900598e+21 8.1637005984146598e-11 7.2759745086998324e-12
1.7202972609975054e+21 8.0529165658545093e-11 7.2648957052316563e-12
1.8338900488588354e+21 7.9440635576333617e-11 7.2475247783119715e-12
1.9549834714922046e+21 7.8177491604534547e-11 7.2081696671448297e-12
2.0840728026121374e+21 7.8145550859867598e-11 7.2920905710133616e-12
2.2216860193055050e+21 7.6559905713691156e-11 7.2341629273637223e-12
2.3683859614649890e+21 7.3437878022183016e-11 7.0038111415730447e-12
2.5247726338116115e+21 7.5556200492928726e-11 7.3002160611976816e-12
2.6914856599222013e+21 7.3931214893667077e-11 7.2305744196959395e-12
2.8692068982981992e+21 7.0933793581531267e-11 7.0022818600563843e-12
3.0586632311761975e+21 7.2574314548029306e-11 7.2623452323018602e-12
3.2606295374858053e+21 6.8957850466756797e-11 6.9728390940086972e-12
3.4759318621150071e+21 7.0049490967902875e-11 7.1950403502762434e-12
3.7054507944445681e+21 6.9147264708011260e-11 7.1835405137203129e-12
3.9501250699705749e+21 6.8253201950883537e-11 7.1782512694968934e-12
4.2109554097449048e+21 6.6734582125052526e-11 7.1170097509045669e-12
4.4890086133379362e+21 6.3650284885939869e-11 6.8561888194988473e-12
4.7854219220627531e+21 6.6372834142867321e-11 7.2420313064116081e-12
5.1014076703075855e+21 6.3138547886303511e-11 6.9599283876413393e-12
5.4382582439993231e+21 6.1887937930667457e-11 6.9055718422958602e-12
5.7973513664795310e+21 5.9719719100970126e-11 6.7634159867846511e-12
6.1801557334109559e+21 5.8710653440459865e-11 6.7344005855720657e-12
6.5882370197627517e+21 6.1089618252219820e-11 7.1158851129645494e-12
7.0232642834416051e+21 6.0268851425495301e-11 7.1124920108535799e-12
7.4870167917612677e+21 5.5925369893747219e-11 6.6663793325458777e-12
7.9813912986691599e+21 5.5088895294860048e-11 6.6534636556174153e-12
8.5084098024958109e+21 5.4344339660211337e-11 6.6480012876199875e-12
9.0702278159544982e+21 5.3637360065848568e-11 6.6487348520080933e-12
9.6691431822175534e+21 5.2081473044617457e-11 6.5555793179349238e-12
1.0307605473125028e+22 5.1178300325831580e-11 6.5301265320307688e-12
1.0988226007966809e+22 5.0132351439221408e-11 6.4831415297702866e-12
1.1713788533812723e+22 4.9568376486850342e-11 6.4900618365265738e-12
1.2487260611075885e+22 4.8485992885934177e-11 6.4368929127765878e-12
1.3311805750873646e+22 4.7581801956461929e-11 6.4096601992021371e-12
1.4190796353831082e+22 4.7212540053435974e-11 6.4461933605223424e-12
1.5127827503243692e+22 4.6508056952791244e-11 6.4416459359854725e-12
1.6126731669016962e+22 4.5124138237660208e-11 6.3538261725260777e-12
1.7191594382518456e+22 4.4483693713217113e-11 6.3544911339978055e-12
1.8326770946456659e+22 4.3532158503563907e-11 6.3093350924395113e-12
1.9536904248126075e+22 4.2540707190173272e-11 6.2562374560910742e-12
2.0826943748879380e+22 4.1735225518711177e-11 6.2305863512405188e-12
2.2202165727489172e+22 4.0889945388731656e-11 6.1943269789635944e-12
2.3668194860199871e+22 3.9979661430750639e-11 6.1427731592825294e-12
2.5231027225727219e+22 3.9077807285173556e-11 6.0851543696051211e-12
2.6897054829301729e+22 3.8322162620522814e-11 6.0513430731882064e-12
2.8673091746053793e+22 3.7508306435712495e-11 6.0024802038249460e-12
3.0566401990673583e+22 3.7494426795677161e-11 6.0871385790889398e-12
3.2584729227326254e+22 3.6246394607272033e-11 5.9755332665916638e-12
3.4736328441343674e+22 3.5184548493969589e-11 5.9298588756431702e-12
3.7029999702222483e+22 3.4752817991868744e-11 5.9459005694776379e-12
3.9475124156028007e+22 3.4527748928091679e-11 5.9791639997722043e-12
4.2081702394404486e+22 3.2009313164931250e-11 5.6853858231306121e-12
4.4860395357130856e+22 3.1387829387054632e-11 5.6606674343468829e-12
4.7822567935504021e+22 3.0808963044177090e-11 5.6428090521367276e-12
5.0980335454898813e+22 3.0834003118042585e-11 5.7141163113015451e-12
5.4346613226607361e+22 3.4099319238101812e-11 6.4311312051201512e-12
5.7935169371637868e+22 3.3619968182196608e-11 6.4382109366319895e-12
6.1760681132509849e+22 2.9469521291516294e-11 5.7621569311489521e-12
6.5838794903375527e+22 2.8658189433081431e-11 5.7730504658652827e-12
7.0186190223976811e+22 3.2935977418013366e-11 6.6920525604282504e-12
7.4820647999189593e+22 3.0470974600144814e-11 6.2719092246204453e-12
7.9761123223157525e+22 3.0684779615047421e-11 6.4678401020106847e-12
8.5027822505475724e+22 3.0962493192653984e-11 6.6446258606671820e-12
9.0642286716488646e+22 2.5261170439857771e-11 5.4917998652653989e-12
9.6627479089742598e+22 3.0242895436277720e-11 6.6409077432339249e-12
1.0300787914191166e+23 2.7515162632678890e-11 6.1658125915370144e-12
1.0980958279435364e+23 2.7157362781359132e-11 6.1878196697252607e-12
1.1706040910577018e+23 2.8298317035309377e-11 6.5658744702068393e-12
1.2479001405253498e+23 2.8056011585997877e-11 6.6415194280139463e-12
1.3303001182202551e+23 2.7717202500174535e-11 6.6973807327744019e-12
1.4181410411507919e+23 2.8732032816790624e-11 7.1057593396875440e-12
1.5117821798639111e+23 2.6355709754656135e-11 6.7133035958903350e-12
1.6116065278665607e+23 2.5159297427175221e-11 6.5133497709745427e-12
1.7180223680741457e+23 2.5128363934092611e-11 6.5801186031556977e-12
1.8314649426932011e+23 2.4747571138348315e-11 6.5846490463289144e-12
1.9523982333677167e+23 2.4318914914405111e-11 6.5799087113127713e-12
2.0813168588703679e+23 2.2309405689922363e-11 6.2297059358139250e-12
2.2187480980997740e+23 2.4548788758484626e-11 6.9147514001889249e-12
2.3652540466583598e+23 2.2942117058906095e-11 6.6130528185378171e-12
2.5214339158307316e+23 2.4516247623741452e-11 7.1935443543941431e-12
