# #Parameters: delta_c =0.4, gamma = 0.2, gstar = 107.5#Columns: mPBH [Msun, fPBH]
1.2016405246854019e+21 0.0000000000000000e+00
1.0532269233312116e+21 0.0000000000000000e+00
9.2314375991950233e+20 0.0000000000000000e+00
8.0912705761731399e+20 0.0000000000000000e+00
7.0919246144884035e+20 0.0000000000000000e+00
6.2160070243719971e+20 0.0000000000000000e+00
5.4482732724069152e+20 0.0000000000000000e+00
4.7753616645603118e+20 0.0000000000000000e+00
4.1855607982890235e+20 0.0000000000000000e+00
3.6686057364383557e+20 0.0000000000000000e+00
3.2154993555296361e+20 0.0000000000000000e+00
2.8183557591689986e+20 0.0000000000000000e+00
2.4702630313333572e+20 0.0000000000000000e+00
2.1651629408813551e+20 0.0000000000000000e+00
1.8977455036582183e+20 0.0000000000000000e+00
1.6633565671454618e+20 0.0000000000000000e+00
1.4579168092521144e+20 0.0000000000000000e+00
1.2778507414964817e+20 0.0000000000000000e+00
1.1200244809446669e+20 0.0000000000000000e+00
9.8169120788417561e+19 0.0000000000000000e+00
8.6044335997393486e+19 0.0000000000000000e+00
7.5417073085428482e+19 0.0000000000000000e+00
6.6102374396208488e+19 0.0000000000000000e+00
5.7938126236574474e+19 0.0000000000000000e+00
5.0782237438021394e+19 0.0000000000000000e+00
4.4510166391671144e+19 0.0000000000000000e+00
3.9012753517058146e+19 0.0000000000000000e+00
3.4194321440854733e+19 0.0000000000000000e+00
2.9971009820910186e+19 0.0000000000000000e+00
2.6269315834759311e+19 0.0000000000000000e+00
2.3024814931156668e+19 0.0000000000000000e+00
2.0181039580503167e+19 0.0000000000000000e+00
1.7688496509855545e+19 0.0000000000000000e+00
1.5503805318406240e+19 0.0000000000000000e+00
1.3588943481833810e+19 0.0000000000000000e+00
1.1910584605525490e+19 0.0000000000000000e+00
1.0439518409582567e+19 0.0000000000000000e+00
9.1501423509853440e+18 0.0000000000000000e+00
8.0200160350733834e+18 0.0000000000000000e+00
7.0294706612851343e+18 0.0000000000000000e+00
6.1612667059232799e+18 0.0000000000000000e+00
5.4002938842309048e+18 0.0000000000000000e+00
4.7333081698971105e+18 0.0000000000000000e+00
4.1487012950602655e+18 0.0000000000000000e+00
3.6362987191701888e+18 0.0000000000000000e+00
3.1871825505448264e+18 0.0000000000000000e+00
2.7935363387349873e+18 0.0000000000000000e+00
2.4485090364525440e+18 0.0000000000000000e+00
2.1460957634453407e+18 0.0000000000000000e+00
1.8810332971247363e+18 0.0000000000000000e+00
1.6487084710570427e+18 0.0000000000000000e+00
1.4450778870795218e+18 0.0000000000000000e+00
1.2665975437048461e+18 0.0000000000000000e+00
1.1101611560615245e+18 0.0000000000000000e+00
9.7304609388620378e+17 0.0000000000000000e+00
8.5286599666861914e+17 0.0000000000000000e+00
7.4752924125979098e+17 0.0000000000000000e+00
6.5520253911068006e+17 0.0000000000000000e+00
5.7427902958499462e+17 0.0000000000000000e+00
5.0335031403987565e+17 0.0000000000000000e+00
4.4118194395350598e+17 0.0000000000000000e+00
3.8669193649330842e+17 0.0000000000000000e+00
3.3893194360806214e+17 0.0000000000000000e+00
2.9707074690947539e+17 0.0000000000000000e+00
2.6037979108692835e+17 0.0000000000000000e+00
2.2822050407787795e+17 0.0000000000000000e+00
2.0003318331326394e+17 0.0000000000000000e+00
1.7532725461330003e+17 0.0000000000000000e+00
1.5367273419878944e+17 0.0000000000000000e+00
1.3469274522217021e+17 0.0000000000000000e+00
1.1805695857546194e+17 0.0000000000000000e+00
1.0347584381845592e+17 0.0000000000000000e+00
9.0695630169884448e+16 0.0000000000000000e+00
7.9493889862295760e+16 0.0000000000000000e+00
6.9675666993018296e+16 0.0000000000000000e+00
6.1070084497457408e+16 0.0000000000000000e+00
5.3527370192240896e+16 0.0000000000000000e+00
4.6916250129250880e+16 0.0000000000000000e+00
4.1121663894287584e+16 0.0000000000000000e+00
3.6042762087255328e+16 0.0000000000000000e+00
3.1591151131872168e+16 0.0000000000000000e+00
2.7689354867441740e+16 0.0000000000000000e+00
2.4269466148120168e+16 0.0000000000000000e+00
2.1271964982012968e+16 0.0000000000000000e+00
1.8644682640909044e+16 0.0000000000000000e+00
1.6341893711942358e+16 0.0000000000000000e+00
1.4323520289182028e+16 0.0000000000000000e+00
1.2554434454844098e+16 0.0000000000000000e+00
1.1003846910456496e+16 0.0000000000000000e+00
9.6447711176701200e+15 0.0000000000000000e+00
8.4535536225834980e+15 0.0000000000000000e+00
7.4094623893115120e+15 0.0000000000000000e+00
6.4943259781255960e+15 0.0000000000000000e+00
5.6922172883957380e+15 0.0000000000000000e+00
4.9891763621731640e+15 0.0000000000000000e+00
4.3729674240673305e+15 0.0000000000000000e+00
3.8328659289215075e+15 0.0000000000000000e+00
3.3594719110491905e+15 0.0000000000000000e+00
2.9445463865479350e+15 0.0000000000000000e+00
2.5808679614245280e+15 0.0000000000000000e+00
2.2621071499289700e+15 0.0000000000000000e+00
1.9827162157243148e+15 0.0000000000000000e+00
1.7378326186801485e+15 0.0000000000000000e+00
1.5231943868706545e+15 0.0000000000000000e+00
1.3350659409053778e+15 0.0000000000000000e+00
1.1701730796339402e+15 0.0000000000000000e+00
1.0256459957111779e+15 0.0000000000000000e+00
8.9896932926148875e+14 0.0000000000000000e+00
7.8793839037268062e+14 0.0000000000000000e+00
6.9062078851246475e+14 0.0000000000000000e+00
6.0532280106314725e+14 0.0000000000000000e+00
5.3055989565005844e+14 0.0000000000000000e+00
4.6503089323218181e+14 0.0000000000000000e+00
4.0759532228752338e+14 0.0000000000000000e+00
3.5725356996383962e+14 0.0000000000000000e+00
3.1312948474388031e+14 0.0000000000000000e+00
2.7445512784068853e+14 0.0000000000000000e+00
2.4055740793512356e+14 0.0000000000000000e+00
2.1084636664561009e+14 0.0000000000000000e+00
1.8480491084957325e+14 0.0000000000000000e+00
1.6197981315714450e+14 0.0000000000000000e+00
1.4197382390871700e+14 0.0000000000000000e+00
1.2443875741299011e+14 0.0000000000000000e+00
1.0906943209788584e+14 0.0000000000000000e+00
9.5598359108281297e+13 0.0000000000000000e+00
8.3791086910528375e+13 0.0000000000000000e+00
7.3442120880917000e+13 0.0000000000000000e+00
6.4371346862305688e+13 0.0000000000000000e+00
5.6420896444235898e+13 0.0000000000000000e+00
4.9452399409639578e+13 0.0000000000000000e+00
4.3344575529521984e+13 0.0000000000000000e+00
3.7991123793039203e+13 0.0000000000000000e+00
3.3298872336977516e+13 0.0000000000000000e+00
2.9186156875872227e+13 0.0000000000000000e+00
2.5581399410846938e+13 0.0000000000000000e+00
2.2421862480917090e+13 0.0000000000000000e+00
1.9652557275658168e+13 0.0000000000000000e+00
1.7225286605951367e+13 0.0000000000000000e+00
1.5097806076600318e+13 0.0000000000000000e+00
1.3233088861805936e+13 0.0000000000000000e+00
1.1598681287598266e+13 0.0000000000000000e+00
1.0166138005735676e+13 0.0000000000000000e+00
8.9105269287957168e+12 0.0000000000000000e+00
7.8099953103132891e+12 0.0000000000000000e+00
6.8453894179925439e+12 0.0000000000000000e+00
5.9999211807573291e+12 0.0000000000000000e+00
5.2588760079419297e+12 0.0000000000000000e+00
4.6093566954851807e+12 0.0000000000000000e+00
4.0400589620535430e+12 0.0000000000000000e+00
3.5410747085068198e+12 0.0000000000000000e+00
3.1037195766204829e+12 0.0000000000000000e+00
2.7203818058838096e+12 0.0000000000000000e+00
2.3843897578665005e+12 0.0000000000000000e+00
2.0898958025385042e+12 0.0000000000000000e+00
1.8317745456917800e+12 0.0000000000000000e+00
1.6055336262069553e+12 0.0000000000000000e+00
1.4072355306737585e+12 0.0000000000000000e+00
1.2334290646213984e+12 0.0000000000000000e+00
1.0810892876791074e+12 0.0000000000000000e+00
9.4756486729398145e+11 0.0000000000000000e+00
8.3053193474651843e+11 0.0000000000000000e+00
7.2795364037044580e+11 0.0000000000000000e+00
6.3804470407308167e+11 0.0000000000000000e+00
5.5924034419078992e+11 0.0000000000000000e+00
4.9016904391515704e+11 0.0000000000000000e+00
4.2962868131475763e+11 0.0000000000000000e+00
3.7656560751764990e+11 0.0000000000000000e+00
3.3005630892982587e+11 0.0000000000000000e+00
2.8929133433746802e+11 0.0000000000000000e+00
2.5356120715918951e+11 0.0000000000000000e+00
2.2224407766402426e+11 0.0000000000000000e+00
1.9479490025350491e+11 0.0000000000000000e+00
1.7073594744844556e+11 0.0000000000000000e+00
1.4964849548515695e+11 0.0000000000000000e+00
1.3116553681662912e+11 0.0000000000000000e+00
1.1496539268649619e+11 0.0000000000000000e+00
1.0076611460857964e+11 0.0000000000000000e+00
8.8320577314933792e+10 0.0000000000000000e+00
7.7412177769718185e+10 0.0000000000000000e+00
6.7851065394215889e+10 0.0000000000000000e+00
5.9470837893557213e+10 0.0000000000000000e+00
5.2125645179084778e+10 0.0000000000000000e+00
4.5687650982805458e+10 0.0000000000000000e+00
4.0044807985689598e+10 0.0000000000000000e+00
3.5098907737985161e+10 0.0000000000000000e+00
3.0763871432217445e+10 0.0000000000000000e+00
2.6964251781367188e+10 0.0000000000000000e+00
2.3633919928801147e+10 0.0000000000000000e+00
2.0714914536844807e+10 0.0000000000000000e+00
1.8156433023446861e+10 0.0000000000000000e+00
1.5913947390348354e+10 0.0000000000000000e+00
1.3948429254563892e+10 0.0000000000000000e+00
1.2225670595566431e+10 0.0000000000000000e+00
1.0715688396411592e+10 0.0000000000000000e+00
9.3922028171305847e+09 0.0000000000000000e+00
8.2321798184852409e+09 0.0000000000000000e+00
7.2154302758742828e+09 0.0000000000000000e+00
6.3242586063411226e+09 0.0000000000000000e+00
5.5431547933617392e+09 0.0000000000000000e+00
4.8585244493893061e+09 0.0000000000000000e+00
4.2584522181452489e+09 0.0000000000000000e+00
3.7324943988921404e+09 0.0000000000000000e+00
3.2714971835069871e+09 0.0000000000000000e+00
2.8674373429390450e+09 0.0000000000000000e+00
2.5132825903482056e+09 0.0000000000000000e+00
2.2028691906736064e+09 0.0000000000000000e+00
1.9307946865404639e+09 0.0000000000000000e+00
1.6923238734992454e+09 0.0000000000000000e+00
1.4833063881831110e+09 0.0000000000000000e+00
1.3001044750822139e+09 0.0000000000000000e+00
1.1395296747822931e+09 0.0000000000000000e+00
9.9878733178525484e+08 0.0000000000000000e+00
8.7542795612172163e+08 0.0000000000000000e+00
7.6730459224950039e+08 0.0000000000000000e+00
6.7253545328327668e+08 0.0000000000000000e+00
5.8947117023882926e+08 0.0000000000000000e+00
5.1666608629534477e+08 0.0000000000000000e+00
4.5285309647899151e+08 0.0000000000000000e+00
3.9692159487584668e+08 0.0000000000000000e+00
3.4789814556583273e+08 0.0000000000000000e+00
3.0492954087318659e+08 0.0000000000000000e+00
2.6726795207805374e+08 0.0000000000000000e+00
2.3425791415107128e+08 0.0000000000000000e+00
2.0532491799235448e+08 0.0000000000000000e+00
1.7996541163334829e+08 0.0000000000000000e+00
1.5773803638176218e+08 0.0000000000000000e+00
1.3825594538280505e+08 0.0000000000000000e+00
1.2118007090839608e+08 0.0000000000000000e+00
1.0621322319777998e+08 0.0000000000000000e+00
9.3094918145321488e+07 0.0000000000000000e+00
8.1596843816197202e+07 0.0000000000000000e+00
7.1518886888880923e+07 0.0000000000000000e+00
6.2685649868349336e+07 0.0000000000000000e+00
5.4943398455327764e+07 0.0000000000000000e+00
4.8157385943367474e+07 0.0000000000000000e+00
4.2209508077372558e+07 0.0000000000000000e+00
3.6996247558556668e+07 0.0000000000000000e+00
3.2426872421849925e+07 0.0000000000000000e+00
2.8421856930183157e+07 0.0000000000000000e+00
2.4911497502777439e+07 0.0000000000000000e+00
2.1834699588957869e+07 0.0000000000000000e+00
1.9137914374151148e+07 0.0000000000000000e+00
1.6774206812424639e+07 0.0000000000000000e+00
1.4702438765534153e+07 0.0000000000000000e+00
1.2886553031775542e+07 0.0000000000000000e+00
1.1294945803825002e+07 0.0000000000000000e+00
9.8999166337785050e+06 0.0000000000000000e+00
8.6771863325430453e+06 0.0000000000000000e+00
7.6054744130642414e+06 0.0000000000000000e+00
6.6661287231828803e+06 0.0000000000000000e+00
5.8428008222224861e+06 0.0000000000000000e+00
5.1211614515393842e+06 0.0000000000000000e+00
4.4886511470635934e+06 0.0000000000000000e+00
3.9342616534729432e+06 0.0000000000000000e+00
3.4483443357173037e+06 0.0000000000000000e+00
3.0224422534725904e+06 0.0000000000000000e+00
2.6491429759366740e+06 0.0000000000000000e+00
2.3219495753447181e+06 0.0000000000000000e+00
2.0351675539660931e+06 0.0000000000000000e+00
1.7838057366518977e+06 0.0000000000000000e+00
1.5634894040597605e+06 0.0000000000000000e+00
1.3703841547204237e+06 0.0000000000000000e+00
1.2011291708357641e+06 0.0000000000000000e+00
1.0527787263615497e+06 0.0000000000000000e+00
9.2275091937717597e+05 0.0000000000000000e+00
8.0878273647695733e+05 0.0000000000000000e+00
7.0889066712030186e+05 0.0000000000000000e+00
6.2133618247003946e+05 0.0000000000000000e+00
5.4459547791017534e+05 0.0000000000000000e+00
4.7733295263955113e+05 0.0000000000000000e+00
4.1837796477842535e+05 0.0000000000000000e+00
3.6670445743207558e+05 0.0000000000000000e+00
3.2141310112201882e+05 0.0000000000000000e+00
2.8171564179038885e+05 0.0000000000000000e+00
2.4692118196899921e+05 0.0000000000000000e+00
2.1642415634958885e+05 0.0000000000000000e+00
1.8969379248116398e+05 0.0000000000000000e+00
1.6626487316768244e+05 0.0000000000000000e+00
1.4572963979414609e+05 0.0000000000000000e+00
1.2773069566602499e+05 0.0000000000000000e+00
1.1195478585120375e+05 0.0000000000000000e+00
9.8127345268368575e+04 0.0000000000000000e+00
8.6007720136370423e+04 0.0000000000000000e+00
7.5384979618324171e+04 0.0000000000000000e+00
6.6074244765988129e+04 0.0000000000000000e+00
5.7913470873108279e+04 0.0000000000000000e+00
5.0760627237571542e+04 0.0000000000000000e+00
4.4491225248738047e+04 0.0000000000000000e+00
3.8996151778613166e+04 0.0000000000000000e+00
3.4179770169034760e+04 0.0000000000000000e+00
2.9958255764322894e+04 0.0000000000000000e+00
2.6258137020876606e+04 0.0000000000000000e+00
2.3015016803089042e+04 0.0000000000000000e+00
2.0172451610917364e+04 0.0000000000000000e+00
1.7680969233104443e+04 0.0000000000000000e+00
1.5497207729218186e+04 0.0000000000000000e+00
1.3583160755286932e+04 0.0000000000000000e+00
1.1905516098626556e+04 0.0000000000000000e+00
1.0435075909669005e+04 0.0000000000000000e+00
9.1462485404656563e+03 0.0000000000000000e+00
8.0166031457862473e+03 0.0000000000000000e+00
7.0264792950572973e+03 0.0000000000000000e+00
6.1586448007994395e+03 0.0000000000000000e+00
5.3979958083836300e+03 0.0000000000000000e+00
4.7312939274473320e+03 0.0000000000000000e+00
4.1469358299859423e+03 0.0000000000000000e+00
3.6347513051888336e+03 0.0000000000000000e+00
3.1858262563509966e+03 0.0000000000000000e+00
2.7923475592859131e+03 0.0000000000000000e+00
2.4474670821442960e+03 0.0000000000000000e+00
2.1451825000293870e+03 0.0000000000000000e+00
1.8802328300981915e+03 0.0000000000000000e+00
1.6480068690335779e+03 0.0000000000000000e+00
1.4444629393265095e+03 0.0000000000000000e+00
1.2660585476268936e+03 0.0000000000000000e+00
1.1096887309317087e+03 0.0000000000000000e+00
9.7263201758321918e+02 0.0000000000000000e+00
8.5250306257838531e+02 0.0000000000000000e+00
7.4721113285100989e+02 0.0000000000000000e+00
6.5492372000148407e+02 0.0000000000000000e+00
5.7403464718734028e+02 0.0000000000000000e+00
5.0313611510474470e+02 0.0000000000000000e+00
4.4099420054705655e+02 0.0000000000000000e+00
3.8652738111564986e+02 0.0000000000000000e+00
3.3878771232543824e+02 0.0000000000000000e+00
2.9694432951015790e+02 0.0000000000000000e+00
2.6026898739330829e+02 0.0000000000000000e+00
2.2812338565441524e+02 0.0000000000000000e+00
1.9994805990385731e+02 0.0000000000000000e+00
1.7525264472394412e+02 0.0000000000000000e+00
1.5360733931354568e+02 0.0000000000000000e+00
1.3463542720370160e+02 0.0000000000000000e+00
1.1800671985680702e+02 0.0000000000000000e+00
1.0343181004130378e+02 0.0000000000000000e+00
9.0657034967176415e+01 0.0000000000000000e+00
7.9460061520318064e+01 0.0000000000000000e+00
6.9646016760847203e+01 0.0000000000000000e+00
6.1044096340297337e+01 0.0000000000000000e+00
5.3504591810315240e+01 0.0000000000000000e+00
4.6896285085944612e+01 0.0000000000000000e+00
4.1104164716535443e+01 0.0000000000000000e+00
3.6027424218095334e+01 0.0000000000000000e+00
3.1577707629914716e+01 0.0000000000000000e+00
2.7677571761001428e+01 0.0000000000000000e+00
2.4259138363155859e+01 0.0000000000000000e+00
2.1262912773004288e+01 0.0000000000000000e+00
1.8636748462552180e+01 0.0000000000000000e+00
1.6334939477220495e+01 0.0000000000000000e+00
1.4317424966088533e+01 0.0000000000000000e+00
1.2549091959932715e+01 0.0000000000000000e+00
1.0999164262557295e+01 0.0000000000000000e+00
9.6406668196387422e+00 0.0000000000000000e+00
8.4499562429186117e+00 0.0000000000000000e+00
7.4063093189558895e+00 0.0000000000000000e+00
6.4915623408135552e+00 0.0000000000000000e+00
5.6897949855825329e+00 0.0000000000000000e+00
4.9870532359245843e+00 0.0000000000000000e+00
4.3711065233397957e+00 0.0000000000000000e+00
3.8312348664634635e+00 0.0000000000000000e+00
3.3580422997310406e+00 0.0000000000000000e+00
2.9432933453103343e+00 0.0000000000000000e+00
2.5797696822467135e+00 0.0000000000000000e+00
2.2611445182802878e+00 0.0000000000000000e+00
1.9818724778935661e+00 0.0000000000000000e+00
1.7370930901927859e+00 0.0000000000000000e+00
1.5225461969191079e+00 0.0000000000000000e+00
1.3344978083446211e+00 0.0000000000000000e+00
1.1696751166435806e+00 0.0000000000000000e+00
1.0252095357071316e+00 0.0000000000000000e+00
8.9858677606210646e-01 0.0000000000000000e+00
7.8760308599427720e-01 0.0000000000000000e+00
6.9032689729326180e-01 0.0000000000000000e+00
6.0506520809899944e-01 0.0000000000000000e+00
5.3033411777429107e-01 0.0000000000000000e+00
4.6483300099022540e-01 0.0000000000000000e+00
4.0742187154841786e-01 0.0000000000000000e+00
3.5710154197831151e-01 0.0000000000000000e+00
3.1299623360581719e-01 0.0000000000000000e+00
2.7433833443759592e-01 0.0000000000000000e+00
2.4045503958612127e-01 0.0000000000000000e+00
2.1075664172451150e-01 0.0000000000000000e+00
1.8472626777732903e-01 0.0000000000000000e+00
1.6191088322400804e-01 0.0000000000000000e+00
1.4191340745311951e-01 0.0000000000000000e+00
1.2438580294254745e-01 0.0000000000000000e+00
1.0902301798914456e-01 0.0000000000000000e+00
9.5557677566718471e-02 0.0000000000000000e+00
8.3755429911636994e-02 0.0000000000000000e+00
7.3410867847695613e-02 0.0000000000000000e+00
6.4343953864692716e-02 0.0000000000000000e+00
5.6396886732509380e-02 0.0000000000000000e+00
4.9431355117031110e-02 0.0000000000000000e+00
4.3326130399633074e-02 0.0000000000000000e+00
3.7974956805487986e-02 0.0000000000000000e+00
3.3284702120337600e-02 0.0000000000000000e+00
2.9173736810663108e-02 0.0000000000000000e+00
2.5570513337350751e-02 0.0000000000000000e+00
2.2412320937119118e-02 0.0000000000000000e+00
1.9644194199836672e-02 0.0000000000000000e+00
1.7217956446526760e-02 0.0000000000000000e+00
1.5091381258945064e-02 0.0000000000000000e+00
1.3227457567926442e-02 0.0000000000000000e+00
1.1593745510046423e-02 0.0000000000000000e+00
1.0161811841880194e-02 0.0000000000000000e+00
8.9067350857663496e-03 0.0000000000000000e+00
7.8066717945983162e-03 0.0000000000000000e+00
6.8424763868828132e-03 0.0000000000000000e+00
5.9973679356476028e-03 0.0000000000000000e+00
5.2566381119687304e-03 0.0000000000000000e+00
4.6073952001443163e-03 0.0000000000000000e+00
4.0383397293374786e-03 0.0000000000000000e+00
3.5395678167643788e-03 0.0000000000000000e+00
3.1023987997982174e-03 0.0000000000000000e+00
2.7192241570859000e-03 0.0000000000000000e+00
2.3833750892891165e-03 0.0000000000000000e+00
2.0890064548159488e-03 0.0000000000000000e+00
1.8309950405516278e-03 0.0000000000000000e+00
1.6048503970850858e-03 0.0000000000000000e+00
1.4066366866008653e-03 0.0000000000000000e+00
1.2329041832717055e-03 2.0721788763353286e-306
1.0806292339794409e-03 8.5333138102875257e-247
9.4716163443630261e-04 1.9461594375217367e-199
8.3017850483686176e-04 1.0359418819944870e-161
7.2764386228897269e-04 1.4347555148122059e-131
6.3777318641953845e-04 2.0535353578686420e-107
5.5900236145219463e-04 5.4117012171049353e-88
4.8996045422262436e-04 2.5080163430488273e-72
4.2944585435811646e-04 1.2015059949988580e-59
3.7640536136325720e-04 2.3954876946589895e-49
3.2991585464195905e-04 5.9551487791636187e-41
2.8916822743948876e-04 4.3899164301227662e-34
2.5345330508969716e-04 1.9043847921010978e-28
2.2214950248755676e-04 8.3719742916777308e-24
1.9471200597681644e-04 5.7448862929135130e-20
1.7066329137351729e-04 8.6812566800349913e-17
1.4958481310037823e-04 3.8028116659743612e-14
1.3110971978914625e-04 6.0175916068076889e-12
1.1491646957270544e-04 4.1043613559219233e-10
1.0072323394705147e-04 1.3908824194964180e-08
8.8282992807517478e-05 2.6261980053003417e-07
7.7379235292914051e-05 3.0309578263961509e-06
6.7822191614763067e-05 2.3047196451703342e-05
5.9445530290099264e-05 1.2270397465427970e-04
5.2103463296250999e-05 4.8056599567931733e-04
4.5668208765494018e-05 1.4412309197255151e-03
4.0027767060137563e-05 3.4195395561117444e-03
3.5083971522685186e-05 6.5911571995430343e-03
3.0750779976192712e-05 1.0544989507692856e-02
2.6952777239965160e-05 1.4248405455856693e-02
2.3623862598268985e-05 1.6489122813153095e-02
2.0706099378670862e-05 1.6527283927952226e-02
1.8148706617977431e-05 1.4475471873745429e-02
1.5907175266661009e-05 1.1155969687210356e-02
1.3942493550125566e-05 7.6057003263184783e-03
1.2220468004945519e-05 4.6052251325823428e-03
1.0711128373342753e-05 2.4834925786477537e-03
9.3882059986408551e-06 1.1949949881618223e-03
8.2286766436550264e-06 5.1354635378948971e-04
7.2123597751940917e-06 1.9715016553165343e-04
6.3215673405939898e-06 6.7580755654832449e-05
5.5407959235629170e-06 2.0663364990094350e-05
4.8564569215973496e-06 5.6264658528507722e-06
4.2566400489561363e-06 1.3614706513211298e-06
3.7309060491815462e-06 2.9200359514438369e-07
3.2701050095210931e-06 5.5340128353012124e-08
2.8662171151805909e-06 9.2348174980566742e-09
2.5122130718845827e-06 1.3515045914433329e-09
2.2019317675277093e-06 1.7269206958465495e-10
1.9299730437317046e-06 1.9171425212448143e-11
1.6916037110964561e-06 1.8391511221514963e-12
1.4826751724274837e-06 1.5156603880611330e-13
1.2995512202488423e-06 1.0661735895838548e-14
1.1390447519838358e-06 6.3575119374909223e-16
9.9836230139006988e-07 3.1895849221319745e-17
8.7505542086991635e-07 1.3356000603119409e-18
7.6697806851047296e-07 4.6276886459728060e-20
6.7224925821413105e-07 1.3145552764314906e-21
5.8922032287977366e-07 3.0312493892202708e-23
5.1644622088070822e-07 5.6143636338867230e-25
4.5266038645511377e-07 8.2588010785956621e-27
3.9675268630346359e-07 9.5334972776773554e-29
3.4775009874786991e-07 8.5261407412795779e-31
3.0479977919205961e-07 5.8279248920214235e-33
2.6715421715203204e-07 3.0010079599746824e-35
2.3415822652923502e-07 1.1464653863907339e-37
2.0523754270408495e-07 3.1970230759767229e-40
1.7988882799277617e-07 6.3966987711691468e-43
1.5767091152163884e-07 9.0175829833813003e-46
1.3819711105718569e-07 8.7859798336487546e-49
1.2112850316040090e-07 5.7971679747087608e-52
1.0616802453857347e-07 2.5352265783855698e-55
9.3055301934152418e-08 7.1829038175548417e-59
8.1562120569646754e-08 1.2870477655776741e-62
7.1488452281041796e-08 1.4217148246839325e-66
6.2658974213094409e-08 9.4233816618853998e-71
5.4920017487613350e-08 3.6419018045653473e-75
4.8136892739131493e-08 7.9611999341514862e-80
4.2191545971398886e-08 9.5314920136247858e-85
3.6980503937047101e-08 6.0398615220214821e-90
3.2413073281671298e-08 1.9535287910843248e-95
2.8409762110096464e-08 3.1032183340128692e-101
2.4900896503654511e-08 2.3240311615223318e-107
2.1825407910239385e-08 7.8567245374816590e-114
1.9129770302785277e-08 1.1448995925481619e-120
1.6767068608401176e-08 6.8473876109865293e-128
1.4696182195031215e-08 1.5954813043132705e-135
1.2881069204985429e-08 1.3703725204853177e-143
1.1290139279827532e-08 4.0911693553376138e-152
9.8957037594806367e-09 3.9886388964257031e-161
8.6734937867741790e-09 1.1885308205435343e-170
7.6022379304893436e-09 1.0089752320666859e-180
6.6632919758239586e-09 2.2648606600124844e-191
5.8403144391222737e-09 1.2419870277911194e-202
5.1189821595056721e-09 1.5297652558290010e-214
4.4867410175393690e-09 3.8711742083137860e-227
3.9325874424250840e-09 1.8309010097869817e-240
3.4468769050550387e-09 1.4636769186238977e-254
3.0211560639260045e-09 1.7775811902203820e-269
2.6480156425693795e-09 2.9280174992584574e-285
2.3209614779648348e-09 5.7989543253231496e-302
2.0343014956549769e-09 0.0000000000000000e+00
1.7830466444677517e-09 0.0000000000000000e+00
1.5628240667070313e-09 0.0000000000000000e+00
1.3698009926194496e-09 0.0000000000000000e+00
1.2006180345909383e-09 0.0000000000000000e+00
1.0523307201205135e-09 0.0000000000000000e+00
9.2235824600674089e-10 0.0000000000000000e+00
8.0843856186124028e-10 0.0000000000000000e+00
7.0858900121926621e-10 0.0000000000000000e+00
6.2107177506840986e-10 0.0000000000000000e+00
5.4436372724231450e-10 0.0000000000000000e+00
4.7712982529998980e-10 0.0000000000000000e+00
4.1819992552417597e-10 0.0000000000000000e+00
3.6654840765501419e-10 0.0000000000000000e+00
3.2127632492047922e-10 0.0000000000000000e+00
2.8159575870141745e-10 0.0000000000000000e+00
2.4681610553860113e-10 0.0000000000000000e+00
2.1633205781992930e-10 0.0000000000000000e+00
1.8961306896273664e-10 0.0000000000000000e+00
1.6619411974250482e-10 0.0000000000000000e+00
1.4566762506446269e-10 0.0000000000000000e+00
1.2767634032297246e-10 0.0000000000000000e+00
1.1190714389043994e-10 0.0000000000000000e+00
9.8085587525743499e-11 0.0000000000000000e+00
8.5971119857096576e-11 0.0000000000000000e+00
7.5352899808480221e-11 0.0000000000000000e+00
6.6046127106231434e-11 0.0000000000000000e+00
5.7888826001644727e-11 0.0000000000000000e+00
5.0739026233265589e-11 0.0000000000000000e+00
4.4472292166140842e-11 0.0000000000000000e+00
3.8979557104978771e-11 0.0000000000000000e+00
3.4165225089457089e-11 0.0000000000000000e+00
2.9945507135178982e-11 0.0000000000000000e+00
2.6246962964098311e-11 0.0000000000000000e+00
2.3005222844579860e-11 0.0000000000000000e+00
2.0163867295911367e-11 0.0000000000000000e+00
1.7673445159559350e-11 0.0000000000000000e+00
1.5490612947610734e-11 0.0000000000000000e+00
1.3577380489558728e-11 0.0000000000000000e+00
1.1900449748612550e-11 0.0000000000000000e+00
1.0430635300245344e-11 0.0000000000000000e+00
9.1423563869431788e-12 0.0000000000000000e+00
8.0131917088420057e-12 0.0000000000000000e+00
7.0234892017947032e-12 0.0000000000000000e+00
6.1560240114179724e-12 0.0000000000000000e+00
5.3956987104744077e-12 0.0000000000000000e+00
4.7292805421513001e-12 0.0000000000000000e+00
4.1451711161990334e-12 0.0000000000000000e+00
3.6332045497040064e-12 0.0000000000000000e+00
3.1844705393232959e-12 0.0000000000000000e+00
2.7911592857177097e-12 0.0000000000000000e+00
2.4464255712359958e-12 0.0000000000000000e+00
2.1442696252494255e-12 0.0000000000000000e+00
1.8794327037075331e-12 0.0000000000000000e+00
1.6473055655743511e-12 0.0000000000000000e+00
1.4438482532623371e-12 0.0000000000000000e+00
1.2655197809168146e-12 0.0000000000000000e+00
1.1092165068407322e-12 0.0000000000000000e+00
9.7221811748891933e-13 0.0000000000000000e+00
8.5214028293344987e-13 0.0000000000000000e+00
7.4689315981213019e-13 0.0000000000000000e+00
6.5464501954276810e-13 0.0000000000000000e+00
5.7379036878574308e-13 0.0000000000000000e+00
5.0292200732120615e-13 0.0000000000000000e+00
4.4080653703415008e-13 0.0000000000000000e+00
3.8636289576394986e-13 0.0000000000000000e+00
3.3864354241992562e-13 0.0000000000000000e+00
2.9681796590731605e-13 0.0000000000000000e+00
2.6015823085180252e-13 0.0000000000000000e+00
2.2802630855935203e-13 0.0000000000000000e+00
1.9986297271841463e-13 0.0000000000000000e+00
1.7517806658456072e-13 0.0000000000000000e+00
1.5354197225686199e-13 0.0000000000000000e+00
1.3457813357671093e-13 0.0000000000000000e+00
1.1795650251706103e-13 0.0000000000000000e+00
1.0338779500256962e-13 0.0000000000000000e+00
9.0618456188520108e-14 0.0000000000000000e+00
7.9426247573869938e-14 0.0000000000000000e+00
6.9616379146227069e-14 0.0000000000000000e+00
6.1018119242305057e-14 0.0000000000000000e+00
5.3481823121648855e-14 0.0000000000000000e+00
4.6876328538691298e-14 0.0000000000000000e+00
4.1086672985495982e-14 0.0000000000000000e+00
3.6012092875911357e-14 0.0000000000000000e+00
3.1564269848791957e-14 0.0000000000000000e+00
2.7665793668820295e-14 0.0000000000000000e+00
2.4248814973143385e-14 0.0000000000000000e+00
2.1253864416130652e-14 0.0000000000000000e+00
1.8628817660556680e-14 0.0000000000000000e+00
1.6327988201848475e-14 0.0000000000000000e+00
1.4311332236838063e-14 0.0000000000000000e+00
1.2543751738500985e-14 0.0000000000000000e+00
1.0994483607342368e-14 0.0000000000000000e+00
9.6365642681768657e-15 0.0000000000000000e+00
8.4463603941059013e-15 0.0000000000000000e+00
7.4031575903781876e-15 0.0000000000000000e+00
6.4887998795574594e-15 0.0000000000000000e+00
5.6873737135716846e-15 0.0000000000000000e+00
4.9849310131648273e-15 0.0000000000000000e+00
4.3692464145119322e-15 0.0000000000000000e+00
3.8296044980982296e-15 0.0000000000000000e+00
3.3566132967788787e-15 0.0000000000000000e+00
2.9420408373000027e-15 0.0000000000000000e+00
2.5786718704377170e-15 0.0000000000000000e+00
2.2601822962760905e-15 0.0000000000000000e+00
1.9810290991124237e-15 0.0000000000000000e+00
1.7363538764091144e-15 0.0000000000000000e+00
1.5218982828024894e-15 0.0000000000000000e+00
1.3339299175506518e-15 0.0000000000000000e+00
1.1691773655595971e-15 0.0000000000000000e+00
1.0247732614370822e-15 0.0000000000000000e+00
8.9820438565688594e-16 0.0000000000000000e+00
7.8726792430346545e-16 0.0000000000000000e+00
6.9003313113842551e-16 0.0000000000000000e+00
6.0480772475262335e-16 0.0000000000000000e+00
5.3010843597748734e-16 0.0000000000000000e+00
4.6463519296060935e-16 0.0000000000000000e+00
4.0724849462065719e-16 0.0000000000000000e+00
3.5694957868775102e-16 0.0000000000000000e+00
3.1286303917230038e-16 0.0000000000000000e+00
2.7422159073551873e-16 0.0000000000000000e+00
2.4035271479960749e-16 0.0000000000000000e+00
2.1066695498553553e-16 0.0000000000000000e+00
1.8464765817136567e-16 0.0000000000000000e+00
1.6184198262375741e-16 0.0000000000000000e+00
1.4185301670753001e-16 0.0000000000000000e+00
1.2433287100669123e-16 0.0000000000000000e+00
1.0897662363176182e-16 0.0000000000000000e+00
9.5517013337040565e-17 0.0000000000000000e+00
8.3719788086454256e-17 0.0000000000000000e+00
7.3379628114092064e-17 0.0000000000000000e+00
6.4316572524072932e-17 0.0000000000000000e+00
5.6372887238030586e-17 0.0000000000000000e+00
4.9410319779745890e-17 0.0000000000000000e+00
4.3307693119002948e-17 0.0000000000000000e+00
3.7958796697740815e-17 0.0000000000000000e+00
3.3270537933782962e-17 0.0000000000000000e+00
2.9161322030768473e-17 0.0000000000000000e+00
2.5559631896384316e-17 0.0000000000000000e+00
2.2402783453691388e-17 0.0000000000000000e+00
1.9635834682892499e-17 0.0000000000000000e+00
1.7210629406425523e-17 0.0000000000000000e+00
1.5084959175348165e-17 0.0000000000000000e+00
1.3221828670423862e-17 0.0000000000000000e+00
1.1588811832897154e-17 0.0000000000000000e+00
1.0157487519008350e-17 0.0000000000000000e+00
8.9029448563422880e-18 0.0000000000000000e+00
7.8033496931935984e-18 0.0000000000000000e+00
6.8395645954030766e-18 0.0000000000000000e+00
5.9948157770622996e-18 0.0000000000000000e+00
5.2544011683242447e-18 0.0000000000000000e+00
4.6054345395108313e-18 0.0000000000000000e+00
4.0366212282347288e-18 0.0000000000000000e+00
3.5380615662743147e-18 0.0000000000000000e+00
3.1010785850278288e-18 0.0000000000000000e+00
2.7180670009213169e-18 0.0000000000000000e+00
2.3823608525003259e-18 0.0000000000000000e+00
2.0881174855521447e-18 0.0000000000000000e+00
1.8302158671271287e-18 0.0000000000000000e+00
1.6041674587089518e-18 0.0000000000000000e+00
1.4060380973639476e-18 0.0000000000000000e+00
1.2323795252834087e-18 0.0000000000000000e+00
1.0801693760539755e-18 0.0000000000000000e+00
9.4675857317293151e-19 0.0000000000000000e+00
8.2982522532804576e-19 0.0000000000000000e+00
7.2733421603245688e-19 0.0000000000000000e+00
6.3750178430936362e-19 0.0000000000000000e+00
5.5876447998630480e-19 0.0000000000000000e+00
4.8975195329469703e-19 0.0000000000000000e+00
4.2926310520283969e-19 0.0000000000000000e+00
3.7624518340104687e-19 0.0000000000000000e+00
3.2977546012391054e-19 0.0000000000000000e+00
2.8904517292921205e-19 0.0000000000000000e+00
2.5334544893754650e-19 0.0000000000000000e+00
2.2205496755721914e-19 0.0000000000000000e+00
1.9462914697549162e-19 0.0000000000000000e+00
1.7059066621712245e-19 0.0000000000000000e+00
1.4952115781541295e-19 0.0000000000000000e+00
1.3105392651440187e-19 0.0000000000000000e+00
1.1486756727797220e-19 0.0000000000000000e+00
1.0068037153323499e-19 0.0000000000000000e+00
8.8245424294053546e-20 0.0000000000000000e+00
7.7346306834663698e-20 0.0000000000000000e+00
6.7793330122444389e-20 0.0000000000000000e+00
5.9420233456201695e-20 0.0000000000000000e+00
5.2081290852838308e-20 0.0000000000000000e+00
4.5648774821749553e-20 0.0000000000000000e+00
4.0010733386291098e-20 0.0000000000000000e+00
3.5069041663438761e-20 0.0000000000000000e+00
3.0737694091190645e-20 0.0000000000000000e+00
2.6941307581513066e-20 0.0000000000000000e+00
2.3613809547597840e-20 0.0000000000000000e+00
2.0697287971755947e-20 0.0000000000000000e+00
1.8140983500452211e-20 0.0000000000000000e+00
1.5900406024826604e-20 0.0000000000000000e+00
1.3936560371604979e-20 0.0000000000000000e+00
1.2215267628268526e-20 0.0000000000000000e+00
1.0706570290775505e-20 0.0000000000000000e+00
9.3842108809829783e-21 0.0000000000000000e+00
8.2251749595883569e-21 0.0000000000000000e+00
7.2092905811546253e-21 0.0000000000000000e+00
6.3188772201054703e-21 0.0000000000000000e+00
5.5384380575727899e-21 0.0000000000000000e+00
4.8543902736345099e-21 0.0000000000000000e+00
4.2548286509291910e-21 0.0000000000000000e+00
3.7293183753875804e-21 0.0000000000000000e+00
3.2687134279699383e-21 0.0000000000000000e+00
2.8649974066857632e-21 0.0000000000000000e+00
2.5111440085507673e-21 0.0000000000000000e+00
2.2009947432988524e-21 0.0000000000000000e+00
1.9291517505701042e-21 0.0000000000000000e+00
1.6908838551562000e-21 0.0000000000000000e+00
1.4820442252834573e-21 0.0000000000000000e+00
1.2989982008510802e-21 0.0000000000000000e+00
1.1385600355425360e-21 0.0000000000000000e+00
9.9793745186505725e-22 0.0000000000000000e+00
8.7468304414916223e-22 0.0000000000000000e+00
7.6665168372245720e-22 0.0000000000000000e+00
6.7196318493427603e-22 0.0000000000000000e+00
5.8896958226792344e-22 0.0000000000000000e+00
5.1622644902902054e-22 0.0000000000000000e+00
4.5246775843830473e-22 0.0000000000000000e+00
3.9658384960952446e-22 0.0000000000000000e+00
3.4760211493070482e-22 0.0000000000000000e+00
3.0467007273055910e-22 0.0000000000000000e+00
2.6704053062550776e-22 0.0000000000000000e+00
2.3405858132911438e-22 0.0000000000000000e+00
2.0515020459805409e-22 0.0000000000000000e+00
1.7981227694209616e-22 0.0000000000000000e+00
1.5760381522625960e-22 0.0000000000000000e+00
1.3813830176830318e-22 0.0000000000000000e+00
1.2107695735687594e-22 0.0000000000000000e+00
1.0612284511349422e-22 0.0000000000000000e+00
9.3015702581521035e-23 0.0000000000000000e+00
8.1527412099450309e-23 0.0000000000000000e+00
7.1458030624541758e-23 0.0000000000000000e+00
6.2632309909569374e-23 0.0000000000000000e+00
5.4896646469586305e-23 0.0000000000000000e+00
4.8116408255706054e-23 0.0000000000000000e+00
4.2173591509135855e-23 0.0000000000000000e+00
3.6964767015179959e-23 0.0000000000000000e+00
3.2399280013667822e-23 0.0000000000000000e+00
2.8397672436917549e-23 0.0000000000000000e+00
2.4890300015749439e-23 0.0000000000000000e+00
2.1816120185562081e-23 0.0000000000000000e+00
1.9121629697100233e-23 0.0000000000000000e+00
1.6759933442014699e-23 0.0000000000000000e+00
1.4689928286989532e-23 0.0000000000000000e+00
1.2875587711818191e-23 0.0000000000000000e+00
1.1285334801229160e-23 0.0000000000000000e+00
9.8914926779563165e-24 0.0000000000000000e+00
8.6698028123549212e-24 0.0000000000000000e+00
7.5990028251880852e-24 0.0000000000000000e+00
6.6604564356327797e-24 0.0000000000000000e+00
5.8378291140935433e-24 0.0000000000000000e+00
5.1168037948619091e-24 0.0000000000000000e+00
4.4848317008639458e-24 0.0000000000000000e+00
3.9309139438318129e-24 0.0000000000000000e+00
3.4454100988526990e-24 0.0000000000000000e+00
3.0198704217128167e-24 0.0000000000000000e+00
2.6468887889347984e-24 0.0000000000000000e+00
2.3199738010662835e-24 0.0000000000000000e+00
2.0334358058919276e-24 0.0000000000000000e+00
1.7822878753126126e-24 0.0000000000000000e+00
1.5621590124862656e-24 0.0000000000000000e+00
1.3692180786810042e-24 0.0000000000000000e+00
1.2001071158583130e-24 0.0000000000000000e+00
1.0518829045269303e-24 0.0000000000000000e+00
9.2196573973705333e-25 0.0000000000000000e+00
8.0809453370779635e-25 0.0000000000000000e+00
7.0828746369107258e-25 0.0000000000000000e+00
6.2080748018440914e-25 0.0000000000000000e+00
5.4413207519512578e-25 0.0000000000000000e+00
4.7692678440054288e-25 0.0000000000000000e+00
4.1802196203389602e-25 0.0000000000000000e+00
3.6639242428437854e-25 0.0000000000000000e+00
3.2113960692356809e-25 0.0000000000000000e+00
2.8147592662827027e-25 0.0000000000000000e+00
2.4671107382310512e-25 0.0000000000000000e+00
2.1623999848247229e-25 0.0000000000000000e+00
1.8953237979591835e-25 0.0000000000000000e+00
1.6612339642619825e-25 0.0000000000000000e+00
1.4560563672492923e-25 0.0000000000000000e+00
1.2762200811064444e-25 0.0000000000000000e+00
1.1185952220354032e-25 0.0000000000000000e+00
9.8043847552976454e-26 0.0000000000000000e+00
8.5934535152940671e-26 0.0000000000000000e+00
7.5320833650084640e-26 0.0000000000000000e+00
6.6018021411844278e-26 0.0000000000000000e+00
5.7864191617717588e-26 0.0000000000000000e+00
5.0717434421190172e-26 0.0000000000000000e+00
4.4453367140449572e-26 0.0000000000000000e+00
3.8962969493148681e-26 0.0000000000000000e+00
3.4150686199485988e-26 0.0000000000000000e+00
2.9932763931169088e-26 0.0000000000000000e+00
2.6235793662400343e-26 0.0000000000000000e+00
2.2995433053855055e-26 0.0000000000000000e+00
2.0155286633930256e-26 0.0000000000000000e+00
1.7665924287856989e-26 0.0000000000000000e+00
1.5484020972389386e-26 0.0000000000000000e+00
1.3571602683602260e-26 0.0000000000000000e+00
1.1895385554566160e-26 0.0000000000000000e+00
1.0426196580507567e-26 0.0000000000000000e+00
9.1384658897127069e-27 0.0000000000000000e+00
8.0097817236225500e-27 0.0000000000000000e+00
7.0205003809556004e-27 0.0000000000000000e+00
6.1534043373040498e-27 0.0000000000000000e+00
5.3934025900869435e-27 0.0000000000000000e+00
4.7272680136441386e-27 0.0000000000000000e+00
4.1434071533797284e-27 0.0000000000000000e+00
3.6316584524354138e-27 0.0000000000000000e+00
3.1831153992162036e-27 0.0000000000000000e+00
2.7899715178151177e-27 0.0000000000000000e+00
2.4453845035389777e-27 0.0000000000000000e+00
2.1433571389400971e-27 0.0000000000000000e+00
1.8786329178078288e-27 0.0000000000000000e+00
1.6466045605523296e-27 0.0000000000000000e+00
1.4432338287756326e-27 0.0000000000000000e+00
1.2649812434769915e-27 0.0000000000000000e+00
1.1087444837030369e-27 0.0000000000000000e+00
9.7180439352836455e-28 0.0000000000000000e+00
8.5177765766810153e-28 0.0000000000000000e+00
7.4657532208553975e-28 0.0000000000000000e+00
6.5436643768403546e-28 0.0000000000000000e+00
5.7354619433594603e-28 0.0000000000000000e+00
5.0270799065046918e-28 0.0000000000000000e+00
4.4061895338077677e-28 0.0000000000000000e+00
3.8619848040839954e-28 0.0000000000000000e+00
3.3849943386539775e-28 0.0000000000000000e+00
2.9669165607805087e-28 0.0000000000000000e+00
2.6004752144235318e-28 0.0000000000000000e+00
2.2792927277510314e-28 0.0000000000000000e+00
1.9977792174152261e-28 0.0000000000000000e+00
1.7510352018164061e-28 0.0000000000000000e+00
1.5347663301689797e-28 0.0000000000000000e+00
1.3452086433082054e-28 0.0000000000000000e+00
1.1790630654712526e-28 0.0000000000000000e+00
1.0334379869427859e-28 0.0000000000000000e+00
9.0579893826925849e-29 0.0000000000000000e+00
7.9392448016829015e-29 0.0000000000000000e+00
6.9586754143787824e-29 0.0000000000000000e+00
6.0992153198773923e-29 0.0000000000000000e+00
5.3459064122116489e-29 0.0000000000000000e+00
4.6856380483875262e-29 0.0000000000000000e+00
4.1069188698000084e-29 0.0000000000000000e+00
3.5996768057924913e-29 0.0000000000000000e+00
3.1550837786068622e-29 0.0000000000000000e+00
2.7654020588763926e-29 0.0000000000000000e+00
2.4238495976213196e-29 0.0000000000000000e+00
2.1244819909753432e-29 0.0000000000000000e+00
1.8620890233485907e-29 0.0000000000000000e+00
1.6321039884567089e-29 0.0000000000000000e+00
1.4305242100326962e-29 0.0000000000000000e+00
1.2538413789581582e-29 0.0000000000000000e+00
1.0989804943963605e-29 0.0000000000000000e+00
9.6324634625411671e-30 0.0000000000000000e+00
8.4427660754938547e-30 0.0000000000000000e+00
7.4000072030073612e-30 0.0000000000000000e+00
6.4860385938571334e-30 0.0000000000000000e+00
5.6849534719244751e-30 0.0000000000000000e+00
4.9828096935093697e-30 0.0000000000000000e+00
4.3673870972467279e-30 0.0000000000000000e+00
3.8279748235304215e-30 0.0000000000000000e+00
3.3551849019338117e-30 0.0000000000000000e+00
2.9407888622899511e-30 0.0000000000000000e+00
2.5775745257985867e-30 0.0000000000000000e+00
2.2592204837420073e-30 0.0000000000000000e+00
1.9801860792281527e-30 0.0000000000000000e+00
1.7356149771952666e-30 0.0000000000000000e+00
1.5212506444034296e-30 0.0000000000000000e+00
1.3333622684205999e-30 0.0000000000000000e+00
1.1686798262918261e-30 0.0000000000000000e+00
1.0243371728220047e-30 0.0000000000000000e+00
8.9782215797654208e-31 0.0000000000000000e+00
7.8693290523951864e-31 0.0000000000000000e+00
6.8973948999473130e-31 0.0000000000000000e+00
6.0455035097736925e-31 0.0000000000000000e+00
5.2988285021878675e-31 0.0000000000000000e+00
4.6443746910749272e-31 0.0000000000000000e+00
4.0707519147282793e-31 0.0000000000000000e+00
3.5679768006462532e-31 0.0000000000000000e+00
3.1272990141919826e-31 0.0000000000000000e+00
2.7410489671330635e-31 0.0000000000000000e+00
2.4025043355703874e-31 0.0000000000000000e+00
2.1057730641242880e-31 0.0000000000000000e+00
1.8456908201743724e-31 0.0000000000000000e+00
1.6177311134391465e-31 0.0000000000000000e+00
1.4179265166100859e-31 0.0000000000000000e+00
1.2427996159583299e-31 0.0000000000000000e+00
1.0893024901733366e-31 0.0000000000000000e+00
9.5476366411881628e-32 0.0000000000000000e+00
8.3684161428524070e-32 0.0000000000000000e+00
7.3348401674445998e-32 0.0000000000000000e+00
6.4289202835485198e-32 0.0000000000000000e+00
5.6348897956451294e-32 0.0000000000000000e+00
4.9389293393975190e-32 0.0000000000000000e+00
4.3289263684291983e-32 0.0000000000000000e+00
3.7942643466869677e-32 0.0000000000000000e+00
3.3256379774747235e-32 0.0000000000000000e+00
2.9148912533939023e-32 0.0000000000000000e+00
2.5548755085976139e-32 0.0000000000000000e+00
2.2393250028905411e-32 0.0000000000000000e+00
1.9627478723310697e-32 0.0000000000000000e+00
1.7203305484319840e-32 0.0000000000000000e+00
1.5078539824645837e-32 0.0000000000000000e+00
1.3216202168278800e-32 0.0000000000000000e+00
1.1583880255256736e-32 0.0000000000000000e+00
1.0153165036336798e-32 0.0000000000000000e+00
8.8991562398369447e-33 0.0000000000000000e+00
7.8000290054973792e-33 0.0000000000000000e+00
6.8366540430258986e-33 0.0000000000000000e+00
5.9922647045390002e-33 0.0000000000000000e+00
5.2521651766031660e-33 0.0000000000000000e+00
4.6034747132295075e-33 0.0000000000000000e+00
4.0349034584341432e-33 0.0000000000000000e+00
3.5365559567637852e-33 0.0000000000000000e+00
3.0997589320701128e-33 0.0000000000000000e+00
2.7169103371804006e-33 0.0000000000000000e+00
2.3813470473163731e-33 0.0000000000000000e+00
2.0872288945860307e-33 0.0000000000000000e+00
1.8294370252770801e-33 0.0000000000000000e+00
1.6034848109547880e-33 0.0000000000000000e+00
1.4054397628545269e-33 0.0000000000000000e+00
1.2318550905614314e-33 0.0000000000000000e+00
1.0797097138194320e-33 0.0000000000000000e+00
9.4635568343085451e-34 0.0000000000000000e+00
8.2947209615607414e-34 0.0000000000000000e+00
7.2702470154480994e-34 0.0000000000000000e+00
6.3723049769339658e-34 0.0000000000000000e+00
5.5852669975003063e-34 0.0000000000000000e+00
4.8954354109359774e-34 0.0000000000000000e+00
4.2908043381581577e-34 0.0000000000000000e+00
3.7608507360199845e-34 0.0000000000000000e+00
3.2963512535026044e-34 0.0000000000000000e+00
2.8892217078434176e-34 0.0000000000000000e+00
2.5323763868319554e-34 0.0000000000000000e+00
2.2196047285588291e-34 0.0000000000000000e+00
1.9454632323451846e-34 0.0000000000000000e+00
1.7051807196610318e-34 0.0000000000000000e+00
1.4945752961872525e-34 0.0000000000000000e+00
1.3099815698228488e-34 0.0000000000000000e+00
1.1481868579343458e-34 0.0000000000000000e+00
1.0063752735936783e-34 0.0000000000000000e+00
8.8207871767738263e-35 0.0000000000000000e+00
7.7313392389002241e-35 0.0000000000000000e+00
6.7764480912031604e-35 0.0000000000000000e+00
5.9394947387282261e-35 0.0000000000000000e+00
5.2059127844830470e-35 0.0000000000000000e+00
4.5629349148050669e-35 0.0000000000000000e+00
3.9993706961063926e-35 0.0000000000000000e+00
3.5054118157540821e-35 0.0000000000000000e+00
3.0724613774840353e-35 0.0000000000000000e+00
2.6929842803934193e-35 0.0000000000000000e+00
2.3603760774966844e-35 0.0000000000000000e+00
2.0688480314504059e-35 0.0000000000000000e+00
1.8133263669472315e-35 0.0000000000000000e+00
1.5893639663619102e-35 0.0000000000000000e+00
1.3930629717927507e-35 0.0000000000000000e+00
1.2210069464593334e-35 0.0000000000000000e+00
1.0702014147884074e-35 0.0000000000000000e+00
9.3802174634332027e-36 0.0000000000000000e+00
8.2216747656508860e-36 0.0000000000000000e+00
7.2062226931997055e-36 0.0000000000000000e+00
6.3161882443881006e-36 0.0000000000000000e+00
5.5360811949641005e-36 0.0000000000000000e+00
4.8523245051263144e-36 0.0000000000000000e+00
4.2530180237361978e-36 0.0000000000000000e+00
3.7277313772224869e-36 0.0000000000000000e+00
3.2673224386013076e-36 0.0000000000000000e+00
2.8637782172334990e-36 0.0000000000000000e+00
2.5100754001530090e-36 0.0000000000000000e+00
2.2000581178174293e-36 0.0000000000000000e+00
1.9283308069069007e-36 0.0000000000000000e+00
1.6901643055480925e-36 0.0000000000000000e+00
1.4814135466367552e-36 0.0000000000000000e+00
1.2984454167887658e-36 0.0000000000000000e+00
1.1380755253706021e-36 0.0000000000000000e+00
9.9751278313324831e-37 0.0000000000000000e+00
8.7431082589199633e-37 0.0000000000000000e+00
7.6632543782632706e-37 0.0000000000000000e+00
