# k_modes P_scalar P_tensor
4.5687912471088215e-05 2.4529633122608859e-09 9.7754444101738299e-12
4.8654517532974306e-05 2.4472829462586319e-09 9.7750774854804835e-12
5.1813750034312388e-05 2.4416080662812699e-09 9.7747051589336678e-12
5.5178117649583963e-05 2.4359407140127626e-09 9.7743356476523847e-12
5.8760940200913868e-05 2.4302798399243735e-09 9.7739647288273913e-12
6.2576402392396888e-05 2.4246255913159022e-09 9.7735929704597989e-12
6.6639609968566620e-05 2.4189778164358012e-09 9.7732197729809609e-12
7.0966649519344367e-05 2.4133366354514027e-09 9.7728456224233237e-12
7.5574652168237727e-05 2.4077022591929571e-09 9.7724713718274213e-12
8.0481861395939919e-05 2.4020740411795852e-09 9.7720943709170223e-12
8.5707705267846007e-05 2.3964527320446332e-09 9.7717176711569829e-12
9.1272873351442113e-05 2.3908381856851149e-09 9.7713406767095091e-12
9.7199398628092086e-05 2.3852301436316317e-09 9.7709623651055543e-12
1.0351074472351422e-04 2.3796287753923016e-09 9.7705834140941460e-12
1.1023189880230248e-04 2.3740341916224699e-09 9.7702042352977667e-12
1.1738947049427175e-04 2.3684459530060910e-09 9.7698230704310398e-12
1.2501179724428062e-04 2.3628645730081376e-09 9.7694419827336290e-12
1.3312905650262480e-04 2.3572896895145880e-09 9.7690595274561752e-12
1.4177338520017112e-04 2.3517209864084706e-09 9.7686743639902845e-12
1.5097900698124312e-04 2.3461592298647834e-09 9.7682896719288460e-12
1.6078236769798680e-04 2.3406043516000507e-09 9.7679051370780314e-12
1.7122227970264934e-04 2.3350558756911296e-09 9.7675188014571413e-12
1.8234007550903465e-04 2.3295136556537461e-09 9.7671300591480730e-12
1.9417977143149792e-04 2.3239786414688559e-09 9.7667428647734046e-12
2.0678824184933782e-04 2.3184502039539201e-09 9.7663545662114973e-12
2.2021540478651453e-04 2.3129285075783022e-09 9.7659658864450348e-12
2.3451441954142128e-04 2.3074127602821665e-09 9.7655734558139790e-12
2.4974189714913915e-04 2.3019037998100943e-09 9.7651808611457473e-12
2.6595812450941765e-04 2.2964016337764675e-09 9.7647880434798879e-12
2.8322730306772152e-04 2.2909061936982001e-09 9.7643947335111619e-12
3.0161780299429975e-04 2.2854172033304327e-09 9.7639998193593874e-12
3.2120243386759862e-04 2.2799350401324566e-09 9.7636048725162494e-12
3.4205873293367562e-04 2.2744591518429391e-09 9.7632074965293526e-12
3.6426927208285529e-04 2.2689901015963193e-09 9.7628101344531070e-12
3.8792198475897982e-04 2.2635275454401755e-09 9.7624112731061269e-12
4.1311051409551167e-04 2.2580722321983690e-09 9.7620141945377014e-12
4.3993458365679093e-04 2.2526227655939742e-09 9.7616128416958345e-12
4.6850039225224588e-04 2.2471800774952194e-09 9.7612112035737353e-12
4.9892103438665437e-04 2.2417439217080273e-09 9.7608082500805549e-12
5.3131694801106244e-04 2.2363146839277586e-09 9.7604056191984293e-12
5.6581639134704214e-04 2.2308921191628414e-09 9.7600022824299424e-12
6.0255595067207118e-04 2.2254762540141310e-09 9.7595983375070391e-12
6.4168108107641008e-04 2.2200662056746999e-09 9.7591899362556733e-12
6.8334668233237630e-04 2.2146632663233180e-09 9.7587826807003921e-12
7.2771771215592474e-04 2.2092671852694619e-09 9.7583754958691373e-12
7.7496983928850201e-04 2.2038773481946829e-09 9.7579657414113036e-12
8.2529013898477823e-04 2.1984943482677230e-09 9.7575559389422560e-12
8.7887783365973697e-04 2.1931175329994937e-09 9.7571432047463195e-12
9.3594508162744415e-04 2.1877482223814186e-09 9.7567334533525793e-12
9.9671781705413837e-04 2.1823851989325020e-09 9.7563212275117037e-12
1.0614366444511220e-03 2.1770284192245081e-09 9.7559063616950520e-12
1.1303577912488176e-03 2.1716780986267800e-09 9.7554897622645305e-12
1.2037541222232999e-03 2.1663349646730200e-09 9.7550746841454347e-12
1.2819162197915284e-03 2.1609983603353940e-09 9.7546582233820801e-12
1.3651535344522503e-03 2.1556680143163247e-09 9.7542391299219465e-12
1.4537956099272590e-03 2.1503445498540386e-09 9.7538202028495050e-12
1.5481933878534705e-03 2.1450273321523900e-09 9.7533986051794730e-12
1.6487205971911973e-03 2.1397170334917311e-09 9.7529773267758978e-12
1.7557752338493813e-03 2.1344134174628714e-09 9.7525553152024248e-12
1.8697811363858124e-03 2.1291164356837617e-09 9.7521323731370513e-12
1.9911896640205889e-03 2.1238258901385807e-09 9.7517075765706719e-12
2.1204814836062787e-03 2.1185421402228152e-09 9.7512825488488835e-12
2.2581684726295350e-03 2.1132650430042033e-09 9.7508566243466384e-12
2.4047957457782854e-03 2.1079945019284261e-09 9.7504293933057252e-12
2.5609438130978967e-03 2.1027304570345486e-09 9.7500005692112267e-12
2.7272308782806155e-03 2.0974730921692602e-09 9.7495709551988671e-12
2.9043152861873956e-03 2.0922224139641595e-09 9.7491406438275542e-12
3.0928981292920989e-03 2.0869784268036103e-09 9.7487095672495836e-12
3.2937260233672013e-03 2.0817402685992516e-09 9.7482737934069640e-12
3.5075940634001174e-03 2.0765095710384205e-09 9.7478408807605006e-12
3.7353489714430127e-03 2.0712853115380201e-09 9.7474060321310817e-12
3.9778924488585408e-03 2.0660677499830715e-09 9.7469704902970336e-12
4.2361847462334731e-03 2.0608565916089616e-09 9.7465329203291822e-12
4.5112484650937654e-03 2.0556522397836572e-09 9.7460951168723954e-12
4.8041726064723452e-03 2.0504542116614461e-09 9.7456548488631252e-12
5.1161168823583179e-03 2.0452630656529308e-09 9.7452147425516463e-12
5.4483163070969676e-03 2.0400781424894222e-09 9.7447716594706558e-12
5.8020860869182440e-03 2.0349005962227544e-09 9.7443310865623372e-12
6.1788268269519029e-03 2.0297294858579301e-09 9.7438885999849823e-12
6.5800300763442345e-03 2.0245641818612365e-09 9.7434410746119087e-12
7.0072842334300616e-03 2.0194061809312640e-09 9.7429957188568753e-12
7.4622808343389625e-03 2.0142546603366549e-09 9.7425486285880433e-12
7.9468212499330167e-03 2.0091093605389218e-09 9.7420984931937816e-12
8.4628238175896969e-03 2.0039708518802547e-09 9.7416480669646939e-12
9.0123314360653576e-03 1.9988394041829518e-09 9.7411986607354478e-12
9.5975196535079011e-03 1.9937141505781627e-09 9.7407460873421327e-12
1.0220705280639916e-02 1.9885960764777287e-09 9.7402950938053841e-12
1.0884355563212577e-02 1.9834839034038961e-09 9.7398395176922425e-12
1.1591097950044720e-02 1.9783788666172144e-09 9.7393853347827112e-12
1.2343730495319810e-02 1.9732800763628128e-09 9.7389281420992814e-12
1.3145232936324228e-02 1.9681883497574685e-09 9.7384720291568340e-12
1.3998778490484736e-02 1.9631027986753592e-09 9.7380125638238487e-12
1.4907746418410413e-02 1.9580239560712971e-09 9.7375524045199257e-12
1.5875735402677480e-02 1.9529516933708737e-09 9.7370909161397956e-12
1.6906577795324562e-02 1.9478862346805311e-09 9.7366291639688375e-12
1.8004354790465679e-02 1.9428273079513853e-09 9.7361658086614875e-12
1.9173412582090300e-02 1.9377748169418496e-09 9.7357003863915344e-12
2.0418379571020988e-02 1.9327292219924999e-09 9.7352351856593419e-12
2.1744184689152280e-02 1.9276903220033932e-09 9.7347691960010810e-12
2.3156076913517891e-02 1.9226576418152353e-09 9.7343000009549015e-12
2.4659646047444458e-02 1.9176313977610787e-09 9.7338287097171071e-12
2.6260844851065907e-02 1.9126121953675945e-09 9.7333583618116980e-12
2.7966012608815354e-02 1.9075998226455382e-09 9.7328878873274764e-12
2.9781900227199835e-02 1.9025935886062121e-09 9.7324138090410169e-12
3.1715696962222657e-02 1.8975943724414195e-09 9.7319405011167444e-12
3.3775058882269123e-02 1.8926014174719400e-09 9.7314641992651730e-12
3.5968139179142995e-02 1.8876151008321762e-09 9.7309867811293616e-12
3.8303620447257263e-02 1.8826353110273579e-09 9.7305076883319169e-12
4.0790749058775770e-02 1.8776622821580647e-09 9.7300280494678724e-12
4.3439371770799824e-02 1.8726958892784020e-09 9.7295473011442286e-12
4.6259974709530215e-02 1.8677360079212871e-09 9.7290647747880661e-12
4.9263724885747186e-02 1.8627826220456476e-09 9.7285803605841519e-12
5.2462514405971029e-02 1.8578363150568123e-09 9.7280971094914953e-12
5.5869007554339663e-02 1.8528963740523744e-09 9.7276113188608383e-12
5.9496690931603653e-02 1.8479627405816853e-09 9.7271226392069407e-12
6.3359926849744216e-02 1.8430362123248914e-09 9.7266352623702287e-12
6.7474010193607409e-02 1.8381162940452013e-09 9.7261465880339004e-12
7.1855228974675181e-02 1.8332028804153783e-09 9.7256560310902664e-12
7.6520928816710035e-02 1.8282958053297460e-09 9.7251627536359331e-12
8.1489581628578597e-02 1.8233954607564306e-09 9.7246687755148788e-12
8.6780858736135322e-02 1.8185021308345029e-09 9.7241756199508998e-12
9.2415708762701054e-02 1.8136150220281008e-09 9.7236790946573882e-12
9.8416440566473348e-02 1.8087345594989919e-09 9.7231814167320165e-12
1.0480681156322370e-01 1.8038605516003651e-09 9.7226815285821614e-12
1.1161212178396009e-01 1.7989935873689958e-09 9.7221826975907973e-12
1.1885931403993538e-01 1.7941326878773692e-09 9.7216795695963772e-12
1.2657708059156586e-01 1.7892785404825279e-09 9.7211758169343145e-12
1.3479597674356941e-01 1.7844316278158154e-09 9.7206741070095539e-12
1.4354854181605792e-01 1.7795904842843939e-09 9.7201664634800864e-12
1.5286942797051670e-01 1.7747565177783182e-09 9.7196605518496026e-12
1.6279553740070674e-01 1.7699290232148115e-09 9.7191525193168242e-12
1.7336616843163916e-01 1.7651081129866096e-09 9.7186429607839342e-12
1.8462317110503917e-01 1.7602939089213275e-09 9.7181325260178346e-12
1.9661111286727817e-01 1.7554860315455220e-09 9.7176191600670080e-12
2.0937745501574517e-01 1.7506850769541441e-09 9.7171061360392929e-12
2.2297274060222516e-01 1.7458902523384726e-09 9.7165890529571838e-12
2.3745079453720791e-01 1.7411023227708126e-09 9.7160721058974365e-12
2.5286893668736043e-01 1.7363210273056921e-09 9.7155538950592312e-12
2.6928820880983234e-01 1.7315461620178992e-09 9.7150332803127124e-12
2.8677361622184827e-01 1.7267783200677042e-09 9.7145135514068832e-12
3.0539438516237460e-01 1.7220168421628093e-09 9.7139910302614960e-12
3.2522423686478291e-01 1.7172618954343066e-09 9.7134666285156176e-12
3.4634167942558414e-01 1.7125138373637864e-09 9.7129423571832479e-12
3.6883031862476551e-01 1.7077720570810716e-09 9.7124147726852531e-12
3.9277918892829955e-01 1.7030372319451150e-09 9.7118876986009246e-12
4.1828310598328794e-01 1.6983084701456379e-09 9.7113560742764848e-12
4.4544304200130408e-01 1.6935870609051286e-09 9.7108272132288497e-12
4.7436652551610098e-01 1.6888714087533111e-09 9.7102919806982963e-12
5.0516806709837292e-01 1.6841634166001754e-09 9.7097613025992511e-12
5.3796961271299459e-01 1.6794610367499116e-09 9.7092234372919843e-12
5.7290102651364039e-01 1.6747656339916808e-09 9.7086862072032299e-12
6.1010060498618857e-01 1.6700772690337738e-09 9.7081499152672624e-12
6.4971562447645592e-01 1.6653948432121615e-09 9.7076082884943671e-12
6.9190292426998679e-01 1.6607192005020786e-09 9.7070661745948026e-12
7.3682952753232756e-01 1.6560503046044179e-09 9.7065233344031711e-12
7.8467330256818157e-01 1.6513882904879165e-09 9.7059805594976435e-12
8.3562366701739521e-01 1.6467322709985982e-09 9.7054326873902355e-12
8.8988233777575676e-01 1.6420832797877942e-09 9.7048857353604434e-12
9.4766412960962876e-01 1.6374403759399576e-09 9.7043341430919195e-12
1.0091978056261668e+00 1.6328050071314985e-09 9.7037865111492211e-12
1.0747269829662232e+00 1.6281758265209490e-09 9.7032348349767498e-12
1.1445110973056722e+00 1.6235529799277816e-09 9.7026799577777212e-12
1.2188264299836646e+00 1.6189367645977472e-09 9.7021236811350402e-12
1.2979672018243169e+00 1.6143271731378041e-09 9.7015658941691557e-12
1.3822467379823966e+00 1.6097246347621872e-09 9.7010091847920797e-12
1.4719987084246662e+00 1.6051282363424572e-09 9.7004480664800094e-12
1.5675784489581339e+00 1.6005383728501293e-09 9.6998849767975040e-12
1.6693643680352137e+00 1.5959554924168812e-09 9.6993225454380967e-12
1.7777594449054783e+00 1.5913792113585492e-09 9.6987584226185495e-12
1.8931928250453518e+00 1.5868093624721970e-09 9.6981916273947234e-12
2.0161215191821267e+00 1.5822460913485188e-09 9.6976230408582008e-12
2.1470322126389139e+00 1.5776897179551822e-09 9.6970546425203910e-12
2.2864431921639188e+00 1.5731394370929999e-09 9.6964814341308945e-12
2.4349063978724530e+00 1.5685963252452787e-09 9.6959100246832816e-12
2.5930096084255352e+00 1.5640595544933383e-09 9.6953352935998240e-12
2.7613787680964337e+00 1.5595292217448593e-09 9.6947579248784176e-12
2.9406804649381000e+00 1.5550059052710878e-09 9.6941814071262508e-12
3.1316245698629075e+00 1.5504888790519872e-09 9.6936012608620064e-12
3.3349670470829262e+00 1.5459786970111360e-09 9.6930208849719005e-12
3.5515129470375415e+00 1.5414750185105576e-09 9.6924382032704617e-12
3.7821195936577561e+00 1.5369777301325340e-09 9.6918524926345552e-12
4.0276999785856997e+00 1.5324874095951075e-09 9.6912673799258216e-12
4.2892263757874103e+00 1.5280032137574368e-09 9.6906774598192698e-12
4.5677341908695368e+00 1.5235261305579130e-09 9.6900890469496025e-12
4.8643260603395895e+00 1.5190550356327217e-09 9.6894950105033910e-12
5.1801762170391230e+00 1.5145912903992757e-09 9.6889039680025358e-12
5.5165351390331061e+00 1.5101339222918471e-09 9.6883097267457423e-12
5.8747345003605531e+00 1.5056829462654634e-09 9.6877123550969256e-12
6.2561924432471985e+00 1.5012384793264822e-09 9.6871126247704128e-12
6.6624191926530942e+00 1.4968009122613986e-09 9.6865130001482618e-12
7.0950230353836856e+00 1.4923700024839819e-09 9.6859119645905950e-12
7.5557166874363393e+00 1.4879453064992954e-09 9.6853066491441227e-12
8.0463240747909470e+00 1.4835273813290473e-09 9.6847005892252456e-12
8.5687875544904415e+00 1.4791162362628740e-09 9.6840938434752853e-12
9.1251756046002814e+00 1.4747114909758531e-09 9.6834840161318933e-12
9.7176910134918160e+00 1.4703133925139573e-09 9.6828726363125711e-12
1.0348679600871744e+01 1.4659220697185722e-09 9.6822605688553481e-12
1.1020639505085184e+01 1.4615372308320239e-09 9.6816458870707640e-12
1.1736231073461097e+01 1.4571589119557892e-09 9.6810288063490572e-12
1.2498287394857414e+01 1.4527874211628038e-09 9.6804113909325115e-12
1.3309825516104590e+01 1.4484225530815502e-09 9.6797922314756282e-12
1.4174058386754632e+01 1.4440639663379376e-09 9.6791690758848281e-12
1.5094407579426198e+01 1.4397124482638860e-09 9.6785471693947606e-12
1.6074516836106191e+01 1.4353671840114360e-09 9.6779210372476483e-12
1.7118266494039073e+01 1.4310284029559312e-09 9.6772922261562797e-12
1.8229788848317515e+01 1.4266961222263474e-09 9.6766608184588283e-12
1.9413484511995687e+01 1.4223712389380871e-09 9.6760329016260610e-12
2.0674039838496508e+01 1.4180525476071887e-09 9.6754002651638361e-12
2.2016445475290084e+01 1.4137401907118201e-09 9.6747639470820922e-12
2.3446016122297998e+01 1.4094347046273375e-09 9.6741275432990635e-12
2.4968411573249870e+01 1.4051356139802769e-09 9.6734877760318934e-12
2.6589659123295714e+01 1.4008434597061240e-09 9.6728483891439655e-12
2.8316177431588116e+01 1.3965573736635778e-09 9.6722033702834568e-12
3.0154801933308821e+01 1.3922783309209995e-09 9.6715594721016772e-12
3.2112811901747165e+01 1.3880058711707477e-09 9.6709134864498118e-12
3.4197959267571861e+01 1.3837395988958802e-09 9.6702626669798971e-12
3.6418499309394797e+01 1.3794803710890408e-09 9.6696129749365924e-12
3.8783223337132277e+01 1.3752273003625919e-09 9.6689582321977616e-12
4.1301493497560436e+01 1.3709810543816804e-09 9.6683030703690561e-12
4.3983279839863940e+01 1.3667414836279579e-09 9.6676464498423016e-12
4.6839199787921586e+01 1.3625085723019747e-09 9.6669883005061057e-12
4.9880560175605588e+01 1.3582820989378619e-09 9.6663270331073934e-12
5.3119402011513735e+01 1.3540622332187750e-09 9.6656638870128315e-12
5.6568548150362595e+01 1.3498487872182545e-09 9.6649975063937280e-12
6.0241654059778099e+01 1.3456424490854909e-09 9.6643327579030910e-12
6.4153261883471629e+01 1.3414421969621628e-09 9.6636624170265805e-12
6.8318858014843258e+01 1.3372487334070209e-09 9.6629914511473369e-12
7.2754934408952224e+01 1.3330620790843529e-09 9.6623200734072924e-12
7.7479053875591845e+01 1.3288815934464339e-09 9.6616436830455303e-12
8.2509919611970730e+01 1.3247076176171317e-09 9.6609647424732493e-12
8.7867449250287876e+01 1.3205406146432879e-09 9.6602866191384595e-12
9.3572853713358398e+01 1.3163799269659700e-09 9.6596045972372604e-12
9.9648721190491216e+01 1.3122258809814965e-09 9.6589210980287475e-12
1.0611910656608190e+02 1.3080782551484399e-09 9.6582344882200214e-12
1.1300962665497815e+02 1.3039376007811495e-09 9.6575488704241870e-12
1.2034756162166475e+02 1.2998030004596495e-09 9.6568575296313357e-12
1.2816196298479156e+02 1.2956751062892719e-09 9.6561653900953832e-12
1.3648376863464563e+02 1.2915537339121234e-09 9.6554710937260646e-12
1.4534592531893384e+02 1.2874386166285027e-09 9.6547727297910269e-12
1.5478351908180355e+02 1.2833302022557782e-09 9.6540737540046346e-12
1.6483391417252247e+02 1.2792282671868256e-09 9.6533725802638619e-12
1.7553690097377236e+02 1.2751327048376878e-09 9.6526684980342774e-12
1.8693485353521024e+02 1.2710435682490956e-09 9.6519620789428174e-12
1.9907289733599498e+02 1.2669610545421412e-09 9.6512548918168017e-12
2.1199908794045805e+02 1.2628847659069290e-09 9.6505441385598217e-12
2.2576460125423404e+02 1.2588149843318168e-09 9.6498322113968657e-12
2.4042393613409601e+02 1.2547513340743881e-09 9.6491163859597246e-12
2.5603513015363797e+02 1.2506938788913256e-09 9.6483974100362366e-12
2.7265998937904249e+02 1.2466431613518002e-09 9.6476797420836265e-12
2.9036433306464068e+02 1.2425983288124057e-09 9.6469571488262758e-12
3.0921825423702671e+02 1.2385598509711908e-09 9.6462336600382122e-12
3.2929639719940513e+02 1.2345275950960297e-09 9.6455086339277811e-12
3.5067825305484234e+02 1.2305013833539843e-09 9.6447811648344962e-12
3.7344847441840739e+02 1.2264808383018868e-09 9.6440488663107460e-12
3.9769721056419559e+02 1.2224664194965586e-09 9.6433158843210562e-12
4.2352046433409271e+02 1.2184574050909459e-09 9.6425773590661305e-12
4.5102047222131972e+02 1.2144543833239241e-09 9.6418386494215423e-12
4.8030610913354940e+02 1.2104570804058717e-09 9.6410984726148539e-12
5.1149331943807192e+02 1.2064650890449258e-09 9.6403546997622628e-12
5.4470557599556128e+02 1.2024788099293925e-09 9.6396116713778727e-12
5.8007436899980689e+02 1.1984970741847885e-09 9.6388613402129819e-12
6.1773972655875059e+02 1.1945206782078173e-09 9.6381116251163042e-12
6.5785076907786322e+02 1.1905489774329281e-09 9.6373590366335601e-12
7.0056629964072465e+02 1.1865816751022395e-09 9.6366031583039084e-12
7.4605543272414468e+02 1.1826188284036927e-09 9.6358465771700122e-12
7.9449826373700023e+02 1.1786596696543826e-09 9.6350856364568709e-12
8.4608658203351865e+02 1.1747040919321052e-09 9.6343221863089546e-12
9.0102463022389918e+02 1.1707519290257883e-09 9.6335581858784103e-12
9.5952991278846696e+02 1.1668021595154391e-09 9.6327888331529796e-12
1.0218340571967018e+03 1.1628548027017632e-09 9.6320183626187956e-12
1.0881837309403998e+03 1.1589088438825152e-09 9.6312432106530736e-12
1.1588416181116011e+03 1.1549642322714358e-09 9.6304681259656457e-12
1.2340874593916058e+03 1.1510199085256691e-09 9.6296903821114363e-12
1.3142191595684967e+03 1.1470748137139917e-09 9.6289081084410160e-12
1.3995539669679570e+03 1.1431286111710580e-09 9.6281262084490610e-12
1.4904297294667858e+03 1.1391795328425371e-09 9.6273384615216824e-12
1.5872062320618575e+03 1.1352269959548733e-09 9.6265499408328876e-12
1.6902666212900076e+03 1.1312694225631251e-09 9.6257587777392087e-12
1.8000189221382716e+03 1.1273051975942902e-09 9.6249637904508323e-12
1.9168976534500885e+03 1.1233328813834717e-09 9.6241674012200994e-12
2.0413655482229426e+03 1.1193504502367470e-09 9.6233687345507680e-12
2.1739153856082753e+03 1.1153554501148811e-09 9.6225656179712946e-12
2.3150719418667522e+03 1.1113457289878776e-09 9.6217609277221295e-12
2.4653940680028209e+03 1.1073183429059925e-09 9.6209527211051438e-12
2.6254769023041117e+03 1.1032704125195469e-09 9.6201425919933922e-12
2.7959542265453856e+03 1.0991980249965356e-09 9.6193287157705264e-12
2.9775009751853058e+03 1.0950974450771494e-09 9.6185137931464529e-12
3.1708359074903251e+03 1.0909639117224843e-09 9.6176937689174798e-12
3.3767244531647170e+03 1.0867926939705279e-09 9.6168732657994965e-12
3.5959817427529006e+03 1.0825775618829707e-09 9.6160477192800011e-12
3.8294758348117452e+03 1.0783124478033048e-09 9.6152216145126132e-12
4.0781311526293935e+03 1.0739894595530964e-09 9.6143915859003267e-12
4.3429321440969197e+03 1.0696003972755113e-09 9.6135564892244418e-12
4.6249271792226564e+03 1.0651366506907575e-09 9.6127207640561734e-12
4.9252327007195818e+03 1.0605867201492509e-09 9.6118810533477323e-12
5.2450376440986038e+03 1.0559394002941276e-09 9.6110411713162680e-12
5.5856081447668712e+03 1.0511801652706530e-09 9.6101958231987872e-12
5.9482925507673172e+03 1.0462950425102750e-09 9.6093479528107481e-12
6.3345267610051542e+03 1.0412661513277786e-09 9.6084951750682627e-12
6.7458399100955885e+03 1.0360745148465587e-09 9.6076430764730392e-12
7.1838604223399598e+03 1.0306985955630050e-09 9.6067845493116401e-12
7.6503224587983732e+03 1.0251136114146235e-09 9.6059261390435891e-12
8.1470727829830194e+03 1.0192919514800769e-09 9.6050627270508847e-12
8.6760780723546250e+03 1.0132028761179431e-09 9.6041973638183436e-12
9.2394327045684040e+03 1.0068112414590195e-09 9.6033294449523522e-12
9.8393670492963338e+03 1.0000785235532192e-09 9.6024581778108397e-12
1.0478256298453211e+04 9.9295943209703520e-10 9.6015812131183683e-12
1.1158629869786784e+04 9.8540649004495198e-10 9.6007047432753762e-12
1.1883181421061357e+04 9.7736346463417798e-10 9.5998229884619281e-12
1.2654779514481379e+04 9.6876861823973547e-10 9.5989383243931060e-12
1.3476478973577225e+04 9.5955306389369966e-10 9.5980510205173658e-12
1.4351532977515712e+04 9.4964060003293898e-10 9.5971602856293509e-12
1.5283405940717232e+04 9.3894276037886501e-10 9.5962659079694546e-12
1.6275787228771957e+04 9.2736644224507420e-10 9.5953699330237502e-12
1.7332605764957254e+04 9.1480596894066722e-10 9.5944691707022684e-12
1.8458045585184063e+04 9.0114383498559845e-10 9.5935644894265690e-12
1.9656562402956832e+04 8.8625419505886071e-10 9.5926585678136536e-12
2.0932901249928545e+04 8.6999334253443197e-10 9.5917490738001633e-12
2.2292115261890660e+04 8.5220338158688984e-10 9.5908359236318881e-12
2.3739585684574551e+04 8.3272695481668453e-10 9.5899186156620954e-12
2.5281043178468717e+04 8.1138409169068931e-10 9.5890005682881434e-12
2.6922590506998302e+04 7.8797645857645644e-10 9.5880766654705625e-12
2.8670726697893137e+04 7.6230925241959531e-10 9.5871484477638831e-12
3.0532372773400497e+04 7.3418274746808172e-10 9.5862189470318055e-12
3.2514899151209600e+04 7.0337516681760726e-10 9.5852843279611178e-12
3.4626154824572601e+04 6.6969340436868041e-10 9.5843475700519193e-12
3.6874498437146904e+04 6.3293853037376575e-10 9.5834072978797292e-12
3.9268831375588306e+04 5.9296016490582714e-10 9.5824629072556640e-12
4.1818633010909121e+04 5.4962789879379504e-10 9.5815170008259407e-12
4.4533998228127602e+04 5.0289704795461745e-10 9.5805669850083645e-12
4.7425677392790625e+04 4.5282140240591160e-10 9.5796137126420476e-12
5.0505118912598868e+04 3.9961506949930501e-10 9.5786564482351575e-12
5.3784514562642689e+04 3.4367547145181683e-10 9.5776958195647265e-12
5.7276847753693968e+04 2.8570996265214238e-10 9.5767307945333287e-12
6.0995944934650062e+04 2.2675395435917962e-10 9.5757638728013432e-12
6.4956530332640374e+04 1.6844524203708080e-10 9.5747908313989815e-12
6.9174284247514850e+04 1.1306652918471402e-10 9.5738163502763171e-12
7.3665905131504507e+04 6.3795596893940556e-11 9.5728386017653111e-12
7.8449175699837579e+04 2.5053933462201112e-11 9.5718585476142632e-12
8.3543033334046835e+04 2.8608099838742951e-12 9.5708737120427603e-12
8.8967645056697642e+04 5.2874756411483374e-12 9.5698871015365317e-12
9.4744487374373988e+04 4.3151413084032563e-11 9.5688926186819964e-12
1.0089643130502508e+05 1.3084474082387502e-10 9.5678964473116723e-12
1.0744783292629967e+05 2.8730054382617553e-10 9.5669008941943118e-12
1.1442462980336320e+05 5.3744680784744360e-10 9.5658988860760962e-12
1.2185444367796120e+05 9.1407269055976782e-10 9.5648937268180563e-12
1.2976668982527909e+05 1.4598740018957090e-09 9.5638833668143779e-12
1.3819269351156041e+05 2.2305492258967668e-09 9.5628728329543905e-12
1.4716581401354182e+05 3.2986242781300110e-09 9.5618575016774431e-12
1.5672157669071486e+05 4.7578937079735069e-09 9.5608395451227513e-12
1.6689781363329067e+05 6.7303539500333809e-09 9.5598184112457699e-12
1.7773481344271603e+05 9.3735234217686429e-09 9.5587959080504982e-12
1.8927548073773019e+05 1.2890329451255103e-08 9.5577683397282035e-12
2.0156550601745417e+05 1.7545571810994467e-08 9.5567398193226069e-12
2.1465354655402692e+05 2.3674760153096568e-08 9.5557088359400897e-12
2.2859141903095320e+05 3.1716968413552972e-08 9.5546773676867895e-12
2.4343430468982647e+05 4.2233248301088487e-08 9.5536436628227181e-12
2.5924096779763498e+05 5.5949032327126265e-08 9.5526064780107775e-12
2.7607398829957651e+05 7.3788851274604669e-08 9.5515698908868803e-12
2.9400000957846298e+05 9.6951319962827140e-08 9.5505304006639848e-12
3.1309000230163505e+05 1.2697776083656893e-07 9.5494921563497191e-12
3.3341954539997096e+05 1.6581794266094360e-07 9.5484543848831207e-12
3.5506912529139791e+05 2.1601908585272163e-07 9.5474153952309850e-12
3.7812445453357900e+05 2.8081522955037755e-07 9.5463776516605116e-12
4.0267681116734113e+05 3.6437523203894107e-07 9.5453428922894556e-12
4.2882340009431751e+05 4.7199484630212102e-07 9.5443101928598628e-12
4.5666773791955720e+05 6.1050652296722540e-07 9.5432826200728591e-12
4.8632006278271601e+05 7.8864897691013219e-07 9.5422594402142682e-12
5.1789777080036682e+05 1.0175993713699030e-06 9.5412400958392107e-12
5.5152588084737735e+05 1.3116005365284462e-06 9.5402291337336014e-12
5.8733752951743500e+05 1.6888820579952379e-06 9.5392282930650750e-12
6.2547449822233606e+05 2.1729555840681841e-06 9.5382362835497201e-12
6.6608777451683313e+05 2.7934867558589066e-06 9.5372577950762886e-12
7.0933814987141849e+05 3.5880628275072524e-06 9.5362924691227506e-12
7.5539685625965998e+05 4.6054442063027766e-06 9.5353477837159154e-12
8.0444624408036470e+05 5.9073092515385206e-06 9.5344216150075538e-12
8.5668050409857335e+05 7.5718746832656135e-06 9.5335192884889117e-12
9.1230643626359152e+05 9.6981228406330049e-06 9.5326430534891276e-12
9.7154426844783907e+05 1.2413097427864744e-05 9.5318015770111688e-12
1.0346285283480381e+06 1.5876692762500999e-05 9.5309953290849315e-12
1.1018089720006443e+06 2.0290891368164325e-05 9.5302331999223182e-12
1.1733515725875534e+06 2.5911900176196346e-05 9.5295198744271676e-12
1.2495395734469239e+06 3.3061220608295467e-05 9.5288629749196588e-12
1.3306746094580463e+06 4.2147149024616894e-05 9.5282711888366746e-12
1.4170779012398657e+06 5.3674035762668524e-05 9.5277528688132570e-12
1.5090915268911850e+06 6.8282791047652710e-05 9.5273171955184637e-12
1.6070797763074383e+06 8.6769327813205463e-05 9.5269755483136652e-12
1.7114305934358314e+06 1.1012666375988391e-04 9.5267441572251878e-12
1.8225571121789704e+06 1.3957835688300398e-04 9.5266342554915800e-12
1.9408992920277056e+06 1.7664113950578383e-04 9.5266608028340498e-12
2.0669256598987340e+06 2.2318613343274820e-04 9.5268473324276812e-12
2.2011351650731773e+06 2.8150763189597279e-04 9.5272071911754904e-12
2.3440591545798881e+06 3.5436742307244943e-04 9.5277652407039221e-12
2.4962634768442907e+06 4.4515176158057776e-04 9.5285405074124454e-12
2.6583507219311423e+06 5.5792772224064094e-04 9.5295568904557618e-12
2.8309626072506937e+06 6.9751937481822514e-04 9.5308427878327114e-12
3.0147825181734129e+06 8.6964364038063298e-04 9.5324217559371184e-12
3.2105382136116507e+06 1.0810390393763431e-03 9.5343176317346286e-12
3.4190047072800985e+06 1.3395118093017199e-03 9.5365572040200912e-12
3.6410073360421006e+06 1.6539645036018516e-03 9.5391603953624169e-12
3.8774250274895374e+06 2.0345209759345872e-03 9.5421469058017240e-12
4.1291937796931523e+06 2.4924075132900197e-03 9.5455293205015079e-12
4.3973103668998536e+06 3.0397456361921592e-03 9.5493109916413011e-12
4.6828362858479945e+06 3.6896367824189517e-03 9.5534933353062179e-12
4.9869019583247378e+06 4.4553887569648877e-03 9.5580580627534843e-12
5.3107112066036602e+06 5.3503100253861364e-03 9.5629806907109464e-12
5.6555460194810471e+06 6.3867418880138443e-03 9.5682094618641071e-12
6.0227716277803704e+06 7.5755557249610125e-03 9.5736866339444512e-12
6.4138419094191799e+06 8.9244750816621088e-03 9.5793298671921978e-12
6.8303051454372704e+06 1.0436874025798950e-02 9.5850365589985539e-12
7.2738101497751819e+06 1.2111296553705688e-02 9.5906948952678530e-12
7.7461127970711654e+06 1.3939389571017138e-02 9.5961725268301558e-12
8.2490829743204424e+06 1.5904166928059814e-02 9.6013324056911880e-12
8.7847119839195162e+06 1.7981107542743787e-02 9.6060435821721303e-12
9.3551204274043795e+06 2.0134575345281833e-02 9.6101755309354506e-12
9.9625666010953970e+06 2.2322403323413231e-02 9.6136312222424395e-12
1.0609455436887370e+07 2.4493896379099000e-02 9.6163431222375184e-12
1.1298348023582835e+07 2.6593653156151923e-02 9.6182900794068054e-12
1.2031971746464089e+07 2.8564225084760173e-02 9.6195015366729309e-12
1.2813231085246956e+07 3.0351128522147768e-02 9.6200553905270253e-12
1.3645219113167092e+07 3.1905284490277415e-02 9.6200773525498594e-12
1.4531229742724391e+07 3.3188401601699606e-02 9.6197217126401331e-12
1.5474770766566893e+07 3.4174907623687793e-02 9.6191551277630183e-12
1.6479577745145164e+07 3.4854026281952451e-02 9.6185333274941827e-12
1.7549628796119131e+07 3.5229367023058913e-02 9.6179789705585446e-12
1.8689160344069291e+07 3.5316923437899016e-02 9.6175729062837674e-12
1.9902683892867889e+07 3.5142093994828323e-02 9.6173373865532865e-12
2.1195003887112886e+07 3.4736304833529956e-02 9.6172626069918859e-12
2.2571236733338803e+07 3.4133388096192471e-02 9.6172951458929746e-12
2.4036831056312583e+07 3.3367408197910661e-02 9.6173923903000199e-12
2.5597589270610165e+07 3.2470838645505228e-02 9.6175022457370575e-12
2.7259690552876674e+07 3.1473831228015926e-02 9.6176040376118471e-12
2.9029715305720963e+07 3.0404104609065553e-02 9.6176900613584944e-12
3.0914671210098606e+07 2.9286362674224038e-02 9.6177594107041813e-12
3.2922020969325658e+07 2.8142070658873468e-02 9.6178239803630140e-12
3.5059711854566455e+07 2.6989059021177285e-02 9.6178844793108267e-12
3.7336207168766648e+07 2.5841460815393069e-02 9.6179447664841546e-12
3.9760519753601544e+07 2.4709994901150778e-02 9.6180007663653121e-12
4.2342247672094263e+07 2.3602525946949955e-02 9.6180523278638050e-12
4.5091612208177060e+07 2.2524713682660982e-02 9.6180988541827786e-12
4.8019498333638303e+07 2.1480554246422919e-02 9.6181365599537778e-12
5.1137497802665338e+07 2.0472705195419549e-02 9.6181678777215708e-12
5.4457955044601500e+07 1.9502727890614299e-02 9.6181869179169470e-12
5.7994016036609374e+07 1.8571331033703384e-02 9.6181949722665032e-12
6.1759680349729083e+07 1.7678702305290121e-02 9.6181918559201588e-12
6.5769856574390434e+07 1.6824574562443795e-02 9.6181687558834264e-12
7.0040421344811603e+07 1.6008235947839792e-02 9.6181275025321353e-12
7.4588282195964426e+07 1.5228563080817105e-02 9.6180631127296615e-12
7.9431444501967192e+07 1.4484651278675587e-02 9.6179688140704393e-12
8.4589082760917723e+07 1.3775657468760274e-02 9.6178442009179549e-12
9.0081616508386418e+07 1.3100456140286950e-02 9.6176779498729828e-12
9.5930791160123050e+07 1.2457282972760534e-02 9.6174600860489953e-12
1.0215976410403810e+08 1.1845917035135751e-02 9.6171841379890641e-12
1.0879319638230038e+08 1.1263515502479031e-02 9.6168359963428881e-12
1.1585735032653509e+08 1.0705526719182075e-02 9.6164022414286258e-12
1.2338019353266579e+08 1.0170669411022156e-02 9.6158675383259181e-12
1.3139150958704068e+08 9.6659338317315324e-03 9.6152141771141256e-12
1.3992301598222655e+08 9.1922458979847299e-03 9.6144279883476068e-12
1.4900848968930179e+08 8.7429096329997794e-03 9.6134912144078759e-12
1.5868390088380605e+08 8.3059338397664627e-03 9.6123979084431530e-12
1.6898755535477015e+08 7.8903667963458757e-03 9.6111498685242585e-12
1.7996024616064665e+08 7.5194191336626377e-03 9.6097318243778284e-12
1.9164541513255572e+08 7.1572281273088942e-03 9.6081869236462049e-12
2.0408932486424449e+08 6.7852100239846813e-03 9.6065404894343439e-12
2.1734124186969528e+08 6.4364860726891454e-03 9.6048263949382027e-12
2.3145363163351479e+08 6.1238166290945289e-03 9.6031028941248889e-12
2.4648236632631639e+08 5.8115884774830838e-03 9.6014103668123403e-12
2.6248694600747401e+08 5.5110678672512202e-03 9.5997975064764935e-12
2.7953073419100249e+08 5.2418110998284457e-03 9.5982979275443963e-12
2.9768120870717901e+08 4.9884069160220836e-03 9.5969323768235974e-12
3.1701022885310692e+08 4.7314768717257611e-03 9.5957119665163549e-12
3.3759431988988709e+08 4.4910274812730074e-03 9.5946461920393506e-12
3.5951497601273203e+08 4.2721148696355463e-03 9.5937239911553119e-12
3.8285898299353045e+08 4.0648712035610771e-03 9.5929395864030974e-12
4.0771876177322286e+08 3.8615275106096249e-03 9.5922716788234061e-12
4.3419273436428446e+08 3.6664864806534867e-03 9.5917147722660062e-12
4.6238571351198161e+08 3.4834947285214126e-03 9.5912491299353382e-12
4.9240931765709412e+08 3.3103036991757612e-03 9.5908652986839779e-12
5.2438241284295660e+08 3.1448913647398190e-03 9.5905495164929619e-12
5.5843158331640351e+08 2.9867400663949198e-03 9.5902882360277216e-12
5.9469163268573713e+08 2.8365332074839129e-03 9.5900696625352605e-12
6.3330611761987102e+08 2.6939976541723626e-03 9.5899016185312730e-12
6.7442791620157468e+08 2.5584902693906787e-03 9.5897588919542831e-12
7.1821983318501997e+08 2.4295593414389999e-03 9.5896450728572036e-12
7.6485524455388141e+08 2.3069381774556579e-03 9.5895496368867876e-12
8.1451878393182075e+08 2.1904162789566934e-03 9.5894701616316429e-12
8.6740707356296670e+08 2.0796781663618628e-03 9.5894075400753059e-12
9.2372950275638103e+08 1.9744174635503596e-03 9.5893566999283079e-12
9.8370905687640798e+08 1.8743616573073225e-03 9.5893145189806732e-12
1.0475832001610099e+09 1.7792669288423158e-03 9.5892801306196048e-12
1.1156048158632202e+09 1.6888952171906406e-03 9.5892516626682229e-12
1.1880432074377697e+09 1.6030125178753101e-03 9.5892284510931012e-12
1.2651851647367480e+09 1.5213970738734515e-03 9.5892081665862018e-12
1.3473360994354274e+09 1.4438399532327197e-03 9.5891924705773408e-12
1.4348212541834469e+09 1.3701429988243936e-03 9.5891781394286753e-12
1.5279869902685833e+09 1.3001171370489698e-03 9.5891656980142584e-12
1.6272021588910389e+09 1.2335825174246405e-03 9.5891606629365485e-12
1.7328595614771831e+09 1.1703655852163134e-03 9.5891482378734971e-12
1.8453775048143587e+09 1.1103049050387697e-03 9.5891390959461865e-12
1.9652014571636260e+09 1.0532453313933301e-03 9.5891320560204296e-12
2.0928058119070604e+09 9.9903906932145479e-04 9.5891267485735506e-12
2.2286957657121754e+09 9.4754553621577810e-04 9.5891211916356265e-12
2.3734093186491699e+09 8.9863086535915411e-04 9.5891099767489507e-12
2.5275194041797371e+09 8.5216935663349276e-04 9.5891110266146880e-12
2.6916361574500918e+09 8.0803876731122440e-04 9.5891054679980978e-12
2.8664093308687677e+09 7.6612471726179225e-04 9.5891000561280820e-12
3.0525308665325866e+09 7.2631684485859158e-04 9.5890797725222132e-12
3.2507376356851478e+09 6.8851333974465274e-04 9.5890750369611942e-12
3.4618143560537887e+09 6.5261510463174234e-04 9.5890855745569016e-12
3.6865966986149263e+09 6.1852625749504839e-04 9.5890824516110873e-12
3.9259745960875845e+09 5.8615714600157099e-04 9.5890598965008510e-12
4.1808957662539706e+09 5.5542571607161033e-04 9.5890725430222649e-12
4.4523694640561266e+09 5.2624788881572358e-04 9.5890625375200072e-12
4.7414704773233624e+09 4.9854841362546181e-04 9.5890625958802054e-12
5.0493433819501953e+09 4.7225336002690098e-04 9.5890576018171589e-12
5.3772070733712921e+09 4.4729346991854822e-04 9.5890539239684202e-12
5.7263595922737064e+09 4.2360130404544123e-04 9.5890254805582609e-12
6.0981832636521835e+09 4.0111691265460274e-04 9.5890416038144014e-12
6.4941501695533514e+09 3.7977760341182802e-04 9.5890348911746368e-12
6.9158279771756077e+09 3.5952752208457902e-04 9.5890301637517663e-12
7.3648861453990936e+09 3.4031220902820013e-04 9.5890232603007712e-12
7.8431025343177710e+09 3.2208041513702055e-04 9.5890168773923272e-12
8.3523704439409847e+09 3.0478311294823528e-04 9.5890101087147708e-12
8.8947061099318981e+09 2.8837376305191882e-04 9.5890044227532779e-12
9.4722566860588322e+09 2.7280811785507805e-04 9.5889999765038964e-12
1.0087308744962370e+10 2.5804377378373230e-04 9.5889876330083335e-12
1.0742297330894175e+10 2.4404123016347955e-04 9.5889827985006481e-12
1.1439815600267534e+10 2.3076192633809023e-04 9.5889726311739420e-12
1.2182625088187870e+10 2.1816996980767432e-04 9.5889612113378422e-12
1.2973666641608597e+10 2.0623095390102391e-04 9.5889571116179875e-12
1.3816072062398457e+10 1.9491185563579407e-04 9.5889384947177511e-12
1.4713176506415953e+10 1.8418211452992392e-04 9.5889391205815405e-12
1.5668531687679256e+10 1.7401161981145098e-04 9.5889275544036436e-12
1.6685919939909094e+10 1.6437250906254508e-04 9.5889173594735279e-12
1.7769369191115009e+10 1.5523803101678564e-04 9.5889089029559779e-12
1.8923168910510036e+10 1.4658268543297511e-04 9.5888967209475127e-12
2.0151887090890179e+10 1.3838244005311511e-04 9.5888878800589877e-12
2.1460388333712875e+10 1.3061419068885233e-04 9.5888742532140221e-12
2.2853853108474110e+10 1.2325619678573365e-04 9.5888621487507893e-12
2.4337798262634995e+10 1.1628768772189123e-04 9.5888500693474099e-12
2.5918098863297962e+10 1.0968889744830444e-04 9.5888361341353265e-12
2.7601011457104523e+10 1.0344111480889533e-04 9.5888221299941081e-12
2.9393198840444366e+10 9.7526476777823955e-05 9.5888060387882970e-12
3.1301756438042400e+10 9.1927901148681151e-05 9.5887699436644816e-12
3.3334240394357712e+10 8.6629807807667831e-05 9.5887755308328311e-12
3.5498697489012764e+10 8.1616343754933670e-05 9.5887588871385146e-12
3.7803696994689751e+10 7.6873141020588823e-05 9.5887413959393330e-12
4.0258364603620819e+10 7.2386375941531548e-05 9.5887227169124576e-12
4.2872418556992798e+10 6.8142909711986960e-05 9.5887025496191625e-12
4.5656208120303528e+10 6.4130288125186074e-05 9.5886844643544457e-12
4.8620754556999054e+10 6.0336573662554816e-05 9.5886613019619355e-12
5.1777794762606934e+10 5.6750542683517377e-05 9.5886371612732045e-12
5.5139827732120384e+10 5.3361491758512254e-05 9.5886149849336188e-12
5.8720164044600288e+10 5.0159101876790938e-05 9.5885669478077848e-12
6.2532978560906616e+10 4.7134038783854031e-05 9.5885632435046098e-12
6.6593366543198135e+10 4.4276767604138110e-05 9.5885323125925488e-12
7.0917403418380585e+10 4.1578722125370271e-05 9.5885071309494799e-12
7.5522208422109436e+10 3.9031514649716323e-05 9.5884709744854367e-12
8.0426012375323883e+10 3.6627347189048846e-05 9.5884382710676642e-12
8.5648229861643494e+10 3.4358706539137403e-05 9.5884031747251055e-12
9.1209536091380524e+10 3.2218438903725642e-05 9.5883555723230618e-12
9.7131948756485092e+10 3.0199881360177190e-05 9.5883236943237842e-12
1.0343891520049158e+11 2.8296539455907680e-05 9.5882795066517581e-12
1.1015540524857552e+11 2.6502357222981557e-05 9.5882348032478000e-12
1.1730801006525040e+11 2.4811535812734669e-05 9.5881892749107293e-12
1.2492504743108736e+11 2.3218554386011467e-05 9.5881320861667729e-12
1.3303667385525276e+11 2.1718232826567858e-05 9.5880766159915747e-12
1.4167500396773529e+11 2.0305594113662797e-05 9.5880145055984556e-12
1.5087423766394312e+11 1.8975944846004561e-05 9.5879502670165644e-12
1.6067079550504187e+11 1.7724806350664993e-05 9.5878798289031996e-12
1.7110346291010583e+11 1.6547943131850150e-05 9.5878053739028514e-12
1.8221354371094247e+11 1.5441323217598445e-05 9.5877235478097440e-12
1.9404502367753473e+11 1.4401100072680138e-05 9.5876157234281374e-12
2.0664474466150131e+11 1.3423724954193376e-05 9.5875412643120939e-12
2.2006259004703696e+11 1.2505674527001606e-05 9.5874392441486513e-12
2.3435168224354401e+11 1.1643704744967418e-05 9.5873274333910254e-12
2.4956859300183676e+11 1.0834718456198737e-05 9.5872079645379270e-12
2.6577356738659393e+11 1.0075769639248047e-05 9.5870773468510305e-12
2.8303076229177930e+11 9.3640671977252459e-06 9.5869349406242687e-12
3.0140850044332281e+11 8.6969631531436860e-06 9.5867801927668776e-12
3.2097954089469952e+11 8.0719445866288427e-06 9.5866114048099855e-12
3.4182136708631403e+11 7.4866299127758920e-06 9.5864280354860616e-12
3.6401649360912939e+11 6.9387566962299957e-06 9.5862244558616580e-12
3.8765279288706635e+11 6.4261858087257689e-06 9.5860037099063500e-12
4.1282384307152875e+11 5.9468869587982651e-06 9.5857644503976027e-12
4.3962929852538208e+11 5.4989321996159467e-06 9.5855012346817850e-12
4.6817528436319397e+11 5.0804962543097456e-06 9.5852091196898919e-12
4.9857481660973199e+11 4.6898526933385752e-06 9.5848899305389730e-12
5.3094824964016827e+11 4.3253638414620384e-06 9.5845400988655811e-12
5.6542375267346802e+11 3.9854774344316635e-06 9.5841548083641677e-12
6.0213781720537805e+11 3.6687246082913590e-06 9.5837298568265151e-12
6.4123579739007056e+11 3.3737156317436052e-06 9.5832626878360494e-12
6.8287248550979578e+11 3.0991327502153536e-06 9.5827435996326669e-12
7.2721272481090454e+11 2.8437325460335536e-06 9.5821730332809220e-12
7.7443206213249878e+11 2.6063364849008641e-06 9.5815408542610659e-12
8.2471744291156299e+11 2.3858320518891008e-06 9.5808435535153106e-12
8.7826795131606738e+11 2.1811656757801229e-06 9.5800692720239411e-12
9.3529559843641736e+11 1.9913441365669250e-06 9.5792127074584504e-12
9.9602616165567517e+11 1.8154278299171824e-06 9.5782631205140935e-12
1.0607000785217310e+12 1.6525311102674626e-06 9.5772110710725068e-12
1.1295733986603228e+12 1.5018175373908898e-06 9.5760428769060310e-12
1.2029187974976682e+12 1.3624989761489613e-06 9.5747451469997366e-12
1.2810266558059868e+12 1.2338328790514180e-06 9.5733049646772557e-12
1.3642062093461064e+12 1.1151198608395706e-06 9.5717053535491763e-12
1.4527867731585532e+12 1.0057013951718842e-06 9.5699251436804752e-12
1.5471190453502578e+12 9.0495915344841180e-07 9.5679463721967610e-12
1.6475764955386638e+12 8.1231195648589463e-07 9.5657480078481008e-12
1.7545568434502046e+12 7.2721380343073403e-07 9.5633025782685506e-12
1.8684836335271260e+12 6.4915323767451717e-07 9.5605842628906971e-12
1.9898079117764497e+12 5.7765131616227044e-07 9.5575683345201153e-12
2.1190100115001494e+12 5.1225873926229232e-07 9.5542142384568981e-12
2.2566014549761860e+12 4.5255653651211861e-07 9.5504889531331516e-12
2.4031269786194121e+12 3.9815291557316601e-07 9.5463657372240284e-12
2.5591666896400903e+12 3.4868245158673455e-07 9.5417955947023406e-12
2.7253383627385518e+12 3.0380465531688112e-07 9.5367431411826786e-12
2.9022998859285000e+12 2.6320220336431805e-07 9.5311671402966270e-12
3.0907518651725869e+12 2.2657986458895989e-07 9.5250298052418663e-12
3.2914403981419458e+12 1.9366271577334410e-07 9.5182926398759003e-12
3.5051600280813438e+12 1.6419506096444392e-07 9.5109283128679827e-12
3.7327568894745200e+12 1.3793842323603447e-07 9.5029099588443742e-12
3.9751320579638472e+12 1.1467025835027052e-07 9.4942294091329751e-12
4.2332451177864888e+12 9.4182076159539450e-08 9.4848924712291423e-12
4.5081179608514336e+12 7.6277648049564434e-08 9.4749222656587167e-12
4.8008388324978447e+12 6.0771256481922477e-08 9.4643773962225188e-12
5.1125666399523984e+12 4.7485550450482927e-08 9.4533516979272030e-12
5.4445355405431406e+12 3.6249556098210897e-08 9.4419815759864171e-12
5.7980598278349570e+12 2.6896733776489837e-08 9.4304584188171921e-12
6.1745391350315557e+12 1.9262989911105453e-08 9.4190379366783179e-12
6.5754639762439961e+12 1.3184827119196031e-08 9.4080303823168351e-12
7.0024216475650449e+12 8.4978143820454275e-09 9.3978177973155905e-12
7.4571025113115225e+12 5.0353886357918312e-09 9.3888259953805067e-12
7.9413066883147969e+12 2.6283943704163416e-09 9.3815261191251311e-12
8.4569511847546455e+12 1.1053865967553706e-09 9.3763865227280174e-12
9.0060774817526465e+12 2.9405078474538178e-10 9.3738339125274311e-12
9.5908596177719648e+12 2.3854930250657726e-11 9.3741942625370645e-12
1.0213612795823752e+13 1.3008902367580059e-10 9.3776112900677419e-12
1.0876802549555885e+13 4.5919903636621334e-10 9.3839886649039378e-12
1.1583054504513732e+13 8.7515393231536327e-10 9.3928926835234236e-12
1.2335164773218486e+13 1.2662442601320417e-09 9.4035530747996700e-12
1.3136111025218660e+13 1.5513786508734759e-09 9.4148524892499796e-12
1.3989064275940564e+13 1.6846303193173679e-09 9.4254291255709280e-12
1.4897401441012795e+13 1.6566111235857568e-09 9.4338534189410868e-12
1.5864718705766924e+13 1.4914682919226600e-09 9.4389031328866642e-12
1.6894845762846002e+13 1.2387711968597565e-09 9.4398588869971209e-12
1.7991860974288531e+13 9.6078859034628828e-10 9.4367738359398075e-12
1.9160107518116789e+13 7.1707230293105618e-10 9.4305625871800560e-12
2.0404210583353094e+13 5.4973132408038385e-10 9.4228975776036911e-12
2.1729095681543379e+13 4.7361083553688838e-10 9.4157394178375821e-12
2.3140008147282930e+13 4.7497479423860891e-10 9.4107401241804494e-12
2.4642533904949312e+13 5.1990622740963787e-10 9.4086012544163690e-12
2.6242621583859699e+13 5.6977338396091109e-10 9.4088115951834164e-12
2.7946606069408184e+13 5.9737570836873167e-10 9.4099013483466268e-12
2.9761233583425367e+13 5.9610177943623279e-10 9.4102966871475501e-12
3.1693688393052258e+13 5.7742617688243391e-10 9.4091456223814031e-12
3.3751621253875582e+13 5.5885061692997660e-10 9.4067484743532409e-12
3.5943179699930094e+13 5.5082163918003285e-10 9.4041712218789581e-12
3.8277040300489891e+13 5.5184829961068474e-10 9.4022096542233342e-12
4.0762443011355633e+13 5.5410960999150463e-10 9.4009075388679681e-12
4.3409227756639367e+13 5.5256130314944324e-10 9.3996842346874763e-12
4.6227873385872453e+13 5.4831048853843188e-10 9.3981280534975213e-12
4.9229539160677695e+13 5.4459926822469465e-10 9.3964063611485879e-12
5.2426108935250102e+13 5.4222264441989194e-10 9.3947668300612909e-12
5.5830238205562664e+13 5.3993184719178984e-10 9.3932254353020670e-12
5.9455404213567984e+13 5.3716859205579564e-10 9.3916609357856816e-12
6.3315959304765805e+13 5.3438882615557575e-10 9.3901190918786263e-12
6.7427187750376242e+13 5.3176165692857456e-10 9.3885767183605792e-12
7.1805366259092250e+13 5.2911290588617385e-10 9.3870531552072598e-12
7.6467828417975391e+13 5.2644113250212443e-10 9.3855610740477472e-12
8.1433033317625016e+13 5.2379182732966834e-10 9.3841188187304762e-12
8.6720638633312984e+13 5.2114500694544813e-10 9.3827218910262747e-12
9.2351578451418156e+13 5.1850273869158713e-10 9.3814085951523659e-12
9.8348146149286328e+13 5.1586636688599045e-10 9.3801622034509498e-12
1.0473408265663330e+14 5.1323496506847927e-10 9.3790057144482284e-12
1.1153467044794006e+14 5.1060869864695302e-10 9.3779401426946938e-12
1.1877683363795339e+14 5.0799449585324351e-10 9.3770929414438696e-12
1.2648924457658284e+14 5.0539310638556871e-10 9.3764482959333579e-12
1.3470243736521064e+14 5.0281357945722297e-10 9.3761032697640690e-12
1.4344892874384209e+14 5.0026545999086897e-10 9.3761044234436760e-12
1.5276334682768272e+14 4.9776864568161594e-10 9.3765814775387151e-12
1.6268256820284319e+14 4.9534578190500984e-10 9.3775560437194071e-12
1.7324586392392922e+14 4.9303570261585060e-10 9.3792269564603554e-12
1.8449505499154053e+14 4.9086191679591856e-10 9.3814974008960814e-12
1.9647467792522466e+14 4.8883180232739881e-10 9.3843570974075018e-12
2.0923216108741269e+14 4.8687961023055219e-10 9.3873202853410657e-12
2.2281801245639556e+14 4.8488807476701246e-10 9.3899387258419426e-12
2.3728601959178084e+14 4.8273675102681675e-10 9.3915472320757013e-12
2.5269346258408778e+14 4.8038536891851014e-10 9.3917802699948791e-12
2.6910134083157575e+14 4.7788171163827161e-10 9.3907034651950121e-12
2.8657461454213075e+14 4.7528974227091322e-10 9.3883979824408526e-12
3.0518246191635156e+14 4.7267432673859563e-10 9.3854359627859017e-12
3.2499855303001000e+14 4.7006328554685498e-10 9.3820949309411836e-12
3.4610134150025650e+14 4.6747265286793699e-10 9.3786671605641680e-12
3.6857437509026781e+14 4.6490217030538879e-10 9.3752062099814295e-12
3.9250662648206094e+14 4.6235328061946444e-10 9.3718263161908520e-12
4.1799284552703056e+14 4.5982410798371208e-10 9.3685559326745170e-12
4.4513393436879431e+14 4.5731504718606096e-10 9.3654528332894664e-12
4.7403734692351381e+14 4.5482281961631614e-10 9.3624756649463925e-12
5.0481751429921312e+14 4.5234664281445972e-10 9.3596432397308142e-12
5.3759629783843788e+14 4.4988423676407608e-10 9.3569200432877231e-12
5.7250347157783800e+14 4.4743558932913280e-10 9.3543148167984936e-12
6.0967723603479338e+14 4.4499774611269472e-10 9.3517698328199459e-12
6.4926476535519950e+14 4.4257090506179194e-10 9.3493045953794349e-12
6.9142278998865025e+14 4.4015114160858793e-10 9.3468338020068030e-12
7.3631821719780112e+14 4.3774585017126168e-10 9.3445082704227952e-12
7.8412879185866575e+14 4.3535263403234024e-10 9.3422953231696396e-12
8.3504380016793488e+14 4.3296081277861120e-10 9.3399574093583093e-12
8.8926481904338675e+14 4.3058039225443486e-10 9.3377105294333416e-12
9.4700651418431650e+14 4.2820909755245263e-10 9.3355073064612690e-12
1.0084974899516204e+15 4.2584316304417925e-10 9.3332664410109784e-12
1.0739811944321706e+15 4.2348746395755399e-10 9.3310960623225704e-12
1.1437168832708592e+15 4.2113364768530861e-10 9.3288062544731318e-12
1.2179806460860922e+15 4.1879748097044606e-10 9.3267603490879226e-12
1.2970664995324480e+15 4.1645831221160349e-10 9.3244814503591696e-12
1.3812875513380198e+15 4.1412971003214237e-10 9.3222829757678710e-12
1.4709772399249580e+15 4.1181171617522940e-10 9.3201621882542403e-12
1.5664906545210442e+15 4.0949459842258008e-10 9.3179077786721227e-12
1.6682059409885602e+15 4.0718711034855320e-10 9.3157055827608007e-12
1.7765257989364800e+15 4.0488427742016454e-10 9.3134491964246124e-12
1.8918790760430108e+15 4.0259006704344045e-10 9.3112297167477485e-12
2.0147224659006098e+15 4.0030005021150224e-10 9.3089360082465168e-12
2.1455423161053658e+15 3.9802302990765944e-10 9.3067888271805385e-12
2.2848565537492285e+15 3.9574482876894409e-10 9.3044401069843564e-12
2.4332167359380215e+15 3.9347937324057187e-10 9.3022330273148247e-12
2.5912102334537550e+15 3.9121909256595267e-10 9.2999716904648493e-12
2.7594625562062920e+15 3.8896427548290689e-10 9.2976755765227388e-12
2.9386398296811375e+15 3.8671434422983707e-10 9.2953292345158943e-12
3.1294514321877730e+15 3.8447273225193705e-10 9.2930081078418006e-12
3.3326528033497870e+15 3.8223889462684834e-10 9.2906999868543904e-12
3.5490484349554780e+15 3.8001573819409271e-10 9.2884830438547825e-12
3.7794950560104625e+15 3.7779014765496694e-10 9.2860304362550278e-12
4.0249050246018200e+15 3.7557527496798925e-10 9.2836703402329243e-12
4.2862499400026025e+15 3.7336668146970119e-10 9.2812864267944192e-12
4.5645644893172800e+15 3.7116450382257410e-10 9.2788870090677669e-12
4.8609505438975510e+15 3.6896626016786178e-10 9.2764175793191284e-12
5.1765815217460210e+15 3.6678013154973798e-10 9.2740546573934327e-12
5.5127070331796240e+15 3.6459776211215799e-10 9.2716149355221315e-12
5.8706578281448180e+15 3.6242173734995875e-10 9.2691578366194966e-12
6.2518510647716210e+15 3.6024992750403603e-10 9.2666273568739183e-12
6.6577959200251110e+15 3.5808978175905918e-10 9.2642074758972069e-12
7.0900995646673930e+15 3.5593082650728803e-10 9.2616419228080336e-12
7.5504735261857610e+15 3.5378368339795404e-10 9.2591973873555969e-12
8.0407404648775820e+15 3.5163814695910790e-10 9.2566046237650220e-12
8.5628413899201470e+15 3.4950125362211980e-10 9.2540502473184750e-12
9.1188433439936820e+15 3.4737105501175388e-10 9.2514835716660919e-12
9.7109475868819420e+15 3.4524741050129628e-10 9.2489035776665233e-12
1.0341498310449842e+16 3.4313712351141050e-10 9.2464886549171906e-12
1.1012991919501952e+16 3.4101997565079595e-10 9.2437027139765463e-12
1.1728086915264360e+16 3.3892275628998473e-10 9.2412482979761769e-12
1.2489614420621088e+16 3.3681925484618796e-10 9.2384411597114512e-12
1.3300589388774162e+16 3.3473546651966565e-10 9.2359872086717404e-12
1.4164222539703882e+16 3.3264152912485211e-10 9.2330440044427752e-12
1.5083933071686554e+16 3.3057008788078257e-10 9.2305102816958895e-12
1.6063362198196432e+16 3.2849347888620928e-10 9.2276585118355997e-12
1.7106387563783806e+16 3.2644377099203999e-10 9.2253770721734265e-12
1.8217138596005332e+16 3.2438008011363054e-10 9.2224777621875406e-12
1.9400012854184464e+16 3.2232590429557043e-10 9.2196222774554606e-12
2.0659693439728840e+16 3.2027935906627108e-10 9.2167919479945792e-12
2.2001167536933452e+16 3.1823397024989860e-10 9.2138001719217171e-12
2.3429746157674044e+16 3.1620296095891813e-10 9.2110167525369680e-12
2.4951085168162840e+16 3.1418797001356740e-10 9.2085144343641991e-12
2.6571207681010540e+16 3.1217619539317963e-10 9.2058770909272386e-12
2.8296527901250348e+16 3.1015627989906299e-10 9.2027899528852813e-12
3.0133876520729820e+16 3.0815011938917384e-10 9.1998967146870035e-12
3.2090527761410176e+16 3.0614916981028628e-10 9.1969433539591539e-12
3.4174228174639372e+16 3.0415541338399158e-10 9.1939948993668434e-12
3.6393227310419408e+16 3.0216978805424915e-10 9.1910744389899313e-12
3.8756310378086064e+16 3.0018898189034648e-10 9.1880809021872851e-12
4.1272833027712904e+16 2.9821556397201067e-10 9.1850920353389393e-12
4.3952758389938152e+16 2.9624462861832993e-10 9.1819467913673269e-12
4.6806696520859832e+16 2.9428392476934239e-10 9.1788923953870137e-12
4.9845946408164376e+16 2.9233627168411142e-10 9.1759737074011661e-12
5.3082540704796848e+16 2.9038697122617088e-10 9.1729051086451254e-12
5.6529293367271448e+16 2.8844361562101134e-10 9.1697436502233514e-12
6.0199850387234200e+16 2.8651206769702805e-10 9.1667201641924104e-12
6.4108743817122752e+16 2.8458339773217218e-10 9.1635536834207836e-12
6.8271449303817776e+16 2.8266053988218964e-10 9.1603407607597394e-12
7.2704447358065728e+16 2.8074413641459912e-10 9.1570988658751626e-12
7.7425288602247392e+16 2.7883747078181760e-10 9.1539488454220629e-12
8.2452663254805152e+16 2.7694023517144124e-10 9.1507817121914266e-12
8.7806475126435088e+16 2.7504573247758631e-10 9.1475569972995143e-12
9.3507920420993136e+16 2.7315783636358975e-10 9.1443131939069170e-12
9.9579571653097712e+16 2.7128794393297532e-10 9.1414752820061112e-12
1.0604546701466579e+17 2.6941114818630777e-10 9.1381153493521734e-12
1.1293120554419104e+17 2.6753435433535704e-10 9.1345057096597586e-12
1.2026404847555307e+17 2.6566829566101655e-10 9.1310804339097362e-12
1.2807302716759274e+17 2.6381353881261567e-10 9.1277441499706981e-12
1.3638905804177414e+17 2.6196635902916096e-10 9.1244132312623911e-12
1.4524506498296803e+17 2.6011544988708605e-10 9.1207029814502488e-12
1.5467610968795712e+17 2.5828696217941701e-10 9.1174544844451794e-12
1.6471953047772218e+17 2.5645570288776464e-10 9.1139170133244490e-12
1.7541509012308691e+17 2.5463140887784451e-10 9.1103702719989591e-12
1.8680513326895568e+17 2.5281502571680512e-10 9.1068499669920222e-12
1.9893475408042733e+17 2.5099650952809059e-10 9.1029747663043513e-12
2.1185197477449030e+17 2.4919558244691144e-10 9.0994920803962820e-12
2.2560793574412963e+17 2.4741760935752206e-10 9.0966436750997383e-12
2.4025709802756010e+17 2.4562670307909385e-10 9.0930134865869084e-12
2.5585745892419069e+17 2.4384218108184993e-10 9.0893521001812901e-12
2.7247078161093331e+17 2.4206717342631582e-10 9.0857743162296516e-12
2.9016283966796512e+17 2.4029601934544401e-10 9.0820703162678223e-12
3.0900367748201440e+17 2.3853649809633564e-10 9.0784975109720269e-12
3.2906788755814086e+17 2.3678020991237918e-10 9.0748065238556124e-12
3.5043490583790579e+17 2.3498311900122603e-10 9.0691612452880476e-12
3.7318932619314112e+17 2.3326085433903855e-10 9.0663615353933433e-12
3.9742123534038118e+17 2.3152088434559809e-10 9.0624334512620625e-12
4.2322656950196966e+17 2.2977400311227115e-10 9.0579829484016425e-12
4.5070749422585126e+17 2.2804403350942553e-10 9.0538867283630926e-12
4.7997280886780525e+17 2.2632544854281320e-10 9.0499578942454131e-12
5.1113837733749651e+17 2.2459607400751362e-10 9.0450473760737614e-12
5.4432758681370234e+17 2.2289154256074808e-10 9.0410868497189775e-12
5.7967183624483328e+17 2.2117204131713428e-10 9.0362737752717438e-12
6.1731105656869901e+17 2.1951465324141627e-10 9.0337367376237531e-12
6.5739426471120038e+17 2.1785031531485830e-10 9.0304861142709121e-12
7.0008015355721229e+17 2.1617439838261592e-10 9.0265265505742410e-12
7.4553772022942874e+17 2.1450532663657359e-10 9.0225517555620929e-12
7.9394693516256909e+17 2.1283744089003466e-10 9.0183875985514611e-12
8.4549945462190694e+17 2.1117568278072523e-10 9.0141001206006793e-12
9.0039937948694899e+17 2.0953140999074080e-10 9.0102160763079835e-12
9.5886406330447898e+17 2.0788177460929285e-10 9.0058410073036668e-12
1.0211249728100270e+18 2.0624432271973115e-10 9.0017236221340407e-12
1.0874286043246771e+18 2.0460888494438668e-10 8.9973105186484828e-12
1.1580374596552947e+18 2.0295043079446074e-10 8.9916817181651456e-12
1.2332310853619013e+18 2.0126874923745180e-10 8.9844224357627624e-12
1.3133071795066086e+18 1.9973180980699688e-10 8.9833811530606211e-12
1.3985827702660081e+18 1.9812600800948845e-10 8.9789903341687353e-12
1.4893954710731087e+18 1.9642734236419061e-10 8.9701352125657036e-12
1.5861048172580954e+18 1.9483199362445896e-10 8.9654697790666384e-12
1.6890936894797693e+18 1.9324302549328686e-10 8.9607532656882599e-12
1.7987698295831491e+18 1.9166542561599485e-10 8.9562424902646525e-12
1.9155674548847286e+18 1.9009510293654301e-10 8.9517470584088556e-12
2.0399489772762706e+18 1.8861128334640471e-10 8.9512391907104985e-12
2.1724068339535027e+18 1.8704560334430754e-10 8.9463712289029001e-12
2.3134654370175155e+18 1.8547074548473719e-10 8.9404467907087791e-12
2.4636832496675896e+18 1.8386149534327041e-10 8.9330869797927872e-12
2.6236549972052378e+18 1.8238555328112766e-10 8.9310696515038487e-12
2.7940140216031555e+18 1.8086656146439625e-10 8.9271338503801735e-12
2.9754347889606943e+18 1.7925050196474158e-10 8.9178459528253457e-12
3.1686355597735173e+18 1.7775976621889923e-10 8.9142061651925965e-12
3.3743812325889510e+18 1.7620986776599330e-10 8.9076744197167448e-12
3.5934863723054316e+18 1.7476321378806902e-10 8.9058030701258427e-12
3.8268184351053010e+18 1.7325832128590646e-10 8.9005978565975674e-12
4.0753012027889157e+18 1.7178846063978341e-10 8.8969477903366615e-12
4.3399184401064453e+18 1.7027104356106339e-10 8.8902622824450745e-12
4.6217177895676467e+18 1.6870877002977119e-10 8.8810589410325397e-12
4.9218149191490683e+18 1.6721860185955290e-10 8.8752752220593420e-12
5.2413979393199780e+18 1.6573641991882188e-10 8.8695777663950616e-12
5.5817321068743404e+18 1.6428222084716399e-10 8.8642555863884021e-12
5.9441648341919795e+18 1.6283244365312779e-10 8.8589223383537870e-12
6.3301310237603635e+18 1.6136183692154189e-10 8.8526634043107450e-12
6.7411587490777283e+18 1.5994487915678477e-10 8.8480684464492628e-12
7.1788753044280637e+18 1.5854652162674393e-10 8.8447226201622522e-12
7.6450136474798039e+18 1.5706835498902711e-10 8.8365070946394143e-12
8.1414192602150001e+18 1.5566571574348811e-10 8.8319129451978621e-12
8.6700574553518889e+18 1.5426969590597720e-10 8.8276903427359193e-12
9.2330211571880632e+18 1.5285343601577192e-10 8.8216535175222716e-12
9.8325391876682158e+18 1.5142760384650800e-10 8.8145255290456199e-12
1.0470985090483087e+19 1.4993664887596409e-10 8.8047656519765184e-12
1.1150886528134001e+19 1.4852816541255969e-10 8.7977801778517991e-12
1.1874935289167114e+19 1.4712807624778685e-10 8.7908348427625105e-12
1.2645997945196804e+19 1.4574010249233084e-10 8.7841653164440919e-12
1.3467127199910806e+19 1.4439412433796706e-10 8.7798542268325750e-12
1.4341573974987305e+19 1.4301139965165332e-10 8.7725864695546364e-12
1.5272800280775207e+19 1.4161830442787274e-10 8.7641234677647679e-12
1.6264492922692172e+19 1.4036195826121467e-10 8.7622822634208824e-12
1.7320578097605861e+19 1.3901561741704541e-10 8.7559999981719473e-12
1.8445236937986488e+19 1.3767312577855189e-10 8.7494569311705311e-12
1.9642922065372160e+19 1.3634959203845190e-10 8.7433137469551825e-12
2.0918375218681463e+19 1.3506917929196754e-10 8.7401047810441443e-12
2.2276646027168170e+19 1.3374691273677104e-10 8.7334553766064611e-12
2.3723112002339697e+19 1.3253215584974583e-10 8.7343503627342654e-12
2.5263499827989844e+19 1.3090859689358135e-10 8.7067917870986717e-12
2.6903908032634835e+19 1.2973209271070150e-10 8.7098193225998383e-12
2.8650831134114484e+19 1.2839428261274990e-10 8.6994334054731380e-12
3.0511185351950471e+19 1.2738868569960547e-10 8.7107593822069189e-12
3.2492335989255746e+19 1.2611890602368903e-10 8.7046764409047836e-12
3.4602126592606917e+19 1.2486995784600000e-10 8.6994419105880692e-12
3.6848910005322756e+19 1.2353078834266823e-10 8.6874533979962709e-12
3.9241581437092708e+19 1.2229711183711384e-10 8.6822436815781664e-12
4.1789613680880402e+19 1.2107829137419489e-10 8.6776446861492937e-12
4.4503094616530928e+19 1.1995812472856152e-10 8.6815672277116549e-12
4.7392767149556949e+19 1.1810277030367198e-10 8.6269778169686446e-12
5.0470071743231246e+19 1.1699100381603654e-10 8.6283039750597939e-12
5.3747191712369164e+19 1.1626127820154484e-10 8.6612640370353140e-12
5.7237101458124808e+19 1.1500150565876031e-10 8.6510145128116767e-12
6.0953617834765885e+19 1.1360566960079850e-10 8.6276437075933148e-12
6.4911454851795730e+19 1.1253049175292735e-10 8.6322166746950671e-12
6.9126281927985562e+19 1.1120486273872006e-10 8.6132139354912202e-12
7.3614785927959388e+19 1.1006544710690714e-10 8.6119570897652009e-12
7.8394737226932584e+19 1.0875233368677337e-10 8.5924560508432643e-12
8.3485060065163067e+19 1.0776524363575103e-10 8.6026935168593581e-12
8.8905907470653047e+19 1.0640309924306673e-10 8.5770164025943769e-12
9.4678741046731342e+19 1.0550882481378867e-10 8.5941364536115541e-12
1.0082641594039134e+20 1.0407539474975025e-10 8.5630765370088824e-12
1.0737327132779579e+20 1.0291078450207138e-10 8.5543033701949522e-12
1.1434522677517784e+20 1.0173086942700031e-10 8.5430948903704836e-12
1.2176988485664362e+20 1.0056737110999904e-10 8.5326776016116384e-12
1.2967664043514842e+20 9.9401001095974306e-11 8.5214441662247827e-12
1.3809679703929830e+20 9.8182801172553209e-11 8.5052631847926309e-12
1.4706369079672922e+20 9.7063871374809912e-11 8.4959709853807447e-12
1.5661282241471077e+20 9.6008839968187683e-11 8.4920273489977287e-12
1.6678199773051824e+20 9.4973793291316334e-11 8.4908488818177640e-12
1.7761147738800849e+20 9.3840872995262985e-11 8.4791180504844330e-12
1.8914413623298811e+20 9.2999151703996485e-11 8.4945547725862897e-12
2.0142563305843134e+20 9.1790304564931615e-11 8.4762080361066627e-12
2.1450459137159365e+20 9.0666757668441180e-11 8.4632584576944498e-12
2.2843279189866929e+20 8.9563488028871482e-11 8.4517052604200372e-12
2.4326537758916723e+20 8.8642075758908271e-11 8.4557673877698311e-12
2.5906107193161194e+20 8.7602628961457583e-11 8.4485603724926967e-12
2.7588241144490918e+20 8.6317958570228875e-11 8.4176849480847034e-12
2.9379599326582600e+20 8.5060198903874653e-11 8.3854722544049160e-12
3.1287273881281987e+20 8.4096392327422653e-11 8.3871037525680774e-12
3.3318817457004911e+20 8.3062295970579579e-11 8.3774427225369088e-12
3.5482273110325953e+20 8.1962027123015116e-11 8.3582183428556198e-12
3.7786206149134228e+20 8.1058669549798793e-11 8.3603678811954396e-12
4.0239738043427553e+20 7.9907400887932140e-11 8.3359955914444975e-12
4.2852582538000341e+20 7.9009412192532844e-11 8.3381299700491262e-12
4.5635084109998345e+20 7.8320151097860362e-11 8.3584851871287129e-12
4.8598258923599063e+20 7.6858584148144807e-11 8.2973998121544203e-12
5.1753838443955526e+20 7.6069567325978674e-11 8.3130824076456891e-12
5.5114315883082023e+20 7.4914840152332256e-11 8.2772305517952858e-12
5.8692995661559785e+20 7.3927914755429294e-11 8.2687671988289095e-12
6.2504046081887725e+20 7.2945618277785946e-11 8.2549025213940525e-12
6.6562555422015921e+20 7.1961202192369885e-11 8.2384904503623146e-12
7.0884591671143956e+20 7.1603907498196967e-11 8.2980011509752858e-12
7.5487266144275608e+20 7.0379868871682421e-11 8.2590870388346761e-12
8.0388801227395668e+20 6.9389697646348402e-11 8.2427370601819992e-12
8.5608602521470291e+20 6.8304066610817533e-11 8.2128847949582320e-12
9.1167335670898137e+20 6.7387674522502115e-11 8.2029235708517135e-12
9.7087008180581643e+20 6.6596937199212522e-11 8.2074768309515692e-12
1.0339105654554383e+21 6.5573139648691291e-11 8.1819868020078995e-12
1.1010443903803277e+21 6.4435006776677383e-11 8.1353918336521529e-12
1.1725373451948129e+21 6.4180760277538525e-11 8.2104898575186905e-12
1.2486724766851546e+21 6.2605951434637206e-11 8.1081498626031402e-12
1.3297512104162322e+21 6.2559432842834990e-11 8.2045343057456079e-12
1.4160945441013920e+21 6.1502659604682493e-11 8.1732973363131186e-12
1.5080443184601796e+21 6.0649295636698138e-11 8.1648685760516173e-12
1.6059645705952210e+21 5.9916916531055319e-11 8.1610899416752833e-12
1.7102429752466161e+21 5.9064456933328695e-11 8.1534230687505842e-12
1.8212923796297238e+21 5.8205395916595570e-11 8.1461822271225644e-12
1.9395524379329650e+21 5.5237283543922774e-11 7.8153629886826801e-12
2.0654913519467480e+21 5.6099665793181123e-11 8.0632616434998369e-12
2.1996077247147986e+21 5.5256430234608803e-11 8.0476904139496791e-12
2.3424325345467690e+21 5.2819034770312885e-11 7.7750803594840634e-12
2.4945312372071449e+21 5.1948315157481626e-11 7.7488397638309411e-12
2.6565060046035521e+21 5.3237219968657965e-11 8.0579629979858453e-12
2.8289981088373576e+21 5.0611471325526768e-11 7.7557391620899088e-12
3.0126904610553368e+21 4.9783153613748795e-11 7.7331475289755146e-12
3.2083103151538910e+21 5.0017115791227428e-11 7.9037906012771092e-12
3.4166321470401728e+21 5.0008195903738022e-11 8.0151408125294871e-12
3.6384807208489777e+21 4.6546579824281092e-11 7.5439914159307191e-12
3.8747343542553275e+21 4.5768316537082515e-11 7.5159029216434121e-12
4.1263283958100205e+21 4.5057630317864661e-11 7.5130431790330967e-12
4.3942589280653751e+21 4.4230334911927584e-11 7.4799898683654762e-12
4.6795867111520915e+21 4.3414589737654546e-11 7.4440328459417362e-12
4.9834413824204299e+21 4.2678842290599902e-11 7.4246210429105425e-12
5.3070259287718730e+21 4.2571769505130593e-11 7.5011560419520885e-12
5.6516214493883767e+21 4.0978728389475303e-11 7.3474735205993882e-12
6.0185922277146981e+21 4.0100550980860033e-11 7.2989825190906620e-12
6.4093911327744543e+21 3.9847373845041645e-11 7.3551186927815655e-12
6.8255653712041366e+21 3.8999227441430221e-11 7.3074971682260084e-12
7.2687626127778272e+21 3.7840573644952746e-11 7.1831421256210382e-12
7.7407375136744570e+21 3.7032000287408419e-11 7.1441727418529235e-12
8.2433586633129004e+21 3.6395387136294082e-11 7.1237246862675119e-12
8.7786159822591891e+21 3.5711671481264583e-11 7.1142211533427102e-12
9.3486286004939380e+21 3.4976496408353831e-11 7.0531584326895551e-12
9.9556532472310682e+21 3.4414812861303066e-11 7.0430077796096233e-12
1.0602093185503693e+22 3.3206724796375382e-11 6.9381046883725196e-12
1.1290507726890490e+22 3.2519012909636767e-11 6.9030339182698551e-12
1.2023622364050900e+22 3.1165924197559753e-11 6.7366629717445752e-12
1.2804339561186428e+22 3.0602755528474220e-11 6.7109961396647080e-12
1.3635750245147154e+22 3.0126348212103903e-11 6.7008025352209003e-12
1.4521146042678233e+22 2.9893853632003373e-11 6.7447250681272217e-12
1.5464032312254513e+22 2.8848772491030019e-11 6.6248475673762024e-12
1.6468142022098149e+22 2.8656638179763468e-11 6.6804978306677862e-12
1.7537450529321642e+22 2.8146565614250819e-11 6.6660250513485798e-12
1.8676191318710675e+22 2.7481697484351426e-11 6.6320654265817905e-12
1.9888872763456104e+22 2.6407835551560184e-11 6.5011377499202258e-12
2.1180295974193002e+22 2.6203633629910658e-11 6.5615059497290851e-12
2.2555573807012391e+22 2.5500640201081290e-11 6.5107707136051712e-12
2.4020151105701051e+22 2.4603723620415611e-11 6.3460603599868124e-12
2.5579826258347538e+22 2.4055950642136852e-11 6.4321979709547997e-12
2.7240774153662387e+22 2.3699627877543078e-11 6.3240026411400249e-12
2.9009570627895964e+22 2.3263109466189265e-11 6.3279589694771003e-12
3.0893218499142445e+22 2.2792781814912386e-11 6.3206910384410658e-12
3.2899175292101802e+22 2.2302627646077286e-11 6.3053774723671755e-12
3.5035382763064249e+22 2.1797381669929386e-11 6.2866217714347966e-12
3.7310298342010829e+22 2.1079801366814191e-11 6.2054581058880596e-12
3.9732928616307903e+22 2.0429558973638347e-11 6.1417872644360734e-12
4.2312864988565927e+22 1.9517511665221513e-11 6.0022978055093439e-12
4.5060321649830985e+22 1.9696708480831964e-11 6.1699982144591974e-12
4.7986176018449821e+22 1.9331961051736077e-11 6.2216325328495557e-12
5.1102011804708600e+22 1.8686391039533145e-11 6.0638007966821791e-12
5.4420164871744655e+22 2.1064541240056361e-11 6.9861152107137416e-12
5.7953772074292180e+22 1.7175415075631306e-11 5.8277456837357923e-12
6.1716823268627002e+22 1.9558560642151955e-11 6.8573565882928751e-12
6.5724216699616108e+22 1.8862710522666333e-11 6.7526863212594512e-12
6.9991817984156512e+22 1.8572649104936243e-11 6.7079833594676760e-12
7.4536522924523019e+22 1.7142687851355239e-11 6.4168934832498637e-12
7.9376324400311899e+22 1.7624140418345876e-11 6.6464001154077572e-12
8.4530383603802499e+22 1.6497542555339550e-11 6.3681827447791098e-12
9.0019105900775688e+22 1.5465694817450909e-11 6.1443040051219063e-12
