# #Parameters: delta_c =0.4, gamma = 0.2, gstar = 107.5#Columns: mPBH [Msun, fPBH]
1.2036912734296308e+21 0.0000000000000000e+00
1.0611352526493999e+21 0.0000000000000000e+00
9.3546248051381096e+20 0.0000000000000000e+00
8.2467343372502106e+20 0.0000000000000000e+00
7.2700539728570784e+20 0.0000000000000000e+00
6.4090441872871968e+20 0.0000000000000000e+00
5.6500058387403060e+20 0.0000000000000000e+00
4.9808622073663331e+20 0.0000000000000000e+00
4.3909668479743348e+20 0.0000000000000000e+00
3.8709341992025162e+20 0.0000000000000000e+00
3.4124902540469535e+20 0.0000000000000000e+00
3.0083409158348630e+20 0.0000000000000000e+00
2.6520559451132199e+20 0.0000000000000000e+00
2.3379666509832769e+20 0.0000000000000000e+00
2.0610756990937403e+20 0.0000000000000000e+00
1.8169776012879253e+20 0.0000000000000000e+00
1.6017886218510356e+20 0.0000000000000000e+00
1.4120849851273763e+20 0.0000000000000000e+00
1.2448484013564335e+20 0.0000000000000000e+00
1.0974180440137486e+20 0.0000000000000000e+00
9.6744821458956698e+19 0.0000000000000000e+00
8.5287102122845880e+19 0.0000000000000000e+00
7.5186347742639997e+19 0.0000000000000000e+00
6.6281849730745172e+19 0.0000000000000000e+00
5.8431932599880040e+19 0.0000000000000000e+00
5.1511699827730997e+19 0.0000000000000000e+00
4.5411046684218589e+19 0.0000000000000000e+00
4.0032908404356850e+19 0.0000000000000000e+00
3.5291715834168959e+19 0.0000000000000000e+00
3.1112033978130440e+19 0.0000000000000000e+00
2.7427361786676826e+19 0.0000000000000000e+00
2.4179074087732240e+19 0.0000000000000000e+00
2.1315488827803914e+19 0.0000000000000000e+00
1.8791044781932220e+19 0.0000000000000000e+00
1.6565576649407832e+19 0.0000000000000000e+00
1.4603676001627222e+19 0.0000000000000000e+00
1.2874127914413779e+19 0.0000000000000000e+00
1.1349414321313372e+19 0.0000000000000000e+00
1.0005276185940271e+19 0.0000000000000000e+00
8.8203275272938445e+18 0.0000000000000000e+00
7.7757151569750927e+18 0.0000000000000000e+00
6.8548187145338757e+18 0.0000000000000000e+00
6.0429862283436913e+18 0.0000000000000000e+00
5.3273009946310093e+18 0.0000000000000000e+00
4.6963760655756462e+18 0.0000000000000000e+00
4.1401730766743383e+18 0.0000000000000000e+00
3.6498425308106388e+18 0.0000000000000000e+00
3.2175829978621926e+18 0.0000000000000000e+00
2.8365169896336558e+18 0.0000000000000000e+00
2.5005815352163835e+18 0.0000000000000000e+00
2.2044317157686748e+18 0.0000000000000000e+00
1.9433556239014300e+18 0.0000000000000000e+00
1.7131993946260314e+18 0.0000000000000000e+00
1.5103011150654246e+18 0.0000000000000000e+00
1.3314325613953326e+18 0.0000000000000000e+00
1.1737478360180803e+18 0.0000000000000000e+00
1.0347380877581361e+18 0.0000000000000000e+00
9.1219159465259750e+17 0.0000000000000000e+00
8.0415857423172646e+17 0.0000000000000000e+00
7.0892016140171187e+17 0.0000000000000000e+00
6.2496106035052877e+17 0.0000000000000000e+00
5.5094543535366470e+17 0.0000000000000000e+00
4.8569565688907014e+17 0.0000000000000000e+00
4.2817356490026170e+17 0.0000000000000000e+00
3.7746395109575846e+17 0.0000000000000000e+00
3.3275999747908378e+17 0.0000000000000000e+00
2.9335043942829146e+17 0.0000000000000000e+00
2.5860824908252570e+17 0.0000000000000000e+00
2.2798065898202989e+17 0.0000000000000000e+00
2.0098036723219274e+17 0.0000000000000000e+00
1.7717778426094928e+17 0.0000000000000000e+00
1.5619419781113408e+17 0.0000000000000000e+00
1.3769574741905579e+17 0.0000000000000000e+00
1.2138811250990598e+17 0.0000000000000000e+00
1.0701182959466181e+17 0.0000000000000000e+00
9.4338164062501584e+16 0.0000000000000000e+00
8.3165470886663888e+16 0.0000000000000000e+00
7.3315986340567056e+16 0.0000000000000000e+00
6.4632999678622232e+16 0.0000000000000000e+00
5.6978359781614640e+16 0.0000000000000000e+00
5.0230277096003904e+16 0.0000000000000000e+00
4.4281385894780792e+16 0.0000000000000000e+00
3.9037036029380912e+16 0.0000000000000000e+00
3.4413786993482332e+16 0.0000000000000000e+00
3.0338080338410340e+16 0.0000000000000000e+00
2.6745069317542856e+16 0.0000000000000000e+00
2.3577587138713844e+16 0.0000000000000000e+00
2.0785237408938516e+16 0.0000000000000000e+00
1.8323592299933036e+16 0.0000000000000000e+00
1.6153485676799490e+16 0.0000000000000000e+00
1.4240389943161926e+16 0.0000000000000000e+00
1.2553866688015444e+16 0.0000000000000000e+00
1.1067082393775420e+16 0.0000000000000000e+00
9.7563815001747380e+15 0.0000000000000000e+00
8.6009100312191420e+15 0.0000000000000000e+00
7.5822837968975780e+15 0.0000000000000000e+00
6.6842958905531560e+15 0.0000000000000000e+00
5.8926588280363810e+15 0.0000000000000000e+00
5.1947772259318180e+15 0.0000000000000000e+00
4.5795474020430180e+15 0.0000000000000000e+00
4.0371807096688435e+15 0.0000000000000000e+00
3.5590477948215995e+15 0.0000000000000000e+00
3.1375412984333660e+15 0.0000000000000000e+00
2.7659548190665355e+15 0.0000000000000000e+00
2.4383762103585490e+15 0.0000000000000000e+00
2.1495935155040150e+15 0.0000000000000000e+00
1.8950120421399068e+15 0.0000000000000000e+00
1.6705812582493115e+15 0.0000000000000000e+00
1.4727303459572435e+15 0.0000000000000000e+00
1.2983113878437055e+15 0.0000000000000000e+00
1.1445492818368155e+15 0.0000000000000000e+00
1.0089975878043141e+15 0.0000000000000000e+00
8.8949960333824700e+14 0.0000000000000000e+00
7.8415404942707162e+14 0.0000000000000000e+00
6.9128482005522525e+14 0.0000000000000000e+00
6.0941431442958925e+14 0.0000000000000000e+00
5.3723992753380075e+14 0.0000000000000000e+00
4.7361332496214512e+14 0.0000000000000000e+00
4.1752217228416244e+14 0.0000000000000000e+00
3.6807402824407194e+14 0.0000000000000000e+00
3.2448214552690275e+14 0.0000000000000000e+00
2.8605295317366056e+14 0.0000000000000000e+00
2.5217502148384991e+14 0.0000000000000000e+00
2.2230933383083681e+14 0.0000000000000000e+00
1.9598071060926097e+14 0.0000000000000000e+00
1.7277024886475188e+14 0.0000000000000000e+00
1.5230865731628688e+14 0.0000000000000000e+00
1.3427038072770189e+14 0.0000000000000000e+00
1.1836842014386416e+14 0.0000000000000000e+00
1.0434976657859175e+14 0.0000000000000000e+00
9.1991375501779109e+13 0.0000000000000000e+00
8.1096618077586406e+13 0.0000000000000000e+00
7.1492152690930453e+13 0.0000000000000000e+00
6.3025166986537227e+13 0.0000000000000000e+00
5.5560946539868352e+13 0.0000000000000000e+00
4.8980731476134484e+13 0.0000000000000000e+00
4.3179826935016008e+13 0.0000000000000000e+00
3.8065937317542852e+13 0.0000000000000000e+00
3.3557697812078109e+13 0.0000000000000000e+00
2.9583379835172953e+13 0.0000000000000000e+00
2.6079749790139766e+13 0.0000000000000000e+00
2.2991062985562926e+13 0.0000000000000000e+00
2.0268176706433426e+13 0.0000000000000000e+00
1.7867768326378332e+13 0.0000000000000000e+00
1.5751646020719352e+13 0.0000000000000000e+00
1.3886141113423215e+13 0.0000000000000000e+00
1.2241572389848365e+13 0.0000000000000000e+00
1.0791773852207021e+13 0.0000000000000000e+00
9.5136784040716094e+12 0.0000000000000000e+00
8.3869508401149385e+12 0.0000000000000000e+00
7.3936643017490059e+12 0.0000000000000000e+00
6.5180150508916846e+12 0.0000000000000000e+00
5.7460710237548184e+12 0.0000000000000000e+00
5.0655501640055273e+12 0.0000000000000000e+00
4.4656250084581641e+12 0.0000000000000000e+00
3.9367504161479307e+12 0.0000000000000000e+00
3.4705116998598882e+12 0.0000000000000000e+00
3.0594907438022686e+12 0.0000000000000000e+00
2.6971479772823291e+12 0.0000000000000000e+00
2.3777183265204028e+12 0.0000000000000000e+00
2.0961194891381235e+12 0.0000000000000000e+00
1.8478710719173010e+12 0.0000000000000000e+00
1.6290233052662603e+12 0.0000000000000000e+00
1.4360942002015188e+12 0.0000000000000000e+00
1.2660141479776797e+12 0.0000000000000000e+00
1.1160770809148408e+12 0.0000000000000000e+00
9.8389741736547571e+11 0.0000000000000000e+00
8.6737210579125000e+11 0.0000000000000000e+00
7.6464716405011584e+11 0.0000000000000000e+00
6.7408818151525940e+11 0.0000000000000000e+00
5.9425431469823608e+11 0.0000000000000000e+00
5.2387536263232147e+11 0.0000000000000000e+00
4.6183155727276532e+11 0.0000000000000000e+00
4.0713574736799261e+11 0.0000000000000000e+00
3.5891769233732318e+11 0.0000000000000000e+00
3.1641021626212872e+11 0.0000000000000000e+00
2.7893700169272998e+11 0.0000000000000000e+00
2.4590182906380020e+11 0.0000000000000000e+00
2.1677909051138504e+11 0.0000000000000000e+00
1.9110542716113953e+11 0.0000000000000000e+00
1.6847235683242041e+11 0.0000000000000000e+00
1.4851977486091013e+11 0.0000000000000000e+00
1.3093022463427979e+11 0.0000000000000000e+00
1.1542384668194690e+11 0.0000000000000000e+00
1.0175392595614278e+11 0.0000000000000000e+00
8.9702966459075333e+10 0.0000000000000000e+00
7.9079230761339111e+10 0.0000000000000000e+00
6.9713689353385086e+10 0.0000000000000000e+00
6.1457331292558174e+10 0.0000000000000000e+00
5.4178793356600151e+10 0.0000000000000000e+00
4.7762269982142982e+10 0.0000000000000000e+00
4.2105670734160286e+10 0.0000000000000000e+00
3.7118995990692322e+10 0.0000000000000000e+00
3.2722904999093216e+10 0.0000000000000000e+00
2.8847453520784424e+10 0.0000000000000000e+00
2.5430980979741302e+10 0.0000000000000000e+00
2.2419129408631935e+10 0.0000000000000000e+00
1.9763978583499401e+10 0.0000000000000000e+00
1.7423283586499321e+10 0.0000000000000000e+00
1.5359802665897585e+10 0.0000000000000000e+00
1.3540704699206308e+10 0.0000000000000000e+00
1.1937046831870377e+10 0.0000000000000000e+00
1.0523313980447338e+10 0.0000000000000000e+00
9.2770128735205173e+09 0.0000000000000000e+00
8.1783141713126593e+09 0.0000000000000000e+00
7.2097369699252625e+09 0.0000000000000000e+00
6.3558706704910307e+09 0.0000000000000000e+00
5.6031297880242529e+09 0.0000000000000000e+00
4.9395377988424950e+09 0.0000000000000000e+00
4.3545365874519777e+09 0.0000000000000000e+00
3.8388184610919204e+09 0.0000000000000000e+00
3.3841780591957693e+09 0.0000000000000000e+00
2.9833818015672402e+09 0.0000000000000000e+00
2.6300527981195421e+09 0.0000000000000000e+00
2.3185693890278153e+09 0.0000000000000000e+00
2.0439757010126979e+09 0.0000000000000000e+00
1.8019027966560566e+09 0.0000000000000000e+00
1.5884991621907566e+09 0.0000000000000000e+00
1.4003694277868264e+09 0.0000000000000000e+00
1.2345203453399858e+09 0.0000000000000000e+00
1.0883131642390809e+09 0.0000000000000000e+00
9.5942164738475072e+08 0.0000000000000000e+00
8.4579505947082269e+08 0.0000000000000000e+00
7.4562553865158892e+08 0.0000000000000000e+00
6.5731933246017146e+08 0.0000000000000000e+00
5.7947144032546532e+08 0.0000000000000000e+00
5.1084325923612499e+08 0.0000000000000000e+00
4.5034287688175929e+08 0.0000000000000000e+00
3.9700769872427112e+08 0.0000000000000000e+00
3.4998913258646697e+08 0.0000000000000000e+00
3.0853908708128387e+08 0.0000000000000000e+00
2.7199806906413835e+08 0.0000000000000000e+00
2.3978469073232564e+08 0.0000000000000000e+00
2.1138641942358550e+08 0.0000000000000000e+00
1.8635142293802780e+08 0.0000000000000000e+00
1.6428138063798931e+08 0.0000000000000000e+00
1.4482514594642609e+08 0.0000000000000000e+00
1.2767315941069776e+08 0.0000000000000000e+00
1.1255252344050334e+08 0.0000000000000000e+00
9.9222660356313318e+07 0.0000000000000000e+00
8.7471484665455118e+07 0.0000000000000000e+00
7.7112028664651185e+07 0.0000000000000000e+00
6.7979467680469215e+07 0.0000000000000000e+00
5.9928497617627293e+07 0.0000000000000000e+00
5.2831023090488359e+07 0.0000000000000000e+00
4.6574119354641162e+07 0.0000000000000000e+00
4.1058235611774318e+07 0.0000000000000000e+00
3.6195611101425797e+07 0.0000000000000000e+00
3.1908878778754629e+07 0.0000000000000000e+00
2.8129834362076849e+07 0.0000000000000000e+00
2.4798351165028486e+07 0.0000000000000000e+00
2.1861423447737087e+07 0.0000000000000000e+00
1.9272323066190507e+07 0.0000000000000000e+00
1.6989856001625717e+07 0.0000000000000000e+00
1.4977706940911869e+07 0.0000000000000000e+00
1.3203861479836836e+07 0.0000000000000000e+00
1.1640096756233102e+07 0.0000000000000000e+00
1.0261532408634651e+07 0.0000000000000000e+00
9.0462347159677707e+06 0.0000000000000000e+00
7.9748676199199986e+06 0.0000000000000000e+00
7.0303850775603773e+06 0.0000000000000000e+00
6.1977598493703492e+06 0.0000000000000000e+00
5.4637444075533450e+06 0.0000000000000000e+00
4.8166601605422655e+06 0.0000000000000000e+00
4.2462116401495347e+06 0.0000000000000000e+00
3.7433226949753347e+06 0.0000000000000000e+00
3.2999920838199197e+06 0.0000000000000000e+00
2.9091661715116571e+06 0.0000000000000000e+00
2.5646267016710909e+06 0.0000000000000000e+00
2.2608918608133933e+06 0.0000000000000000e+00
1.9931290596645223e+06 0.0000000000000000e+00
1.7570780439936598e+06 0.0000000000000000e+00
1.5489831116125756e+06 0.0000000000000000e+00
1.3655333570770095e+06 0.0000000000000000e+00
1.2038099933502695e+06 0.0000000000000000e+00
1.0612399122874334e+06 0.0000000000000000e+00
9.3555474506195018e+05 0.0000000000000000e+00
8.2475477116325439e+05 0.0000000000000000e+00
7.2707710173765046e+05 0.0000000000000000e+00
6.4096763105185004e+05 0.0000000000000000e+00
5.6505630981136917e+05 0.0000000000000000e+00
4.9813534691865323e+05 0.0000000000000000e+00
4.3913999284885853e+05 0.0000000000000000e+00
3.8713159889612941e+05 0.0000000000000000e+00
3.4128268275364063e+05 0.0000000000000000e+00
3.0086376281253522e+05 0.0000000000000000e+00
2.6523175170613447e+05 0.0000000000000000e+00
2.3381972443433647e+05 0.0000000000000000e+00
2.0612789827336799e+05 0.0000000000000000e+00
1.8171568095628245e+05 0.0000000000000000e+00
1.6019466060636454e+05 0.0000000000000000e+00
1.4122242588938895e+05 0.0000000000000000e+00
1.2449711805994798e+05 0.0000000000000000e+00
1.0975262822189825e+05 0.0000000000000000e+00
9.6754363388668149e+04 0.0000000000000000e+00
8.5295513979123964e+04 0.0000000000000000e+00
7.5193763362769634e+04 0.0000000000000000e+00
6.6288387101342640e+04 0.0000000000000000e+00
5.8437695734127075e+04 0.0000000000000000e+00
5.1516780420280345e+04 0.0000000000000000e+00
4.5415525570106627e+04 0.0000000000000000e+00
4.0036856845135160e+04 0.0000000000000000e+00
3.5295196651713726e+04 0.0000000000000000e+00
3.1115102554173485e+04 0.0000000000000000e+00
2.7430066943959584e+04 0.0000000000000000e+00
2.4181458866803234e+04 0.0000000000000000e+00
2.1317591171816803e+04 0.0000000000000000e+00
1.8792898140342611e+04 0.0000000000000000e+00
1.6567210510173063e+04 0.0000000000000000e+00
1.4605116360375530e+04 0.0000000000000000e+00
1.2875397688049234e+04 0.0000000000000000e+00
1.1350533712636743e+04 0.0000000000000000e+00
1.0006263005086497e+04 0.0000000000000000e+00
8.8211974751011603e+03 0.0000000000000000e+00
7.7764820747942213e+03 0.0000000000000000e+00
6.8554948044514040e+03 0.0000000000000000e+00
6.0435822473240187e+03 0.0000000000000000e+00
5.3278264256657358e+03 0.0000000000000000e+00
4.6968392685630733e+03 0.0000000000000000e+00
4.1405814214301090e+03 0.0000000000000000e+00
3.6502025143256374e+03 0.0000000000000000e+00
3.2179003476732169e+03 0.0000000000000000e+00
2.8367967549516497e+03 0.0000000000000000e+00
2.5008281672622848e+03 0.0000000000000000e+00
2.2046491385947147e+03 0.0000000000000000e+00
1.9435472968249935e+03 0.0000000000000000e+00
1.7133683672693069e+03 0.0000000000000000e+00
1.5104500758766217e+03 0.0000000000000000e+00
1.3315638804233231e+03 0.0000000000000000e+00
1.1738636026212048e+03 0.0000000000000000e+00
1.0348401438470785e+03 0.0000000000000000e+00
9.1228156399616159e+02 0.0000000000000000e+00
8.0423788829191528e+02 0.0000000000000000e+00
7.0899008210908653e+02 0.0000000000000000e+00
6.2502270018220702e+02 0.0000000000000000e+00
5.5099977503345031e+02 0.0000000000000000e+00
4.8574356099131961e+02 0.0000000000000000e+00
4.2821579560573116e+02 0.0000000000000000e+00
3.7750118031832181e+02 0.0000000000000000e+00
3.3279281755626101e+02 0.0000000000000000e+00
2.9337937254565878e+02 0.0000000000000000e+00
2.5863375558197788e+02 0.0000000000000000e+00
2.2800314468607851e+02 0.0000000000000000e+00
2.0100018990082413e+02 0.0000000000000000e+00
1.7719525928378062e+02 0.0000000000000000e+00
1.5620960322544329e+02 0.0000000000000000e+00
1.3770932833350349e+02 0.0000000000000000e+00
1.2140008500435040e+02 0.0000000000000000e+00
1.0702238415810908e+02 0.0000000000000000e+00
9.4347468623893619e+01 0.0000000000000000e+00
8.3173673486717320e+01 0.0000000000000000e+00
7.3323217487183825e+01 0.0000000000000000e+00
6.4639374423344321e+01 0.0000000000000000e+00
5.6983979550155659e+01 0.0000000000000000e+00
5.0235231301988357e+01 0.0000000000000000e+00
4.4285753362365810e+01 0.0000000000000000e+00
3.9040886247390844e+01 0.0000000000000000e+00
3.4417181221014566e+01 0.0000000000000000e+00
3.0341072579501994e+01 0.0000000000000000e+00
2.6747707180404326e+01 0.0000000000000000e+00
2.3579912593201740e+01 0.0000000000000000e+00
2.0787287454319802e+01 0.0000000000000000e+00
1.8325399553563329e+01 0.0000000000000000e+00
1.6155078893083264e+01 0.0000000000000000e+00
1.4241794471051424e+01 0.0000000000000000e+00
1.2555104874326011e+01 0.0000000000000000e+00
1.1068173938735830e+01 0.0000000000000000e+00
9.7573437708690136e+00 0.0000000000000000e+00
8.6017583379061353e+00 0.0000000000000000e+00
7.5830316366057424e+00 0.0000000000000000e+00
6.6849551618257275e+00 0.0000000000000000e+00
5.8932400202439315e+00 0.0000000000000000e+00
5.1952895861637343e+00 0.0000000000000000e+00
4.5799990822338703e+00 0.0000000000000000e+00
4.0375788963002703e+00 0.0000000000000000e+00
3.5593988232630993e+00 0.0000000000000000e+00
3.1378507537415143e+00 0.0000000000000000e+00
2.7662276248464321e+00 0.0000000000000000e+00
2.4386167071010032e+00 0.0000000000000000e+00
2.1498055296451724e+00 0.0000000000000000e+00
1.8951989469420043e+00 0.0000000000000000e+00
1.6707460274711026e+00 0.0000000000000000e+00
1.4728756011681490e+00 0.0000000000000000e+00
1.2984394401344612e+00 0.0000000000000000e+00
1.1446621685901768e+00 0.0000000000000000e+00
1.0090971051109403e+00 0.0000000000000000e+00
8.8958733457352723e-01 0.0000000000000000e+00
7.8423139044346968e-01 0.0000000000000000e+00
6.9135300139107281e-01 0.0000000000000000e+00
6.0947442088764803e-01 0.0000000000000000e+00
5.3729291544105595e-01 0.0000000000000000e+00
4.7366003738550061e-01 0.0000000000000000e+00
4.1756335244410081e-01 0.0000000000000000e+00
3.6811033133971355e-01 0.0000000000000000e+00
3.2451414916057258e-01 0.0000000000000000e+00
2.8608116654086474e-01 0.0000000000000000e+00
2.5219989347486443e-01 0.0000000000000000e+00
2.2233126017279234e-01 0.0000000000000000e+00
1.9600004016238048e-01 0.0000000000000000e+00
1.7278728917291586e-01 0.0000000000000000e+00
1.5232367950022080e-01 0.0000000000000000e+00
1.3428362379865816e-01 0.0000000000000000e+00
1.1838009480642549e-01 0.0000000000000000e+00
1.0436005858309513e-01 0.0000000000000000e+00
9.2000448599706783e-02 0.0000000000000000e+00
8.1104616626944140e-02 0.0000000000000000e+00
7.1499203953061446e-02 0.0000000000000000e+00
6.3031383150920536e-02 0.0000000000000000e+00
5.5566426509117348e-02 0.0000000000000000e+00
4.8985562439590020e-02 0.0000000000000000e+00
4.3184085755977618e-02 0.0000000000000000e+00
3.8069691756207426e-02 0.0000000000000000e+00
3.3561007603640960e-02 0.0000000000000000e+00
2.9586297640247932e-02 0.0000000000000000e+00
2.6082322032618850e-02 0.0000000000000000e+00
2.2993330591246617e-02 0.0000000000000000e+00
2.0270175754181993e-02 0.0000000000000000e+00
1.7869530622146714e-02 0.0000000000000000e+00
1.5753199603607871e-02 0.0000000000000000e+00
1.3887510701794741e-02 0.0000000000000000e+00
1.2242779774611084e-02 0.0000000000000000e+00
1.0792838243520279e-02 0.0000000000000000e+00
9.5146167369897297e-03 0.0000000000000000e+00
8.3877780440334820e-03 0.0000000000000000e+00
7.3943935379398021e-03 0.0000000000000000e+00
6.5186579219057425e-03 0.0000000000000000e+00
5.7466377580254338e-03 0.0000000000000000e+00
5.0660497785883617e-03 0.0000000000000000e+00
4.4660654524975186e-03 0.0000000000000000e+00
3.9371386973519875e-03 0.0000000000000000e+00
3.4708539959973279e-03 0.0000000000000000e+00
3.0597925009939299e-03 0.0000000000000000e+00
2.6974139966519702e-03 0.0000000000000000e+00
2.3779528405833052e-03 0.0000000000000000e+00
2.0963262291427186e-03 0.0000000000000000e+00
1.8480533272113790e-03 0.0000000000000000e+00
1.6291839756323084e-03 0.0000000000000000e+00
1.4362358419939293e-03 0.0000000000000000e+00
1.2661390147956858e-03 0.0000000000000000e+00
1.1161871594585603e-03 0.0000000000000000e+00
9.8399445904541840e-04 0.0000000000000000e+00
8.6745765459420032e-04 0.0000000000000000e+00
7.6472258110483137e-04 0.0000000000000000e+00
6.7415466674879034e-04 0.0000000000000000e+00
5.9431292592740869e-04 0.0000000000000000e+00
5.2392703239420016e-04 0.0000000000000000e+00
4.6187710766183780e-04 0.0000000000000000e+00
4.0717590311613474e-04 0.0000000000000000e+00
3.5895309234469137e-04 0.0000000000000000e+00
3.1644142376241680e-04 0.0000000000000000e+00
2.7896451321452555e-04 0.0000000000000000e+00
2.4592608233062581e-04 0.0000000000000000e+00
2.1680047140612826e-04 0.0000000000000000e+00
1.9112427586565956e-04 0.0000000000000000e+00
1.6848897324002726e-04 0.0000000000000000e+00
1.4853442334783798e-04 0.0000000000000000e+00
1.3094313826605636e-04 0.0000000000000000e+00
1.1543523092159452e-04 0.0000000000000000e+00
1.0176396193320791e-04 0.0000000000000000e+00
8.9711813851504034e-05 0.0000000000000000e+00
7.9087030336036861e-05 0.0000000000000000e+00
6.9720565205897930e-05 0.0000000000000000e+00
6.1463392821502327e-05 0.0000000000000000e+00
5.4184137004252630e-05 0.0000000000000000e+00
4.7766980768892637e-05 0.0000000000000000e+00
4.2109823611229624e-05 0.0000000000000000e+00
3.7122657032651716e-05 0.0000000000000000e+00
3.2726132455144581e-05 0.0000000000000000e+00
2.8850298741538458e-05 0.0000000000000000e+00
2.5433489234233398e-05 0.0000000000000000e+00
2.2421340604577963e-05 0.0000000000000000e+00
1.9765927902249670e-05 0.0000000000000000e+00
1.7425002042793154e-05 0.0000000000000000e+00
1.5361317601324710e-05 0.0000000000000000e+00
1.3542040217227160e-05 0.0000000000000000e+00
1.1938224181315223e-05 0.0000000000000000e+00
1.0524351893596781e-05 0.0000000000000000e+00
9.2779278641467468e-06 0.0000000000000000e+00
8.1791207974225332e-06 0.0000000000000000e+00
7.2104480653862180e-06 0.0000000000000000e+00
6.3564975492249842e-06 0.0000000000000000e+00
5.6036824240185856e-06 0.0000000000000000e+00
4.9400249848414418e-06 0.0000000000000000e+00
4.3549660748541635e-06 0.0000000000000000e+00
3.8391970832794414e-06 0.0000000000000000e+00
3.3845118402569789e-06 0.0000000000000000e+00
2.9836760521433818e-06 0.0000000000000000e+00
2.6303121999000156e-06 0.0000000000000000e+00
2.3187980692383782e-06 0.0000000000000000e+00
2.0441772980819444e-06 0.0000000000000000e+00
1.8020805181048535e-06 0.0000000000000000e+00
1.5886558356656187e-06 0.0000000000000000e+00
1.4005075460493691e-06 0.0000000000000000e+00
1.2346421059281488e-06 0.0000000000000000e+00
1.0884205044311553e-06 0.0000000000000000e+00
9.5951627502253927e-07 0.0000000000000000e+00
8.4587848013237367e-07 0.0000000000000000e+00
7.4569907960575948e-07 0.0000000000000000e+00
6.5738416378420215e-07 0.0000000000000000e+00
5.7952859352157418e-07 0.0000000000000000e+00
5.1089364364326834e-07 0.0000000000000000e+00
4.5038729414371500e-07 0.0000000000000000e+00
3.9704685554423307e-07 0.0000000000000000e+00
3.5002365197109830e-07 0.0000000000000000e+00
3.0856951825308081e-07 0.0000000000000000e+00
2.7202489619987039e-07 0.0000000000000000e+00
2.3980834066655917e-07 0.0000000000000000e+00
2.1140726843985071e-07 0.0000000000000000e+00
1.8636980275570158e-07 0.0000000000000000e+00
1.6429758369013587e-07 0.0000000000000000e+00
1.4483943003256409e-07 0.0000000000000000e+00
1.2768575179853575e-07 0.0000000000000000e+00
1.1256362448189614e-07 0.0000000000000000e+00
9.9232446674967483e-08 0.0000000000000000e+00
8.7480111967111652e-08 0.0000000000000000e+00
7.7119634214450413e-08 0.0000000000000000e+00
6.7986172486914348e-08 0.0000000000000000e+00
5.9934408357895915e-08 0.0000000000000000e+00
5.2836233807726855e-08 0.0000000000000000e+00
4.6578712954242355e-08 0.0000000000000000e+00
4.1062285180447607e-08 0.0000000000000000e+00
3.6199181070048242e-08 0.0000000000000000e+00
3.1912025947501219e-08 0.0000000000000000e+00
2.8132608804142361e-08 0.0000000000000000e+00
2.4800797023320511e-08 0.0000000000000000e+00
2.1863579637213613e-08 0.0000000000000000e+00
1.9274223893018316e-08 0.0000000000000000e+00
1.6991531709010669e-08 0.0000000000000000e+00
1.4979184190285208e-08 0.0000000000000000e+00
1.3205163775052903e-08 0.0000000000000000e+00
1.1641244817528861e-08 0.0000000000000000e+00
1.0262544502300258e-08 0.0000000000000000e+00
9.0471269449730528e-09 0.0000000000000000e+00
7.9756541801217716e-09 0.0000000000000000e+00
7.0310784835664611e-09 0.0000000000000000e+00
6.1983711336537004e-09 0.0000000000000000e+00
5.4642832959849103e-09 0.0000000000000000e+00
4.8171352271350043e-09 0.0000000000000000e+00
4.2466304434756538e-09 0.0000000000000000e+00
3.7436918984273019e-09 0.0000000000000000e+00
3.3003175616288315e-09 0.0000000000000000e+00
2.9094531022094444e-09 0.0000000000000000e+00
2.5648796504837958e-09 0.0000000000000000e+00
2.2611148522965104e-09 0.0000000000000000e+00
1.9933256417358631e-09 0.0000000000000000e+00
1.7572513443826677e-09 0.0000000000000000e+00
1.5491358876242760e-09 0.0000000000000000e+00
1.3656680394622357e-09 0.0000000000000000e+00
1.2039287249802389e-09 0.0000000000000000e+00
1.0613445822480299e-09 0.0000000000000000e+00
9.3564701871013439e-10 0.0000000000000000e+00
8.2483611662378923e-10 0.0000000000000000e+00
7.2714881326179142e-10 0.0000000000000000e+00
6.4103084960960650e-10 0.0000000000000000e+00
5.6511204124495006e-10 0.0000000000000000e+00
4.9818447794598257e-10 0.0000000000000000e+00
4.3918330517175337e-10 0.0000000000000000e+00
3.8716978163759497e-10 0.0000000000000000e+00
3.4131634342220620e-10 0.0000000000000000e+00
3.0089343696805260e-10 0.0000000000000000e+00
2.6525791148082780e-10 0.0000000000000000e+00
2.3384278604468475e-10 0.0000000000000000e+00
2.0614822864234508e-10 0.0000000000000000e+00
1.8173360355130168e-10 0.0000000000000000e+00
1.6021046058582189e-10 0.0000000000000000e+00
1.4123635463969503e-10 0.0000000000000000e+00
1.2450939719522297e-10 0.0000000000000000e+00
1.0976345310997295e-10 0.0000000000000000e+00
9.6763906259499292e-11 0.0000000000000000e+00
8.5303926665062580e-11 0.0000000000000000e+00
7.5201179714300934e-11 0.0000000000000000e+00
6.6294925116720526e-11 0.0000000000000000e+00
5.8443459436791514e-11 0.0000000000000000e+00
5.1521861513927898e-11 0.0000000000000000e+00
4.5420004897746911e-11 0.0000000000000000e+00
4.0040805675347854e-11 0.0000000000000000e+00
3.5298677812571093e-11 0.0000000000000000e+00
3.1118171432869472e-11 0.0000000000000000e+00
2.7432772368051774e-11 0.0000000000000000e+00
2.4183843881084686e-11 0.0000000000000000e+00
2.1319693723183402e-11 0.0000000000000000e+00
1.8794751681549595e-11 0.0000000000000000e+00
1.6568844532085809e-11 0.0000000000000000e+00
1.4606556861186121e-11 0.0000000000000000e+00
1.2876667586922354e-11 0.0000000000000000e+00
1.1351653214365469e-11 0.0000000000000000e+00
1.0007249921562568e-11 0.0000000000000000e+00
8.8220675087113520e-12 0.0000000000000000e+00
7.7772490682543135e-12 6.0685742921020335e-309
6.8561709610515942e-12 3.2635529000072683e-250
6.0441783250896482e-12 2.9385959178758410e-203
5.3283519085236256e-12 1.2846763064073272e-165
4.6973025172361547e-12 2.3326568983635623e-135
4.1409898064608888e-12 5.8255961695305991e-111
3.6505625333457523e-12 3.1508616107374003e-91
3.2182177287844122e-12 3.2449708446162987e-75
2.8370765478628806e-12 3.5420673303529748e-62
2.5010748236334632e-12 1.5932293358256144e-51
2.2048665828651412e-12 8.6596257126712141e-43
1.9437389886532152e-12 1.3359133701972635e-35
1.7135373565783266e-12 1.1536321986646168e-29
1.5105990513798052e-12 9.5816802408333297e-25
1.3316952124032798e-12 1.1794298565155277e-20
1.1739793806423901e-12 3.0415304918561086e-17
1.0349422100017997e-12 2.1694482975860980e-14
9.1237154221338374e-13 5.3518136388542894e-12
8.0431721017484998e-13 5.4678288419686819e-10
7.0906000971273336e-13 2.6764217379204885e-08
6.2508434609340952e-13 7.0626855464696025e-07
5.5105412007275814e-13 1.1057718263738687e-05
4.8579146981834560e-13 1.1104039006460247e-04
4.2825803047640640e-13 7.6205785887221229e-04
3.7753841321280347e-13 3.7643232860756657e-03
3.3282564087047914e-13 1.3962610686734241e-02
2.9340830851669358e-13 4.0260194114451024e-02
2.5865926459713601e-13 9.2842286503525093e-02
2.2802563260789043e-13 1.7526411282197935e-01
2.0102001452456125e-13 2.7607415235611066e-01
1.7721273603017381e-13 3.6861514304173293e-01
1.5622501015918724e-13 4.2262085434626445e-01
1.3772291058743388e-13 4.2050960716223962e-01
1.2141205867964023e-13 3.6630232954470882e-01
1.0703293976255205e-13 2.8135078289649657e-01
9.4356774102992608e-14 1.9166128278872846e-01
8.3181876895791981e-14 1.1634554307371098e-01
7.3330449347008013e-14 6.3173801258421008e-02
6.4645749796806283e-14 3.0774402707902423e-02
5.6989599872973630e-14 1.3480294902569146e-02
5.0240185996605727e-14 5.3185673187550620e-03
4.4290121260713358e-14 1.8922174538051778e-03
3.9044736845147307e-14 6.0745730884231982e-04
3.4420575783319149e-14 1.7600574241750320e-04
3.0344065115717836e-14 4.6018030903718731e-05
2.6750345303437878e-14 1.0851262308717961e-05
2.3582238277049023e-14 2.3056328544390413e-06
2.0789337701896682e-14 4.4087577568567004e-07
1.8327206985442828e-14 7.5748366929787261e-08
1.6156672266505862e-14 1.1671724689934312e-08
1.4243199137469242e-14 1.6092957914249550e-09
1.2556343182758739e-14 1.9804840581584108e-10
1.1069265591355260e-14 2.1691923721191802e-11
9.7583061364718856e-15 2.1078171923469894e-12
8.6026067282615117e-15 1.8107227675144996e-13
7.5837795500731704e-15 1.3698990246903576e-14
6.6856144981221160e-15 9.0893242626502200e-16
5.8938212697743966e-15 5.2652994201447735e-17
5.1958019969296234e-15 2.6500583681331245e-18
4.5804508069739378e-15 1.1528389707221491e-19
4.0379771222048046e-15 4.3106907345023330e-21
3.5597498863264550e-15 1.3772566475449143e-22
3.1381602395712396e-15 3.7362354389841180e-24
2.7665004575331339e-15 8.5486829536659951e-26
2.4388572275636016e-15 1.6380708055851285e-27
2.1500175646972851e-15 2.6090479264129725e-29
1.8953858701785032e-15 3.4270121313833368e-31
1.6709108129440477e-15 3.6814523226013230e-33
1.4730208707055758e-15 3.2062172875827684e-35
1.2985675050550015e-15 2.2431015113508826e-37
1.1447750664775346e-15 1.2485546736362328e-39
1.0091966322329606e-15 5.4738576258080483e-42
8.8967507446173002e-16 1.8703783267296475e-44
7.8430873908799579e-16 4.9263810593485474e-47
6.9142118945164699e-16 9.8873748669597557e-50
6.0953453327400176e-16 1.4939893765511769e-52
5.3734590857449787e-16 1.6781881080152544e-55
4.7370675441609616e-16 1.3829744608371877e-58
4.1760453666563508e-16 8.2461094200857874e-62
3.6814663801592188e-16 3.5062269168629354e-65
3.2454615595075604e-16 1.0470812136810969e-68
2.8610938269075100e-16 2.1614528161477094e-72
2.5222476791899875e-16 3.0330156502760317e-76
2.2235318867733987e-16 2.8427979769546713e-80
1.9601937162197219e-16 1.7472468589299785e-84
1.7280433116176221e-16 6.9068924879034861e-89
1.5233870316579088e-16 1.7205841999769612e-93
1.3429686817577738e-16 2.6437066614502319e-98
1.1839177062045659e-16 2.4495330496312375e-103
1.0437035160269770e-16 1.3364739069958983e-108
9.2009522592513394e-17 4.1877755912762570e-114
8.1112615965197323e-17 7.3406487044578003e-120
7.1506255910657539e-17 7.0019660726593247e-126
6.3037599928403759e-17 3.5306157080948827e-132
5.5571907018854688e-17 9.1289105600047976e-139
4.8990393879522855e-17 1.1724072012115751e-145
4.3188344996986479e-17 7.2329646519948055e-153
3.8073446565171672e-17 2.0697883234277675e-160
3.3564317721648131e-17 2.6483496618351943e-168
2.9589215733105372e-17 1.4580509740107979e-176
2.6084894528797801e-17 3.3176346431831413e-185
2.2995598420583973e-17 2.9909874488861857e-194
2.0272174999096188e-17 1.0221615514541345e-203
1.7871293091730333e-17 1.2641593470774047e-213
1.5754753339726115e-17 5.3893837468074821e-224
1.3888880425248448e-17 7.5261852216455568e-235
1.2243987278458158e-17 3.2633377466664168e-246
1.0793902739814321e-17 4.1533934024784070e-258
9.5155551624554303e-18 1.4628093144287354e-270
8.3886053295391467e-18 1.3400678869662516e-283
7.3951228460550758e-18 2.9921469113127395e-297
6.5193008563260336e-18 0.0000000000000000e+00
5.7472045481930533e-18 0.0000000000000000e+00
5.0665494424481408e-18 0.0000000000000000e+00
4.4665059399777788e-18 0.0000000000000000e+00
3.9375270168522190e-18 0.0000000000000000e+00
3.4711963258954083e-18 0.0000000000000000e+00
3.0600942879478420e-18 0.0000000000000000e+00
2.6976800422591015e-18 0.0000000000000000e+00
2.3781873777763120e-18 0.0000000000000000e+00
2.0965329895380370e-18 0.0000000000000000e+00
1.8482356004812660e-18 0.0000000000000000e+00
1.6293446618452622e-18 0.0000000000000000e+00
1.4363774977564402e-18 0.0000000000000000e+00
1.2662638939292912e-18 0.0000000000000000e+00
1.1162972488593179e-18 0.0000000000000000e+00
9.8409151029656184e-19 0.0000000000000000e+00
8.6754321183481819e-19 0.0000000000000000e+00
7.6479800559792462e-19 0.0000000000000000e+00
6.7422115853974578e-19 0.0000000000000000e+00
5.9437154293739963e-19 0.0000000000000000e+00
5.2397870725226324e-19 0.0000000000000000e+00
4.6192266254353537e-19 0.0000000000000000e+00
4.0721606282483326e-19 0.0000000000000000e+00
3.5898849584355921e-19 0.0000000000000000e+00
3.1647263434069546e-19 0.0000000000000000e+00
2.7899202744977916e-19 0.0000000000000000e+00
2.4595033798954913e-19 0.0000000000000000e+00
2.1682185440966558e-19 0.0000000000000000e+00
1.9114312642922496e-19 0.0000000000000000e+00
1.6850559128650901e-19 0.0000000000000000e+00
1.4854907327954369e-19 0.0000000000000000e+00
1.3095605317150286e-19 0.0000000000000000e+00
1.1544661628406685e-19 0.0000000000000000e+00
1.0177399890011982e-19 0.0000000000000000e+00
8.9720662116550018e-20 0.0000000000000000e+00
7.9094830680005048e-20 0.0000000000000000e+00
6.9727441736576125e-20 0.0000000000000000e+00
6.1469454948294315e-20 0.0000000000000000e+00
5.4189481178947983e-20 0.0000000000000000e+00
4.7771692020267214e-20 0.0000000000000000e+00
4.2113976897896713e-20 0.0000000000000000e+00
3.7126318435698932e-20 0.0000000000000000e+00
3.2729360229519931e-20 0.0000000000000000e+00
2.8853144242916260e-20 0.0000000000000000e+00
2.5435997736114107e-20 0.0000000000000000e+00
2.2423552018614054e-20 0.0000000000000000e+00
1.9767877413260932e-20 0.0000000000000000e+00
1.7426720668577831e-20 0.0000000000000000e+00
1.5362832686170045e-20 0.0000000000000000e+00
1.3543375866970159e-20 0.0000000000000000e+00
1.1939401646881900e-20 0.0000000000000000e+00
1.0525389909115508e-20 0.0000000000000000e+00
9.2788429450183487e-21 0.0000000000000000e+00
8.1799275030897066e-21 0.0000000000000000e+00
7.2111592309824611e-21 0.0000000000000000e+00
6.3571244897879886e-21 0.0000000000000000e+00
5.6042351145193394e-21 0.0000000000000000e+00
4.9405122188914427e-21 0.0000000000000000e+00
4.3553956046166202e-21 0.0000000000000000e+00
3.8395757428103612e-21 0.0000000000000000e+00
3.3848456542390009e-21 0.0000000000000000e+00
2.9839703317414559e-21 0.0000000000000000e+00
2.6305716272652537e-21 0.0000000000000000e+00
2.3190267720036227e-21 0.0000000000000000e+00
2.0443789150346766e-21 0.0000000000000000e+00
1.8022582570822648e-21 0.0000000000000000e+00
1.5888125245931789e-21 0.0000000000000000e+00
1.4006456779345164e-21 0.0000000000000000e+00
1.2347638785255484e-21 0.0000000000000000e+00
1.0885278552101707e-21 0.0000000000000000e+00
9.5961091199343658e-22 0.0000000000000000e+00
8.4596190902168373e-22 0.0000000000000000e+00
7.4577262781327140e-22 0.0000000000000000e+00
6.5744900150254648e-22 0.0000000000000000e+00
5.7958575235469805e-22 0.0000000000000000e+00
5.1094403301981504e-22 0.0000000000000000e+00
4.5043171578653066e-22 0.0000000000000000e+00
3.9708601622622250e-22 0.0000000000000000e+00
3.5005817476037522e-22 0.0000000000000000e+00
3.0859995242630046e-22 0.0000000000000000e+00
2.7205172598156061e-22 0.0000000000000000e+00
2.3983199293338085e-22 0.0000000000000000e+00
2.1142811951244837e-22 0.0000000000000000e+00
1.8638818438617827e-22 0.0000000000000000e+00
1.6431378834038882e-22 0.0000000000000000e+00
1.4485371552753972e-22 0.0000000000000000e+00
1.2769834542835996e-22 0.0000000000000000e+00
1.1257472661818242e-22 0.0000000000000000e+00
9.9242233958843443e-23 0.0000000000000000e+00
8.7488740119679625e-23 0.0000000000000000e+00
7.7127240514385038e-23 0.0000000000000000e+00
6.7992877954653740e-23 0.0000000000000000e+00
5.9940319681140368e-23 0.0000000000000000e+00
5.2841445038897522e-23 0.0000000000000000e+00
4.6583307006908941e-23 0.0000000000000000e+00
4.1066335148530184e-23 0.0000000000000000e+00
3.6202751390776687e-23 0.0000000000000000e+00
3.1915173426652674e-23 0.0000000000000000e+00
2.8135383519850885e-23 0.0000000000000000e+00
2.4803243122847137e-23 0.0000000000000000e+00
2.1865736039354483e-23 0.0000000000000000e+00
1.9276124907324596e-23 0.0000000000000000e+00
1.6993207581670640e-23 0.0000000000000000e+00
1.4980661585359476e-23 0.0000000000000000e+00
1.3206466198714077e-23 0.0000000000000000e+00
1.1642392992057717e-23 0.0000000000000000e+00
1.0263556695788367e-23 0.0000000000000000e+00
9.0480192619788401e-24 0.0000000000000000e+00
7.9764408179019725e-24 0.0000000000000000e+00
7.0317719579630913e-24 0.0000000000000000e+00
6.1989824782278913e-24 0.0000000000000000e+00
5.4648222375669513e-24 0.0000000000000000e+00
4.8176103405834438e-24 0.0000000000000000e+00
4.2470492881083278e-24 0.0000000000000000e+00
3.7440611382938070e-24 0.0000000000000000e+00
3.3006430715395941e-24 0.0000000000000000e+00
2.9097400612071475e-24 0.0000000000000000e+00
2.5651326242447995e-24 0.0000000000000000e+00
2.2613378657732219e-24 0.0000000000000000e+00
1.9935222431960857e-24 0.0000000000000000e+00
1.7574246618642921e-24 0.0000000000000000e+00
1.5492886787042626e-24 0.0000000000000000e+00
1.3658027351311570e-24 0.0000000000000000e+00
1.2040474683206747e-24 0.0000000000000000e+00
1.0614492625321978e-24 0.0000000000000000e+00
9.3573930145926460e-25 0.0000000000000000e+00
8.2491747010741650e-25 0.0000000000000000e+00
7.2722053185883403e-25 0.0000000000000000e+00
6.4109407440259636e-25 0.0000000000000000e+00
5.6516777817530618e-25 0.0000000000000000e+00
4.9823361381910941e-25 0.0000000000000000e+00
4.3922662176654049e-25 0.0000000000000000e+00
3.8720796814501950e-25 0.0000000000000000e+00
3.4135000741072065e-25 0.0000000000000000e+00
3.0092311405032690e-25 0.0000000000000000e+00
2.6528407383565230e-25 0.0000000000000000e+00
2.3386584992960148e-25 0.0000000000000000e+00
2.0616856101650656e-25 0.0000000000000000e+00
1.8175152791402429e-25 0.0000000000000000e+00
1.6022626212362982e-25 0.0000000000000000e+00
1.4125028476379151e-25 0.0000000000000000e+00
1.2452167754158554e-25 0.0000000000000000e+00
1.0977427906570761e-25 0.0000000000000000e+00
9.6773450071543437e-26 0.0000000000000000e+00
8.5312340180743392e-26 0.0000000000000000e+00
7.5208596797305504e-26 0.0000000000000000e+00
6.6301463776941527e-26 0.0000000000000000e+00
5.8449223707928301e-26 0.0000000000000000e+00
5.1526943108723520e-26 0.0000000000000000e+00
4.5424484667183090e-26 0.0000000000000000e+00
4.0044754895033172e-26 0.0000000000000000e+00
3.5302159316774618e-26 0.0000000000000000e+00
3.1121240614248601e-26 0.0000000000000000e+00
2.7435478058979152e-26 0.0000000000000000e+00
2.4186229130600000e-26 0.0000000000000000e+00
2.1321796481924730e-26 0.0000000000000000e+00
1.8796605405571121e-26 0.0000000000000000e+00
1.6570478715161801e-26 0.0000000000000000e+00
1.4607997504073130e-26 0.0000000000000000e+00
1.2877937611045234e-26 0.0000000000000000e+00
1.1352772826510791e-26 0.0000000000000000e+00
1.0008236935378091e-26 0.0000000000000000e+00
8.8229376281328542e-27 0.0000000000000000e+00
7.7780161373629407e-27 0.0000000000000000e+00
6.8568471843409170e-27 0.0000000000000000e+00
6.0447744616462558e-27 0.0000000000000000e+00
5.3288774432099541e-27 0.0000000000000000e+00
4.6977658115993952e-27 0.0000000000000000e+00
4.1413982317706339e-27 0.0000000000000000e+00
3.6509225878745270e-27 0.0000000000000000e+00
3.2185351411988163e-27 0.0000000000000000e+00
2.8373563683700971e-27 0.0000000000000000e+00
2.5013215043323901e-27 0.0000000000000000e+00
2.2050840485820689e-27 0.0000000000000000e+00
1.9439306993879924e-27 0.0000000000000000e+00
1.7137063625547548e-27 0.0000000000000000e+00
1.5107480415763987e-27 0.0000000000000000e+00
1.3318265573365256e-27 0.0000000000000000e+00
1.1740951700827372e-27 0.0000000000000000e+00
1.0350442862232937e-27 0.0000000000000000e+00
9.1246152930515317e-28 0.0000000000000000e+00
8.0439653988127238e-28 0.0000000000000000e+00
7.0912994421331934e-28 0.0000000000000000e+00
6.2514599808475553e-28 0.0000000000000000e+00
5.5110847047210611e-28 0.0000000000000000e+00
4.8583938337061325e-28 0.0000000000000000e+00
4.2830026951270536e-28 0.0000000000000000e+00
3.7757564977955149e-28 0.0000000000000000e+00
3.3285846742205115e-28 0.0000000000000000e+00
2.9343724734168668e-28 0.0000000000000000e+00
2.5868477612824308e-28 0.0000000000000000e+00
2.2804812274768314e-28 0.0000000000000000e+00
2.0103984110360017e-28 0.0000000000000000e+00
1.7723021450029199e-28 0.0000000000000000e+00
1.5624041861251258e-28 0.0000000000000000e+00
1.3773649418098375e-28 0.0000000000000000e+00
1.2142403353589212e-28 0.0000000000000000e+00
1.0704349640809300e-28 0.0000000000000000e+00
9.4366080499890597e-29 0.0000000000000000e+00
8.3190081113966523e-29 0.0000000000000000e+00
7.3337681920108434e-29 0.0000000000000000e+00
6.4652125799072147e-29 0.0000000000000000e+00
5.6995220750123351e-29 0.0000000000000000e+00
5.0245141179903987e-29 0.0000000000000000e+00
4.4294489589866538e-29 0.0000000000000000e+00
3.9048587822687124e-29 0.0000000000000000e+00
3.4423970680428463e-29 0.0000000000000000e+00
3.0347057947087902e-29 0.0000000000000000e+00
2.6752983686669172e-29 0.0000000000000000e+00
2.3584564190278215e-29 0.0000000000000000e+00
2.0791388151689403e-29 0.0000000000000000e+00
1.8329014595588808e-29 0.0000000000000000e+00
1.6158265797082417e-29 0.0000000000000000e+00
1.4244603942429495e-29 0.0000000000000000e+00
1.2557581613325672e-29 0.0000000000000000e+00
1.1070357351644247e-29 0.0000000000000000e+00
9.7592685969928336e-30 0.0000000000000000e+00
8.6034552022933815e-30 0.0000000000000000e+00
7.5845275373073953e-30 0.0000000000000000e+00
6.6862738994489254e-30 0.0000000000000000e+00
5.8944025766334336e-30 0.0000000000000000e+00
5.1963144582345658e-30 0.0000000000000000e+00
4.5809025762674476e-30 0.0000000000000000e+00
4.0383753873862435e-30 0.0000000000000000e+00
3.5601009840152024e-30 0.0000000000000000e+00
3.1384697559254885e-30 0.0000000000000000e+00
2.7667733171292906e-30 0.0000000000000000e+00
2.4390977717487227e-30 0.0000000000000000e+00
2.1502296206623357e-30 0.0000000000000000e+00
1.8955728118511875e-30 0.0000000000000000e+00
1.6710756146698040e-30 0.0000000000000000e+00
1.4731661545709060e-30 0.0000000000000000e+00
1.2986955826065687e-30 0.0000000000000000e+00
1.1448879755000068e-30 0.0000000000000000e+00
1.0092961691713038e-30 0.0000000000000000e+00
8.8976282300369286e-31 0.0000000000000000e+00
7.8438609536142878e-31 0.0000000000000000e+00
6.9148938423759533e-31 0.0000000000000000e+00
6.0959465158923262e-31 0.0000000000000000e+00
5.3739890693464995e-31 0.0000000000000000e+00
4.7375347605437846e-31 0.0000000000000000e+00
4.1764572494915698e-31 0.0000000000000000e+00
3.6818294827306225e-31 0.0000000000000000e+00
3.2457816589776531e-31 0.0000000000000000e+00
2.8613760162359258e-31 0.0000000000000000e+00
2.5224964481649841e-31 0.0000000000000000e+00
2.2237511934468942e-31 0.0000000000000000e+00
1.9603870498822015e-31 0.0000000000000000e+00
1.7282137483146205e-31 0.0000000000000000e+00
1.5235372831314318e-31 0.0000000000000000e+00
1.3431011385918792e-31 0.0000000000000000e+00
1.1840344758607272e-31 0.0000000000000000e+00
1.0438064563749774e-31 0.0000000000000000e+00
9.2018597480285306e-32 0.0000000000000000e+00
8.1120616092426231e-32 0.0000000000000000e+00
7.1513308563787352e-32 0.0000000000000000e+00
6.3043817319046986e-32 0.0000000000000000e+00
5.5577388069134475e-32 0.0000000000000000e+00
4.8995225795979208e-32 0.0000000000000000e+00
4.3192604658084450e-32 0.0000000000000000e+00
3.8077201744473184e-32 0.0000000000000000e+00
3.3567628166131828e-32 0.0000000000000000e+00
2.9592134113774186e-32 0.0000000000000000e+00
2.6087467278701935e-32 0.0000000000000000e+00
2.2997866473596687e-32 0.0000000000000000e+00
2.0274174441196163e-32 0.0000000000000000e+00
1.7873055735145959e-32 0.0000000000000000e+00
1.5756307229089162e-32 0.0000000000000000e+00
1.3890250283797932e-32 0.0000000000000000e+00
1.2245194901400887e-32 0.0000000000000000e+00
1.0794967341099323e-32 0.0000000000000000e+00
9.5164936804781495e-33 0.0000000000000000e+00
8.3894326966398110e-33 0.0000000000000000e+00
7.3958522261019164e-33 0.0000000000000000e+00
6.5199438541589232e-33 0.0000000000000000e+00
5.7477713942629745e-33 0.0000000000000000e+00
5.0670491555896223e-33 0.0000000000000000e+00
4.4669464709033722e-33 0.0000000000000000e+00
3.9379153746523223e-33 0.0000000000000000e+00
3.4715386895574430e-33 0.0000000000000000e+00
3.0603961046669875e-33 0.0000000000000000e+00
2.6979461141062117e-33 0.0000000000000000e+00
2.3784219381016531e-33 0.0000000000000000e+00
2.0967397703261585e-33 0.0000000000000000e+00
1.8484178917287420e-33 0.0000000000000000e+00
1.6295053639066775e-33 0.0000000000000000e+00
1.4365191674904531e-33 0.0000000000000000e+00
1.2663887853796889e-33 0.0000000000000000e+00
1.1164073491181610e-33 0.0000000000000000e+00
9.8418857111988245e-34 0.0000000000000000e+00
8.6762877751393641e-34 0.0000000000000000e+00
7.6487343753012644e-34 0.0000000000000000e+00
6.7428765688878390e-34 0.0000000000000000e+00
5.9443016572876909e-34 0.0000000000000000e+00
5.2403038720700254e-34 0.0000000000000000e+00
4.6196822191831711e-34 0.0000000000000000e+00
4.0725622649447884e-34 0.0000000000000000e+00
3.5902390283426976e-34 0.0000000000000000e+00
3.1650384799727209e-34 0.0000000000000000e+00
2.7901954439875372e-34 0.0000000000000000e+00
2.4597459604080094e-34 0.0000000000000000e+00
