# k_modes P_scalar P_tensor
4.5638674232497354e-05 2.6498063085558530e-09 5.1838299391657282e-12
4.8607714868375254e-05 2.6448809700712315e-09 5.1837226994452902e-12
5.1769907528183162e-05 2.6399607419248229e-09 5.1836192233157307e-12
5.5137817787446760e-05 2.6350428876116871e-09 5.1835141402630360e-12
5.8724828679800692e-05 2.6301285757061462e-09 5.1834097342864973e-12
6.2545193877024994e-05 2.6252167737722278e-09 5.1833039510901443e-12
6.6614094328728296e-05 2.6203097291099117e-09 5.1832012233011793e-12
7.0947698586745075e-05 2.6154059527036366e-09 5.1830986111113019e-12
7.5563227053960521e-05 2.6105044633293966e-09 5.1829941376795001e-12
8.0479020412864148e-05 2.6056065734787812e-09 5.1828904142958505e-12
8.5714612505749475e-05 2.6007114021378196e-09 5.1827856619145349e-12
9.1290807956161720e-05 2.5958206971170717e-09 5.1826833535311652e-12
9.7229764840035639e-05 2.5909324995926113e-09 5.1825795926692238e-12
1.0355508273503603e-04 2.5860477888394636e-09 5.1824763126263844e-12
1.1029189649798034e-04 2.5811666234305950e-09 5.1823736215404871e-12
1.1746697614298383e-04 2.5762877346705107e-09 5.1822689751108322e-12
1.2510883321721657e-04 2.5714125891896038e-09 5.1821653124750408e-12
1.3324783409697242e-04 2.5665400032755084e-09 5.1820602454692050e-12
1.4191632065425541e-04 2.5616716736315323e-09 5.1819571750519814e-12
1.5114873877337609e-04 2.5568058141536057e-09 5.1818525009170105e-12
1.6098177522824093e-04 2.5519430144830490e-09 5.1817474214771952e-12
1.7145450346424358e-04 2.5470843761442766e-09 5.1816441423363817e-12
1.8260853886405197e-04 2.5422279169999413e-09 5.1815386461142486e-12
1.9448820411426627e-04 2.5373745544786211e-09 5.1814327800951063e-12
2.0714070533006605e-04 2.5325261172285725e-09 5.1813302853204084e-12
2.2061631963771073e-04 2.5276787948049167e-09 5.1812233815453359e-12
2.3496859496028720e-04 2.5228359766734798e-09 5.1811189682986139e-12
2.5025456280059453e-04 2.5179951714364421e-09 5.1810119471690409e-12
2.6653496486669470e-04 2.5131577094185925e-09 5.1809050482612235e-12
2.8387449444067171e-04 2.5083240075584264e-09 5.1807991127800990e-12
3.0234205344972564e-04 2.5034934290844465e-09 5.1806928408166968e-12
3.2201102626111847e-04 2.4986661234205462e-09 5.1805865303918478e-12
3.4295957128894963e-04 2.4938414448006601e-09 5.1804788319140807e-12
3.6527093157152061e-04 2.4890211354078732e-09 5.1803733646420533e-12
3.8903376555341954e-04 2.4842030019494632e-09 5.1802655627933393e-12
4.1434249938675715e-04 2.4793875735150521e-09 5.1801565140121286e-12
4.4129770215148870e-04 2.4745767741939213e-09 5.1800502381769622e-12
4.7000648548582865e-04 2.4697683188483708e-09 5.1799419510893732e-12
5.0058292921477258e-04 2.4649639639620132e-09 5.1798353130876609e-12
5.3314853466803424e-04 2.4601609947663313e-09 5.1797246555444393e-12
5.6783270748874640e-04 2.4553631931662580e-09 5.1796178852082667e-12
6.0477327185146318e-04 2.4505680319117350e-09 5.1795097097952505e-12
6.4411701813279706e-04 2.4457748094722977e-09 5.1793986087739382e-12
6.8602028621097004e-04 2.4409857366811503e-09 5.1792892742903964e-12
7.3064958671213546e-04 2.4362006939474100e-09 5.1791814369940528e-12
7.7818226267210096e-04 2.4314178660277948e-09 5.1790712507238723e-12
8.2880719424269472e-04 2.4266385175144987e-09 5.1789613951843645e-12
8.8272554924307518e-04 2.4218621374711486e-09 5.1788507657354858e-12
9.4015158253840897e-04 2.4170897939757585e-09 5.1787416564267127e-12
1.0013134874224427e-03 2.4123196989974163e-09 5.1786302253663904e-12
1.0664543023870662e-03 2.4075531131466641e-09 5.1785191680058405e-12
1.1358328768821015e-03 2.4027901371556972e-09 5.1784086889124145e-12
1.2097248999029565e-03 2.3980300627307950e-09 5.1782972810123739e-12
1.2884239954934172e-03 2.3932729277732190e-09 5.1781850058324878e-12
1.3722428895167709e-03 2.3885193037851836e-09 5.1780730882719628e-12
1.4615146523316652e-03 2.3837691800359207e-09 5.1779614935430559e-12
1.5565940223106871e-03 2.3790223887858250e-09 5.1778498832704617e-12
1.6578588154609244e-03 2.3742782958195252e-09 5.1777368473071393e-12
1.7657114267479314e-03 2.3695376931582652e-09 5.1776241171795286e-12
1.8805804290888347e-03 2.3648013107129567e-09 5.1775132768789966e-12
2.0029222763685607e-03 2.3600663269468429e-09 5.1773981426005373e-12
2.1332231172463811e-03 2.3553363602216478e-09 5.1772866535158974e-12
2.2720007269603068e-03 2.3506081361737694e-09 5.1771716165146528e-12
2.4198065648057426e-03 2.3458838926062901e-09 5.1770579234306637e-12
2.5772279654641466e-03 2.3411634535992118e-09 5.1769451996047532e-12
2.7448904728893790e-03 2.3364448167872593e-09 5.1768290183969049e-12
2.9234603260258991e-03 2.3317301129563440e-09 5.1767140713656236e-12
3.1136471062362492e-03 2.3270199381552737e-09 5.1766016992051583e-12
3.3162065569578938e-03 2.3223116200899441e-09 5.1764859547448227e-12
3.5319435867939147e-03 2.3176066909598730e-09 5.1763702243718834e-12
3.7617154679707855e-03 2.3129057808804964e-09 5.1762559370837295e-12
4.0064352428730715e-03 2.3082069788804293e-09 5.1761387954930676e-12
4.2670753521914396e-03 2.3035122171443719e-09 5.1760231166223747e-12
4.5446714991011590e-03 2.2988210882712263e-09 5.1759079893081324e-12
4.8403267648261927e-03 2.2941318323851611e-09 5.1757894574348167e-12
5.1552159919427704e-03 2.2894472248391272e-09 5.1756737478646870e-12
5.4905904528403798e-03 2.2847651014155507e-09 5.1755559924673681e-12
5.8477828218912375e-03 2.2800865305152849e-09 5.1754385849991374e-12
6.2282124710860108e-03 2.2754119843726122e-09 5.1753225913899664e-12
6.6333911101790948e-03 2.2707398391006504e-09 5.1752043388635730e-12
7.0649287937555559e-03 2.2660705743149687e-09 5.1750848778039143e-12
7.5245403190900831e-03 2.2614061928676554e-09 5.1749688120486383e-12
8.0140520402209280e-03 2.2567436138269482e-09 5.1748490576235229e-12
8.5354091253159511e-03 2.2520837964958838e-09 5.1747278177678077e-12
9.0906832861692190e-03 2.2474291518275510e-09 5.1746105973197351e-12
9.6820810105429297e-03 2.2427773100408981e-09 5.1744919997682441e-12
1.0311952330067249e-02 2.2381284901316686e-09 5.1743724688229824e-12
1.0982800158539098e-02 2.2334831722717865e-09 5.1742531446983606e-12
1.1697290237727446e-02 2.2288408576680517e-09 5.1741328385873498e-12
1.2458261730206525e-02 2.2242019936272042e-09 5.1740125925592636e-12
1.3268738501309735e-02 2.2195667190761268e-09 5.1738927258627217e-12
1.4131941135035098e-02 2.2149337983990510e-09 5.1737703520796196e-12
1.5051299731649988e-02 2.2103055181241950e-09 5.1736507979017036e-12
1.6030467537848571e-02 2.2056797400343717e-09 5.1735290631172039e-12
1.7073335463624193e-02 2.2010568772736805e-09 5.1734061058022181e-12
1.8184047543542137e-02 2.1964380844468432e-09 5.1732846127884411e-12
1.9367017403851269e-02 2.1918229119254162e-09 5.1731635517627265e-12
2.0626945800869528e-02 2.1872104859088808e-09 5.1730408528595876e-12
2.1968839300335462e-02 2.1826014308195989e-09 5.1729179678074911e-12
2.3398030171952005e-02 2.1779958572532735e-09 5.1727951520087002e-12
2.4920197578176855e-02 2.1733934793540243e-09 5.1726717448568666e-12
2.6541390141457510e-02 2.1687954489687721e-09 5.1725504501109509e-12
2.8268049979585829e-02 2.1641994459202409e-09 5.1724257459197624e-12
3.0107038304681699e-02 2.1596066698768092e-09 5.1723004825391058e-12
3.2065662687527613e-02 2.1550182442612675e-09 5.1721773591935010e-12
3.4151706095594724e-02 2.1504322697238908e-09 5.1720517986937511e-12
3.6373457820148038e-02 2.1458498340428120e-09 5.1719264122505850e-12
3.8739746415326168e-02 2.1412709282819899e-09 5.1718011508663967e-12
4.1259974780084578e-02 2.1366960049465006e-09 5.1716771420487227e-12
4.3944157522407476e-02 2.1321240949600823e-09 5.1715520178581711e-12
4.6802960754262567e-02 2.1275549293127287e-09 5.1714251152645958e-12
4.9847744475430666e-02 2.1229893352956827e-09 5.1712984355367000e-12
5.3090607714631144e-02 2.1184272474707014e-09 5.1711718033918528e-12
5.6544436607319476e-02 2.1138685402518454e-09 5.1710449352203744e-12
6.0222955601204019e-02 2.1093133159585452e-09 5.1709180440774805e-12
6.4140781992955850e-02 2.1047621097278391e-09 5.1707924556638174e-12
6.8313484012824541e-02 2.1002121964745848e-09 5.1706614596008113e-12
7.2757642687969498e-02 2.0956677407294707e-09 5.1705352923052594e-12
7.7490917730333536e-02 2.0911262670055778e-09 5.1704078628871722e-12
8.2532117710875610e-02 2.0865871627011083e-09 5.1702776356291920e-12
8.7901274799013815e-02 2.0820529206041583e-09 5.1701507664997593e-12
9.3619724364270962e-02 2.0775202961653451e-09 5.1700192227313156e-12
9.9710189756433476e-02 2.0729924774193274e-09 5.1698908992490412e-12
1.0619687260111496e-01 2.0684679868792700e-09 5.1697621167653443e-12
1.1310554896953014e-01 2.0639471594715807e-09 5.1696337221636746e-12
1.2046367180462966e-01 2.0594279058695602e-09 5.1695004750188838e-12
1.2830048001060340e-01 2.0549131340784644e-09 5.1693696244233642e-12
1.3664711463924209e-01 2.0504018389329641e-09 5.1692386648282609e-12
1.4553674263484409e-01 2.0458945064107859e-09 5.1691088166210297e-12
1.5500468862939415e-01 2.0413900328401946e-09 5.1689772767947938e-12
1.6508857531172402e-01 2.0368889167252215e-09 5.1688453099493614e-12
1.7582847292844031e-01 2.0323910977873194e-09 5.1687127456705521e-12
1.8726705851069117e-01 2.0278966939130122e-09 5.1685798833016275e-12
1.9944978545948694e-01 2.0234066267420113e-09 5.1684490482882948e-12
2.1242506416345691e-01 2.0189183600600732e-09 5.1683137926170382e-12
2.2624445436675886e-01 2.0144339856760368e-09 5.1681794070746059e-12
2.4096287005155562e-01 2.0099539921296979e-09 5.1680471673670095e-12
2.5663879764919378e-01 2.0054773091438889e-09 5.1679143303802941e-12
2.7333452844719175e-01 2.0010033093227083e-09 5.1677792576714741e-12
2.9111640611554779e-01 1.9965333210539243e-09 5.1676453721746098e-12
3.1005509033596546e-01 1.9920663511532641e-09 5.1675100885529485e-12
3.3022583758157187e-01 1.9876030961070529e-09 5.1673752209493501e-12
3.5170880016286321e-01 1.9831434771625455e-09 5.1672405495824443e-12
3.7458934472819644e-01 1.9786867080976218e-09 5.1671040072244577e-12
3.9895839148444384e-01 1.9742334309534190e-09 5.1669672833832717e-12
4.2491277548577289e-01 1.9697843707260119e-09 5.1668322375618105e-12
4.5255563142619770e-01 1.9653376959655186e-09 5.1666941009422569e-12
4.8199680346495516e-01 1.9608950297799142e-09 5.1665570915612461e-12
5.1335328171321359e-01 1.9564554032186667e-09 5.1664186553369335e-12
5.4674966711659401e-01 1.9520194907789999e-09 5.1662805874434282e-12
5.8231866658078046e-01 1.9475877462691280e-09 5.1661440451088047e-12
6.2020162030771886e-01 1.9431578600705396e-09 5.1660029436489199e-12
6.6054906343786457e-01 1.9387336601882421e-09 5.1658674136785298e-12
7.0352132423025970e-01 1.9343112887069714e-09 5.1657271845457463e-12
7.4928916115745381e-01 1.9298927549878733e-09 5.1655876013588282e-12
7.9803444144684599e-01 1.9254772922415689e-09 5.1654466129602990e-12
8.4995086376479712e-01 1.9210660503159100e-09 5.1653072932415285e-12
9.0524472791522193e-01 1.9166586798884061e-09 5.1651686869971913e-12
9.6413575461118861e-01 1.9122533291140697e-09 5.1650258181530798e-12
1.0268579585770745e+00 1.9078525231886525e-09 5.1648854821451902e-12
1.0936605784507047e+00 1.9034551041794335e-09 5.1647445233565976e-12
1.1648090671805928e+00 1.8990610987923612e-09 5.1646030326325758e-12
1.2405861468538568e+00 1.8946694655415010e-09 5.1644581608856982e-12
1.3212929321463518e+00 1.8902832124425533e-09 5.1643180718216825e-12
1.4072501268592357e+00 1.8858991746860271e-09 5.1641741603317805e-12
1.4987992982966980e+00 1.8815195940073128e-09 5.1640325115070941e-12
1.5963042345487577e+00 1.8771423382342271e-09 5.1638872894790056e-12
1.7001523900726156e+00 1.8727695668062919e-09 5.1637444174991186e-12
1.8107564253168338e+00 1.8683998297595069e-09 5.1635998837869065e-12
1.9285558465062975e+00 1.8640337423630614e-09 5.1634553967251880e-12
2.0540187521040174e+00 1.8596711905729665e-09 5.1633106135192918e-12
2.1876436928896457e+00 1.8553119784476126e-09 5.1631650009342662e-12
2.3299616530460430e+00 1.8509566337457593e-09 5.1630199924609910e-12
2.4815381601261910e+00 1.8466038051179705e-09 5.1628718171859568e-12
2.6429755322847814e+00 1.8422554234503321e-09 5.1627258749909719e-12
2.8149152717042205e+00 1.8379104898225388e-09 5.1625793575105221e-12
2.9980406137259221e+00 1.8335696767819880e-09 5.1624341264286623e-12
3.1930792418161822e+00 1.8292314692536817e-09 5.1622859473415404e-12
3.4008061791552064e+00 1.8248967539336789e-09 5.1621372790164604e-12
3.6220468683395284e+00 1.8205664210613871e-09 5.1619906299772009e-12
3.8576804514355261e+00 1.8162390382504139e-09 5.1618419530513708e-12
4.1086432634180854e+00 1.8119151446002272e-09 5.1616927577228203e-12
4.3759325528761934e+00 1.8075948938943120e-09 5.1615434541663147e-12
4.6606104447703238e+00 1.8032781185936950e-09 5.1613935871207015e-12
4.9638081609885232e+00 1.7989654927681064e-09 5.1612450646098276e-12
5.2867305154723256e+00 1.7946547698686304e-09 5.1610914183571498e-12
5.6306607017746195e+00 1.7903492876989970e-09 5.1609422415058052e-12
5.9969653920740074e+00 1.7860465940284121e-09 5.1607904666350663e-12
6.3871001679072377e+00 1.7817480034585465e-09 5.1606398783092298e-12
6.8026153042000299e+00 1.7774521995452955e-09 5.1604866629702030e-12
7.2451619295801599e+00 1.7731611396565505e-09 5.1603364582484861e-12
7.7164985874518264e+00 1.7688724696990954e-09 5.1601824570195542e-12
8.2184982239032376e+00 1.7645873257521152e-09 5.1600279163009129e-12
8.7531556302151010e+00 1.7603062932295229e-09 5.1598745717839817e-12
9.3225953695440484e+00 1.7560294418851651e-09 5.1597225830940758e-12
9.9290802192795233e+00 1.7517552272014946e-09 5.1595674383887298e-12
1.0575020162621284e+01 1.7474850448366598e-09 5.1594132142081530e-12
1.1262981965107050e+01 1.7432181000570603e-09 5.1592575768327626e-12
1.1995699374145007e+01 1.7389549900798562e-09 5.1591022558995638e-12
1.2776083982080246e+01 1.7346953173164386e-09 5.1589460756581487e-12
1.3607236795962237e+01 1.7304392688856338e-09 5.1587895864108094e-12
1.4492460559987737e+01 1.7261866119108637e-09 5.1586320743896063e-12
1.5435272879584488e+01 1.7219384649151222e-09 5.1584768757064295e-12
1.6439420199287234e+01 1.7176929951653876e-09 5.1583184861338988e-12
1.7508892689949565e+01 1.7134512304268506e-09 5.1581599889379690e-12
1.8647940104448509e+01 1.7092136823847257e-09 5.1580029004454066e-12
1.9861088664888040e+01 1.7049793076218101e-09 5.1578441002181326e-12
2.1153159048405836e+01 1.7007486556952542e-09 5.1576851932201624e-12
2.2529285543052840e+01 1.6965215252052908e-09 5.1575255881034372e-12
2.3994936449866223e+01 1.6922979044837894e-09 5.1573652108343623e-12
2.5555935812205988e+01 1.6880782657633761e-09 5.1572055152798384e-12
2.7218486558701944e+01 1.6838613869132378e-09 5.1570427528346369e-12
2.8989195151773632e+01 1.6796492019568879e-09 5.1568828056573735e-12
3.0875097839668182e+01 1.6754405781604004e-09 5.1567222325529065e-12
3.2883688616334602e+01 1.6712351001489312e-09 5.1565597237952933e-12
3.5022949000237965e+01 1.6670332776090306e-09 5.1563968346763797e-12
3.7301379750444617e+01 1.6628350996217823e-09 5.1562335173966044e-12
3.9728034646009469e+01 1.6586403899372630e-09 5.1560692222207344e-12
4.2312556462893824e+01 1.6544500480329589e-09 5.1559067294658202e-12
4.5065215291373804e+01 1.6502627904009748e-09 5.1557420221757654e-12
4.7996949346203145e+01 1.6460794295806938e-09 5.1555776633482244e-12
5.1119408431694694e+01 1.6418996366563781e-09 5.1554125687241997e-12
5.4445000234439540e+01 1.6377235676603939e-09 5.1552472400416585e-12
5.7986939627616067e+01 1.6335513293828696e-09 5.1550819860833674e-12
6.1759301182807754e+01 1.6293823464113664e-09 5.1549150080786271e-12
6.5777075097997539e+01 1.6252170665415093e-09 5.1547476753919256e-12
7.0056226763978358e+01 1.6210554230819394e-09 5.1545797757526910e-12
7.4613760205877085e+01 1.6168970772720054e-09 5.1544102278644620e-12
7.9467785651891205e+01 1.6127440210550536e-09 5.1542453540621704e-12
8.4637591497734434e+01 1.6085935840809714e-09 5.1540766446786420e-12
9.0143720952754066e+01 1.6044465970794744e-09 5.1539067245797449e-12
9.6008053672291950e+01 1.6003036337600003e-09 5.1537374249653484e-12
1.0225389270066600e+02 1.5961641840101363e-09 5.1535670871819201e-12
1.0890605707026084e+02 1.5920282051049195e-09 5.1533955668887009e-12
1.1599098042468644e+02 1.5878966285890867e-09 5.1532258616082568e-12
1.2353681605790018e+02 1.5837679213648121e-09 5.1530529806584779e-12
1.3157354878668951e+02 1.5796436470363724e-09 5.1528820222998879e-12
1.4013311410106013e+02 1.5755226552166743e-09 5.1527092042697687e-12
1.4924952506599354e+02 1.5714054378169994e-09 5.1525361061963243e-12
1.5895900747884733e+02 1.5672917693182203e-09 5.1523620108720003e-12
1.6930014381946998e+02 1.5631822153012910e-09 5.1521887374615928e-12
1.8031402656503931e+02 1.5590764148340057e-09 5.1520150935713176e-12
1.9204442147885916e+02 1.5549740621308497e-09 5.1518400798619233e-12
2.0453794152196306e+02 1.5508754969438331e-09 5.1516647769195051e-12
2.1784423207860431e+02 1.5467805662409602e-09 5.1514886678008463e-12
2.3201616823165850e+02 1.5426899301928723e-09 5.1513139380166091e-12
2.4711006487184540e+02 1.5386022775096086e-09 5.1511362210253984e-12
2.6318590047568699e+02 1.5345185577856412e-09 5.1509586628703880e-12
2.8030755544142266e+02 1.5304382471740946e-09 5.1507794685003093e-12
2.9854306592994982e+02 1.5263623640097258e-09 5.1506020859464315e-12
3.1796489421948434e+02 1.5222902173954838e-09 5.1504241658200543e-12
3.3865021664824252e+02 1.5182213336257112e-09 5.1502440781588113e-12
3.6068123028933343e+02 1.5141564557858254e-09 5.1500643465325094e-12
3.8414547957650797e+02 1.5100959111300131e-09 5.1498860631551979e-12
4.0913620417865519e+02 1.5060382018524320e-09 5.1497041100151144e-12
4.3575270950540846e+02 1.5019842221970229e-09 5.1495215304778272e-12
4.6410076131612954e+02 1.4979346742686022e-09 5.1493407055643070e-12
4.9429300600031650e+02 1.4938882507624953e-09 5.1491571297165978e-12
5.2644941819951509e+02 1.4898463359710661e-09 5.1489755682357528e-12
5.6069777754943800e+02 1.4858073916398337e-09 5.1487906931946634e-12
5.9717417643670728e+02 1.4817730237072382e-09 5.1486080488367028e-12
6.3602356078790604e+02 1.4777418075334646e-09 5.1484226933516703e-12
6.7740030603986202e+02 1.4737147036361471e-09 5.1482379229584353e-12
7.2146883057987361e+02 1.4696916309376549e-09 5.1480534617065715e-12
7.6840424909353578e+02 1.4656719690701243e-09 5.1478671167987832e-12
8.1839306841632515e+02 1.4616564072195635e-09 5.1476813030278289e-12
8.7163392865407945e+02 1.4576441115101705e-09 5.1474930561704984e-12
9.2833839251734196e+02 1.4536357268467788e-09 5.1473046404539395e-12
9.8873178600612414e+02 1.4496310571081694e-09 5.1471153520457527e-12
1.0530540937857377e+03 1.4456310448319718e-09 5.1469285041491094e-12
1.1215609128116319e+03 1.4416339828205594e-09 5.1467380276754523e-12
1.1945244679926218e+03 1.4376414555599940e-09 5.1465495738406788e-12
1.2722346939284801e+03 1.4336523055308294e-09 5.1463589793400362e-12
1.3550003870203639e+03 1.4296669530229828e-09 5.1461676984792728e-12
1.4431504325321803e+03 1.4256856320731794e-09 5.1459765987547550e-12
1.5370351114789189e+03 1.4217078331741585e-09 5.1457838132151187e-12
1.6370274925350395e+03 1.4177341140486197e-09 5.1455913486403365e-12
1.7435249144939969e+03 1.4137639270641112e-09 5.1453971846400075e-12
1.8569505651697168e+03 1.4097983170750825e-09 5.1452051252159919e-12
1.9777551630140488e+03 1.4058354823857966e-09 5.1450085869142916e-12
2.1064187481324921e+03 1.4018775183855772e-09 5.1448151921756585e-12
2.2434525898151060e+03 1.3979222651603526e-09 5.1446170446187877e-12
2.3894012181625003e+03 1.3939722562888716e-09 5.1444233891681227e-12
2.5448445878800385e+03 1.3900257393914569e-09 5.1442278124714592e-12
2.7104003828384657e+03 1.3860825051721794e-09 5.1440294988063331e-12
2.8867264705585162e+03 1.3821435107218709e-09 5.1438319437039760e-12
3.0745235163730003e+03 1.3782079875698787e-09 5.1436323412892697e-12
3.2745377676540711e+03 1.3742767349655562e-09 5.1434336028435021e-12
3.4875640191694738e+03 1.3703489402524249e-09 5.1432326667998367e-12
3.7144487713511367e+03 1.3664254929820984e-09 5.1430328901172780e-12
3.9560935940260129e+03 1.3625058746411635e-09 5.1428322791190334e-12
4.2134587089757233e+03 1.3585904103515333e-09 5.1426320694467337e-12
4.4875668055609385e+03 1.3546781091259972e-09 5.1424284872683105e-12
4.7795071045725053e+03 1.3507699751187344e-09 5.1422253073125170e-12
5.0904396864580431e+03 1.3468655114501007e-09 5.1420206208217915e-12
5.4216001011226990e+03 1.3429656576418659e-09 5.1418180177197820e-12
5.7743042776224302e+03 1.3390694483253415e-09 5.1416137741159294e-12
6.1499537532589839e+03 1.3351770513626304e-09 5.1414085224908841e-12
6.5500412428555446e+03 1.3312887561996607e-09 5.1412033638370065e-12
6.9761565703438710e+03 1.3274040303155642e-09 5.1409962323122793e-12
7.4299929862327836e+03 1.3235231592596169e-09 5.1407881654507496e-12
7.9133538960618471e+03 1.3196465465651530e-09 5.1405807696235025e-12
8.4281600265773486e+03 1.3157735701407221e-09 5.1403715874465365e-12
8.9764570581061671e+03 1.3119047939232939e-09 5.1401627824259612e-12
9.5604237534567019e+03 1.3080400979107353e-09 5.1399538698016040e-12
1.0182380615648206e+04 1.3041783912239878e-09 5.1397405777929519e-12
1.0844799108872250e+04 1.3003218754225850e-09 5.1395315313068350e-12
1.1550311479326867e+04 1.2964690290979056e-09 5.1393207259538313e-12
1.2301721214948600e+04 1.2926197545212982e-09 5.1391077516408927e-12
1.3102014185606697e+04 1.2887745164026517e-09 5.1388944032348896e-12
1.3954370508026268e+04 1.2849332206327050e-09 5.1386803342476986e-12
1.4862177182588330e+04 1.2810957780053121e-09 5.1384651143475515e-12
1.5829041552222014e+04 1.2772627763534973e-09 5.1382511292881104e-12
1.6858805636869412e+04 1.2734332639880216e-09 5.1380345200837294e-12
1.7955561400484243e+04 1.2696081524931186e-09 5.1378189293708205e-12
1.9123667011231282e+04 1.2657866971445996e-09 5.1376013557635346e-12
2.0367764159498474e+04 1.2619690322841291e-09 5.1373822871609943e-12
2.1692796502538498e+04 1.2581558912932611e-09 5.1371647051424956e-12
2.3104029309034075e+04 1.2543467376669330e-09 5.1369463995101784e-12
2.4607070381646863e+04 1.2505412572731635e-09 5.1367260889057299e-12
2.6207892340690363e+04 1.2467396479377433e-09 5.1365045326438900e-12
2.7912856357476230e+04 1.2429421900198690e-09 5.1362828626599387e-12
2.9728737431641199e+04 1.2391490733234502e-09 5.1360618614365387e-12
3.1662751312899691e+04 1.2353594289850971e-09 5.1358379035288511e-12
3.3722583174201944e+04 1.2315738093016184e-09 5.1356132635987536e-12
3.5916418150233760e+04 1.2277928591182516e-09 5.1353906005965672e-12
3.8252973862610219e+04 1.2240155005727133e-09 5.1351654005413400e-12
4.0741535061006936e+04 1.2202417898806521e-09 5.1349378817595373e-12
4.3391990517884275e+04 1.2164726699690506e-09 5.1347119636197456e-12
4.6214872323409974e+04 1.2127073885775922e-09 5.1344844689991285e-12
4.9221397736727180e+04 1.2089460702362460e-09 5.1342558894475273e-12
5.2423513759873756e+04 1.2051887871484411e-09 5.1340265341292270e-12
5.5833944611472522e+04 1.2014359803819751e-09 5.1337982576388163e-12
5.9466242288839581e+04 1.1976869572576201e-09 5.1335680503991340e-12
6.3334840419431210e+04 1.1939419112392127e-09 5.1333367701548548e-12
6.7455111615614238e+04 1.1902009668120135e-09 5.1331048795978535e-12
7.1843428560671833e+04 1.1864636360048280e-09 5.1328702684947918e-12
7.6517229068784145e+04 1.1827314215991546e-09 5.1326394276545037e-12
8.1495085377507465e+04 1.1790027348629741e-09 5.1324054254936056e-12
8.6796777948100571e+04 1.1752777825858916e-09 5.1321691595466314e-12
9.2443374066961391e+04 1.1715567697070837e-09 5.1319314714411123e-12
9.8457311560505870e+04 1.1678404695571678e-09 5.1316957417006368e-12
1.0486248795614867e+05 1.1641283178874470e-09 5.1314594611658511e-12
1.1168435544368754e+05 1.1604200320717410e-09 5.1312213858892964e-12
1.1895002201443195e+05 1.1567155989744523e-09 5.1309814184510096e-12
1.2668835917997416e+05 1.1530153276507344e-09 5.1307409006103912e-12
1.3493011669864875e+05 1.1493195608662000e-09 5.1305013261566808e-12
1.4370804476555920e+05 1.1456271976038348e-09 5.1302577965476756e-12
1.5305702415172424e+05 1.1419396543297208e-09 5.1300165619852768e-12
1.6301420480947036e+05 1.1382563060928191e-09 5.1297748622383959e-12
1.7361915349485507e+05 1.1345766549741464e-09 5.1295303943260625e-12
1.8491401099371538e+05 1.1309013049271955e-09 5.1292858700250950e-12
1.9694365957611357e+05 1.1272295505184329e-09 5.1290380580703665e-12
2.0975590134460037e+05 1.1235627358869586e-09 5.1287930639173006e-12
2.2340164818498259e+05 1.1198995221627259e-09 5.1285447352018344e-12
2.3793512407440689e+05 1.1162408496723293e-09 5.1282973524623458e-12
2.5341408055067796e+05 1.1125862046231681e-09 5.1280485547366088e-12
2.6990002619900426e+05 1.1089351669889411e-09 5.1277963729301449e-12
2.8745847106808692e+05 1.1052891399765841e-09 5.1275472236845214e-12
3.0615918698679621e+05 1.1016468909701396e-09 5.1272954381165880e-12
3.2607648481583589e+05 1.0980085464674379e-09 5.1270415143429313e-12
3.4728950973611372e+05 1.0943745345563552e-09 5.1267874671119132e-12
3.6988255574721773e+05 1.0907448947597498e-09 5.1265334289211688e-12
3.9394540062569408e+05 1.0871195710767820e-09 5.1262791209866531e-12
4.1957366267415637e+05 1.0834980221045403e-09 5.1260219844046917e-12
4.4686918067885382e+05 1.0798806490728867e-09 5.1257638582506249e-12
4.7594041858550376e+05 1.0762675828298947e-09 5.1255053324467583e-12
5.0690289650145627e+05 1.0726590601413553e-09 5.1252475284533878e-12
5.3987964973688056e+05 1.0690539310322785e-09 5.1249849334179920e-12
5.7500171770902374e+05 1.0654540601048780e-09 5.1247264127670405e-12
6.1240866465232719e+05 1.0618577430429009e-09 5.1244637922119208e-12
6.5224913420351571e+05 1.0582658883540597e-09 5.1242014200778120e-12
6.9468144006544654e+05 1.0546780795777159e-09 5.1239372185342568e-12
7.3987419509679032e+05 1.0510945561699869e-09 5.1236723725728456e-12
7.8800698132736760e+05 1.0475155089734324e-09 5.1234077343774519e-12
8.3927106356160587e+05 1.0439404543174330e-09 5.1231409527377534e-12
8.9387014940570400e+05 1.0403692062578357e-09 5.1228710605754280e-12
9.5202119873863878e+05 1.0368028187325073e-09 5.1226031916640941e-12
1.0139552858436367e+06 1.0332402904383353e-09 5.1223324157219527e-12
1.0799185176258916e+06 1.0296828142709713e-09 5.1220645948732811e-12
1.1501730115652687e+06 1.0261287124157749e-09 5.1217913904328712e-12
1.2249979372901183e+06 1.0225788943614498e-09 5.1215172646510870e-12
1.3046906259110181e+06 1.0190340929828066e-09 5.1212458584307244e-12
1.3895677515226200e+06 1.0154928716280324e-09 5.1209699582477711e-12
1.4799665895685831e+06 1.0119563711391245e-09 5.1206952439495776e-12
1.5762463570698500e+06 1.0084235850330339e-09 5.1204166493190242e-12
1.6787896400419557e+06 1.0048954935697940e-09 5.1201390663821564e-12
1.7880039137735544e+06 1.0013716035562336e-09 5.1198599629717146e-12
1.9043231620071614e+06 9.9785250802758104e-10 5.1195823438752426e-12
2.0282096014562852e+06 9.9433679118509905e-10 5.1192989376491684e-12
2.1601555185117228e+06 9.9082606604458407e-10 5.1190179656237229e-12
2.3006852254353771e+06 9.8731942453268233e-10 5.1187347563118920e-12
2.4503571438150266e+06 9.8381691055697308e-10 5.1184494822576875e-12
2.6097660235589501e+06 9.8031921104942479e-10 5.1181656733817174e-12
2.7795453062481559e+06 9.7682511791054632e-10 5.1178770017861001e-12
2.9603696422372679e+06 9.7333593752816056e-10 5.1175903037367181e-12
3.1529575715063191e+06 9.6985114255184581e-10 5.1173027114378467e-12
3.3580743789164498e+06 9.6637048429096646e-10 5.1170129404028368e-12
3.5765351352152009e+06 9.6289410862137786e-10 5.1167217140693812e-12
3.8092079358755099e+06 9.5942202542304313e-10 5.1164290233609045e-12
4.0570173506386899e+06 9.5595403973041170e-10 5.1161338196816311e-12
4.3209480974685643e+06 9.5249097913780784e-10 5.1158404783951754e-12
4.6020489555160133e+06 9.4903225394649429e-10 5.1155457959718711e-12
4.9014369326430252e+06 9.4557745628884758e-10 5.1152476133945703e-12
5.2203017040663827e+06 9.4212774306848914e-10 5.1149520456274503e-12
5.5599103397589335e+06 9.3868205051901090e-10 5.1146533717590782e-12
5.9216123393938625e+06 9.3524057536654870e-10 5.1143525990772083e-12
6.3068449948389223e+06 9.3180338280964529e-10 5.1140500177490640e-12
6.7171391015096586e+06 9.2837084916841923e-10 5.1137476722723695e-12
7.1541250412770538e+06 9.2494246213682105e-10 5.1134427413716653e-12
7.6195392611007141e+06 9.2151886778318488e-10 5.1131387115966770e-12
8.1152311731318850e+06 9.1809938715563538e-10 5.1128318086912751e-12
8.6431705037054755e+06 9.1468446065181181e-10 5.1125244357302199e-12
9.2054551204231363e+06 9.1127398281783464e-10 5.1122159994249143e-12
9.8043193684302792e+06 9.0786786848937507e-10 5.1119059615073973e-12
1.0442142949012417e+07 9.0446611556523841e-10 5.1115942902808436e-12
1.1121460375792241e+07 9.0106912213902587e-10 5.1112832042258402e-12
1.1844971046102684e+07 8.9767618991273000e-10 5.1109686668397865e-12
1.2615549967556829e+07 8.9428774442188585e-10 5.1106531228340151e-12
1.3436259182439152e+07 8.9090368358418605e-10 5.1103359249995863e-12
1.4310359935314326e+07 8.8752439875297023e-10 5.1100192765092892e-12
1.5241325632204179e+07 8.8414931840827999e-10 5.1096999031678136e-12
1.6232855642829202e+07 8.8077874057401548e-10 5.1093794449911195e-12
1.7288890000759412e+07 8.7741277894267546e-10 5.1090585386777376e-12
1.8413625059888829e+07 8.7405107613125430e-10 5.1087351291752797e-12
1.9611530169448275e+07 8.7069419796911672e-10 5.1084124407430010e-12
2.0887365433816627e+07 8.6734139182749821e-10 5.1080860569954915e-12
2.2246200627702963e+07 8.6399311918231891e-10 5.1077586454078116e-12
2.3693435341863632e+07 8.6064920172694568e-10 5.1074291625765870e-12
2.5234820439405534e+07 8.5731021340836257e-10 5.1071009960370521e-12
2.6876480907936960e+07 8.5397541666535924e-10 5.1067697014173444e-12
2.8624940198374420e+07 8.5064507454822304e-10 5.1064368712969503e-12
3.0487146147118535e+07 8.4731914533756945e-10 5.1061022481164026e-12
3.2470498584606443e+07 8.4399759497411806e-10 5.1057655888600387e-12
3.4582878739949830e+07 8.4068102759481414e-10 5.1054305960477330e-12
3.6832680558501191e+07 8.3736815096439727e-10 5.1050894214731697e-12
3.9228844056796558e+07 8.3406052842729794e-10 5.1047515444585710e-12
4.1780890847415365e+07 8.3075721335293599e-10 5.1044112765154369e-12
4.4498961974924609e+07 8.2745795453443354e-10 5.1040670979684969e-12
4.7393858213252768e+07 8.2416350050523101e-10 5.1037236262363762e-12
5.0477082984624013e+07 8.2087345172678910e-10 5.1033784721743405e-12
5.3760888070601061e+07 8.1758748427421253e-10 5.1030296517949057e-12
5.7258322296875015e+07 8.1430636273210329e-10 5.1026820445449016e-12
6.0983283385261722e+07 8.1102933137241656e-10 5.1023310318089707e-12
6.4950573178950936e+07 8.0775700410632534e-10 5.1019805091347590e-12
6.9175956460452110e+07 8.0448876338101022e-10 5.1016268297978044e-12
7.3676223595963001e+07 8.0122497988327531e-10 5.1012724062781392e-12
7.8469257255093098e+07 7.9796520962718179e-10 5.1009146837376334e-12
8.3574103471060559e+07 7.9470968266374166e-10 5.1005553241387575e-12
8.9011047323736027e+07 7.9145852214711747e-10 5.1001952571381924e-12
9.4801693546277553e+07 7.8821185923541775e-10 5.0998357336206027e-12
1.0096905237565669e+08 7.8496902218639750e-10 5.0994728122797635e-12
1.0753763098822159e+08 7.8173014114993579e-10 5.0991077529701543e-12
1.1453353088363777e+08 7.7849572275670730e-10 5.0987441433545361e-12
1.2198455160417329e+08 7.7526449209223405e-10 5.0983743368900241e-12
1.2992030120147935e+08 7.7203736571868864e-10 5.0980047985347237e-12
1.3837231388983232e+08 7.6881385426534819e-10 5.0976330643217697e-12
1.4737417535334548e+08 7.6559389857425148e-10 5.0972595514309524e-12
1.5696165620509040e+08 7.6237758576195339e-10 5.0968857394054167e-12
1.6717285412844634e+08 7.5916446710494225e-10 5.0965098162765229e-12
1.7804834526551369e+08 7.5595453216643873e-10 5.0961323429510275e-12
1.8963134545415038e+08 7.5274738085094729e-10 5.0957524481964072e-12
2.0196788195434189e+08 7.4954281738430976e-10 5.0953703139251511e-12
2.1510697634630007e+08 7.4634035456730333e-10 5.0949846800896121e-12
2.2910083932705793e+08 7.4314060118240130e-10 5.0946007674070783e-12
2.4400507817962733e+08 7.3994246200598312e-10 5.0942136067453304e-12
2.5987891773914713e+08 7.3674580452322415e-10 5.0938255854288817e-12
2.7678543573405647e+08 7.3355015493941210e-10 5.0934354261638095e-12
2.9479181343747360e+08 7.3035510575600033e-10 5.0930440749869039e-12
3.1396960262480146e+08 7.2715970685890792e-10 5.0926484865071034e-12
3.3439500989834863e+08 7.2396370552381824e-10 5.0922511405296206e-12
3.5614919950879097e+08 7.2076650224575287e-10 5.0918525720677807e-12
3.7931861587680644e+08 7.1756712240901808e-10 5.0914519995249641e-12
4.0399532709646124e+08 7.1436490437182905e-10 5.0910501942988611e-12
4.3027739078533232e+08 7.1115876842136256e-10 5.0906466753977216e-12
4.5826924373515934e+08 7.0794775358974923e-10 5.0902430841138316e-12
4.8808211691134650e+08 7.0472987026341313e-10 5.0898335305212678e-12
5.1983447745040834e+08 7.0150431066257009e-10 5.0894230485688031e-12
5.5365249941173792e+08 6.9826940068135056e-10 5.0890111747323738e-12
5.8967056515428460e+08 6.9502338046489423e-10 5.0885979295660301e-12
6.2803179933048642e+08 6.9176412192286534e-10 5.0881827993593565e-12
6.6888863761935866e+08 6.8848906218020089e-10 5.0877648618752481e-12
7.1240343245874727e+08 6.8519564617444903e-10 5.0873437636669351e-12
7.5874909818369234e+08 6.8188072983441682e-10 5.0869198554353119e-12
8.0810979813450134e+08 6.7854189328842402e-10 5.0864983354552762e-12
8.6068167646491730e+08 6.7517448446992744e-10 5.0860709824911525e-12
9.1667363755830824e+08 6.7177418095976976e-10 5.0856425010616148e-12
9.7630817614905834e+08 6.6833687995786740e-10 5.0852119163877313e-12
1.0398222614478433e+09 6.6485635926063302e-10 5.0847781515179110e-12
1.1074682787839665e+09 6.6132700762572017e-10 5.0843434244922671e-12
1.1795150325065784e+09 6.5774192869124317e-10 5.0839065259487963e-12
1.2562488141300399e+09 6.5409337470347530e-10 5.0834677220936333e-12
1.3379745399678376e+09 6.5037199695178931e-10 5.0830238553937339e-12
1.4250169627756798e+09 6.4656901496757610e-10 5.0825805918152630e-12
1.5177219622185314e+09 6.4267255320502192e-10 5.0821354016082129e-12
1.6164579192894022e+09 6.3867031498718179e-10 5.0816859975848685e-12
1.7216171801414475e+09 6.3454831467557282e-10 5.0812352452530245e-12
1.8336176151502628e+09 6.3029052824067843e-10 5.0807825644327381e-12
1.9529042794014852e+09 6.2587967119485184e-10 5.0803261065886246e-12
2.0799511812020195e+09 6.2129572740857199e-10 5.0798698769861683e-12
2.2152631656424775e+09 6.1651528891914880e-10 5.0794067857673230e-12
2.3593779206953855e+09 6.1151488076765082e-10 5.0789449522030277e-12
2.5128681138208885e+09 6.0626533091751814e-10 5.0784804676482460e-12
2.6763436675700660e+09 6.0073548026342090e-10 5.0780140974780451e-12
2.8504541832285514e+09 5.9488932464959212e-10 5.0775408806518730e-12
3.0358915221310863e+09 5.8868895721889841e-10 5.0770689203182673e-12
3.2333925549044232e+09 5.8208901282646916e-10 5.0765932134710560e-12
3.4437420895633454e+09 5.7504267668900617e-10 5.0761171954411568e-12
3.6677759900949359e+09 5.6749568639036205e-10 5.0756366024056238e-12
3.9063844979234710e+09 5.5938365065858157e-10 5.0751529697061260e-12
4.1605157694545636e+09 5.5064722162407616e-10 5.0746669186609628e-12
4.4311796437554073e+09 5.4120619454041188e-10 5.0741793112980622e-12
4.7194516553428135e+09 5.3098487357030720e-10 5.0736874133652516e-12
5.0264773080248108e+09 5.1990050295691601e-10 5.0731926171890470e-12
5.3534766267784147e+09 5.0785053203717560e-10 5.0726968915448177e-12
5.7017490057514486e+09 4.9473670834847602e-10 5.0721984706743334e-12
6.0726783716530914e+09 4.8044413213863405e-10 5.0716981370617777e-12
6.4677386830505037e+09 4.6487866607485395e-10 5.0711910529807204e-12
6.8884997874241724e+09 4.4789911407548128e-10 5.0706828252019266e-12
7.3366336592563829e+09 4.2940266128978333e-10 5.0701730594668468e-12
7.8139210439405746e+09 4.0926079286781155e-10 5.0696612924894197e-12
8.3222585339126348e+09 3.8736552555536379e-10 5.0691446010074007e-12
8.8636661051227798e+09 3.6361532028560667e-10 5.0686256106864132e-12
9.4402951437950974e+09 3.3794315481083854e-10 5.0681034729318899e-12
1.0054436995370827e+10 3.1031629607970418e-10 5.0675794628032253e-12
1.0708532069606632e+10 2.8073153380802409e-10 5.0670515250406191e-12
1.1405179538007971e+10 2.4930846526183366e-10 5.0665189672034652e-12
1.2147147662132793e+10 2.1622352942408234e-10 5.0659826388200095e-12
1.2937384793806519e+10 1.8185959338596699e-10 5.0654463948447260e-12
1.3779031090960518e+10 1.4674977469021317e-10 5.0649112465668955e-12
1.4675430995648317e+10 1.1172194964502749e-10 5.0643642087697636e-12
1.5630146523823645e+10 7.7999277832880357e-11 5.0638199063594078e-12
1.6646971419690414e+10 4.7244368273954559e-11 5.0632710151119923e-12
1.7729946230868576e+10 2.1779439051610688e-11 5.0627174054476950e-12
1.8883374364280346e+10 4.7817625295376784e-12 5.0621624153108135e-12
2.0111839186558632e+10 5.1847026593546037e-13 5.0615999954082398e-12
2.1420222236928162e+10 1.4689761706378074e-11 5.0610349662210945e-12
2.2813722624932156e+10 5.4923943611285223e-11 5.0604711686151314e-12
2.4297877690086025e+10 1.3115237285472819e-10 5.0598867011736852e-12
2.5878585005551601e+10 2.5664923730457109e-10 5.0593304710659963e-12
2.7562125813268360e+10 4.4858473938749208e-10 5.0587526312154686e-12
2.9355189983666637e+10 7.2958150808773987e-10 5.0581747952438734e-12
3.1264902599143192e+10 1.1288874389053729e-09 5.0575905892110388e-12
3.3298852266934368e+10 1.6849265485805939e-09 5.0570075331817269e-12
3.5465121273894737e+10 2.4468722009586330e-09 5.0564214526583190e-12
3.7772317703004784e+10 3.4790388421951953e-09 5.0558257404724471e-12
4.0229609639229614e+10 4.8642174600169302e-09 5.0552325480976008e-12
4.2846761600653664e+10 6.7092673418319785e-09 5.0546311068809537e-12
4.5634173339654747e+10 9.1521501112208801e-09 5.0540304113232276e-12
4.8602921168303520e+10 1.2372524346214372e-08 5.0534261169016732e-12
5.1764801972200882e+10 1.6596238222762235e-08 5.0528176482087001e-12
5.5132380087653549e+10 2.2118848286182001e-08 5.0521949142707454e-12
5.8719037228459747e+10 2.9319500751366995e-08 5.0515812743788105e-12
6.2539025660699936e+10 3.8687770199150166e-08 5.0509682783783733e-12
6.6607524836835228e+10 5.0844166985803045e-08 5.0503495029651827e-12
7.0940701714155655e+10 6.6600016584088065e-08 5.0497169522200173e-12
7.5555774997266846e+10 8.6975820676541791e-08 5.0490980942966730e-12
8.0471083559897934e+10 1.1330310912037265e-07 5.0484545369693311e-12
8.5706159317912506e+10 1.4727576703620733e-07 5.0478341676569997e-12
9.1281804843099670e+10 1.9105858690513183e-07 5.0471976829346541e-12
9.7220176026161972e+10 2.4746866425106396e-07 5.0465047604613805e-12
1.0354487011737093e+11 3.2001703365151859e-07 5.0459249153364306e-12
1.1028101949473949e+11 4.1337434984722088e-07 5.0452779582716245e-12
1.1745539153232083e+11 5.3332921337801103e-07 5.0446407906742049e-12
1.2509649496547238e+11 6.8738807959849499e-07 5.0439508835073917e-12
1.3323469317575037e+11 8.8529123464953682e-07 5.0433053471895597e-12
1.4190232484559933e+11 1.1390942288444417e-06 5.0427145847785595e-12
1.5113383246227203e+11 1.4646794645110044e-06 5.0420109889541900e-12
1.6096589918161853e+11 1.8822423778434011e-06 5.0413781968446245e-12
1.7143759459560434e+11 2.4173199515937749e-06 5.0407308461841138e-12
1.8259052998278201e+11 3.1027065666950344e-06 5.0401077742696701e-12
1.9446902365864255e+11 3.9808650642807903e-06 5.0394682556341060e-12
2.0712027708288989e+11 5.1046460105545991e-06 5.0388321716567015e-12
2.2059456242344632e+11 6.5431713953537929e-06 5.0382166417933836e-12
2.3494542232249597e+11 8.3818886342953665e-06 5.0376593795418959e-12
2.5022988265838052e+11 1.0733211046792051e-05 5.0370177375485958e-12
2.6650867914880634e+11 1.3738333717229094e-05 5.0364074027568581e-12
2.8384649869579803e+11 1.7573511962369599e-05 5.0358328783159663e-12
3.0231223643143475e+11 2.2469673222084167e-05 5.0352655455236338e-12
3.2197926948580206e+11 2.8711215851474095e-05 5.0347292931748810e-12
3.4292574856500708e+11 3.6665822906017730e-05 5.0342069116499153e-12
3.6523490849790741e+11 4.6790195391289870e-05 5.0337047951758017e-12
3.8899539898558337e+11 5.9666361245458170e-05 5.0332451064852723e-12
4.1430163686782635e+11 7.6019182100829104e-05 5.0328205831759330e-12
4.4125418130645026e+11 9.6762287514034871e-05 5.0324372293179756e-12
4.6996013337630817e+11 1.2303844753817369e-04 5.0321104681344142e-12
5.0053356165182019e+11 1.5625195559120953e-04 5.0318297175504363e-12
5.3309595548022827e+11 1.9818230506797577e-04 5.0316325245971718e-12
5.6777670774265869e+11 2.5098804244748759e-04 5.0314931606536196e-12
6.0471362902141931e+11 3.1730647193696005e-04 5.0314508598782789e-12
6.4405349521664294e+11 4.0040690373257447e-04 5.0315089295263586e-12
6.8595263078828613e+11 5.0418799050630080e-04 5.0316962834817714e-12
7.3057752994119312e+11 6.3336458806456176e-04 5.0320245811771853e-12
7.7810551822158545e+11 7.9349666424081934e-04 5.0325021941720120e-12
8.2872545715389954e+11 9.9116808500701093e-04 5.0331708437927302e-12
8.8263849471808325e+11 1.2340918102992794e-03 5.0340340327379346e-12
9.4005886464947278e+11 1.5307836509909035e-03 5.0351288270906751e-12
1.0012147377373508e+12 1.8911301177457920e-03 5.0364786091022397e-12
1.0663491285051053e+12 2.3257512183558178e-03 5.0380959755404525e-12
1.1357208608748057e+12 2.8460114912894048e-03 5.0399842858534014e-12
1.2096055966533613e+12 3.4638767490050865e-03 5.0421915495374304e-12
1.2882969309272991e+12 4.1906604480761315e-03 5.0446740911927072e-12
1.3721075587188584e+12 5.0369524248002843e-03 5.0474982617242074e-12
1.4613705175392153e+12 6.0115245910202396e-03 5.0505014441116962e-12
1.5564405107766279e+12 7.1197892630485565e-03 5.0538049475473398e-12
1.6576953171779058e+12 8.3635155122483065e-03 5.0573237778243253e-12
1.7655372920243318e+12 9.7387891263234008e-03 5.0609604584814117e-12
1.8803949659671404e+12 1.1234521461541072e-02 5.0646717349817664e-12
2.0027247478756926e+12 1.2833064754939011e-02 5.0683461191734214e-12
2.1330127384651880e+12 1.4509371029152292e-02 5.0718715740977741e-12
2.2717766619106040e+12 1.6230355579227015e-02 5.0751402469533511e-12
2.4195679231223296e+12 1.7957269253044278e-02 5.0780444537885266e-12
2.5769737988587656e+12 1.9650412400716660e-02 5.0804783595117830e-12
2.7446197713825801e+12 2.1264140181561988e-02 5.0823882225214340e-12
2.9231720139336265e+12 2.2760434342720213e-02 5.0837454791643114e-12
3.1133400378953994e+12 2.4105199318336198e-02 5.0845610503137144e-12
3.3158795121738916e+12 2.5271467166787725e-02 5.0849170689039027e-12
3.5315952659919419e+12 2.6242384076361883e-02 5.0849008002670407e-12
3.7613444870316890e+12 2.7010512560448455e-02 5.0846637116665440e-12
4.0060401276333789e+12 2.7576339470493840e-02 5.0843284522648216e-12
4.2666545325853989e+12 2.7945185243259438e-02 5.0840226206508409e-12
4.5442233029217891e+12 2.8126319114641966e-02 5.0838443362829709e-12
4.8398494110805459e+12 2.8131979397041654e-02 5.0837756198190797e-12
5.1547075837747100e+12 2.7974658817201375e-02 5.0838550046043491e-12
5.4900489699930645e+12 2.7667668327977145e-02 5.0840830958913835e-12
5.8472061126793633e+12 2.7226751048188579e-02 5.0842850569510736e-12
6.2275982438455547e+12 2.6673712106958569e-02 5.0845299160279818e-12
6.6327369241609336e+12 2.6028374158711020e-02 5.0847576020483327e-12
7.0642320494268594e+12 2.5313010723957440e-02 5.0849755703797818e-12
7.5237982478044053e+12 2.4547567837643655e-02 5.0851663712794532e-12
8.0132616932164482e+12 2.3750107700403471e-02 5.0853617380264627e-12
8.5345673619981924e+12 2.2935046398596493e-02 5.0855776060752838e-12
9.0897867616311367e+12 2.2113260257772195e-02 5.0857622292555575e-12
9.6811261622732383e+12 2.1293661322035622e-02 5.0859687749334957e-12
1.0310935363794340e+13 2.0482738136876837e-02 5.0861426722925279e-12
1.0981717033153576e+13 1.9685719080135965e-02 5.0863385831622741e-12
1.1696136649223961e+13 1.8906246745927197e-02 5.0865147996739606e-12
1.2457033094581279e+13 1.8147446915042935e-02 5.0867460528782744e-12
1.3267429936344775e+13 1.7410363741349355e-02 5.0868740667625643e-12
1.4130547440897910e+13 1.6697283247693134e-02 5.0871024490206818e-12
1.5049815370231273e+13 1.6007834455276392e-02 5.0872102574961973e-12
1.6028886610755186e+13 1.5343153142953141e-02 5.0873715243877733e-12
1.7071651688740721e+13 1.4702961333171009e-02 5.0875283174430218e-12
1.8182254230068156e+13 1.4087035989953563e-02 5.0876744382519379e-12
1.9365107425713734e+13 1.3494970615378609e-02 5.0878167475486593e-12
2.0624911568405918e+13 1.2926492028336158e-02 5.0880185064080651e-12
2.1966672730135363e+13 1.2380320641140955e-02 5.0880873897041828e-12
2.3395722654735406e+13 1.1856619112326992e-02 5.0882659488515601e-12
2.4917739944584270e+13 1.1353885353234686e-02 5.0883009143218400e-12
2.6538772625613199e+13 1.0872213211734835e-02 5.0884645404691120e-12
2.8265262180291266e+13 1.0410246076873530e-02 5.0885528120556980e-12
3.0104069144085012e+13 9.9674547920800410e-03 5.0886253625875402e-12
3.2062500367103000e+13 9.5431125656694482e-03 5.0886840954140162e-12
3.4148338049258656e+13 9.1365048269077161e-03 5.0887272221858571e-12
3.6369870664326469e+13 8.7469272051393411e-03 5.0887556244060085e-12
3.8735925895771422e+13 8.3737027407496077e-03 5.0887686798679066e-12
4.1255905715233312e+13 8.0161678346666859e-03 5.0887625264169217e-12
4.3939823743054961e+13 7.6736821167947035e-03 5.0887359682827943e-12
4.6798345039310164e+13 7.3456278461174465e-03 5.0886875834455613e-12
4.9842828483454453e+13 7.0314100646637259e-03 5.0886126878310100e-12
5.3085371910999938e+13 6.7304477120393941e-03 5.0885130227796976e-12
5.6538860186569211e+13 6.4421975343069123e-03 5.0883811875402839e-12
6.0217016404363016e+13 6.1661279804487105e-03 5.0882183880243410e-12
6.4134456419493422e+13 5.9017059091714561e-03 5.0880167399906954e-12
6.8306746926868281e+13 5.6485280244853650e-03 5.0877751620761216e-12
7.2750467318423172e+13 5.4059447178489957e-03 5.0874878319712804e-12
7.7483275564498578e+13 5.1738118151227128e-03 5.0871471328355198e-12
8.2523978381148750e+13 4.9513250915921535e-03 5.0867479892300781e-12
8.7892605962215719e+13 4.7384766644241469e-03 5.0862859529197684e-12
9.3610491573126281e+13 4.5346286981835637e-03 5.0857549803913757e-12
9.9700356322686031e+13 4.3396660112477049e-03 5.0851587696372457e-12
1.0618639944973970e+14 4.1527568952117221e-03 5.0845019537008015e-12
1.1309439448346395e+14 3.9748197225608515e-03 5.0837986761161533e-12
1.2045179165939517e+14 3.8031339918084034e-03 5.0830276571036896e-12
1.2828782699817712e+14 3.6404578525267481e-03 5.0823258955328897e-12
1.3663363848046725e+14 3.4834978728110451e-03 5.0816234127185258e-12
1.4552238977963425e+14 3.3334918515867508e-03 5.0809813239880313e-12
1.5498940204394103e+14 3.1900777089994663e-03 5.0804118577765871e-12
1.6507229425186644e+14 3.0526445715377171e-03 5.0799611134586409e-12
1.7581113269828250e+14 2.9208415722071662e-03 5.0795787012870713e-12
1.8724859020552059e+14 2.7954787869971924e-03 5.0792849797754156e-12
1.9943011569197281e+14 2.6746962932718988e-03 5.0790601974314593e-12
2.1240411477202709e+14 2.5595142948739266e-03 5.0788898160741548e-12
2.2622214210501016e+14 2.4493431586005473e-03 5.0787835613527218e-12
2.4093910625746312e+14 2.3433079224378251e-03 5.0787105786299567e-12
2.5661348789279028e+14 2.2424123998885772e-03 5.0786562904090161e-12
2.7330757215533150e+14 2.1451266623525862e-03 5.0786278480807452e-12
2.9108769617226731e+14 2.0523851163428957e-03 5.0786160520416144e-12
3.1002451265683062e+14 1.9633208436413874e-03 5.0786066314762712e-12
3.3019327066034094e+14 1.8781039981075535e-03 5.0785885842136648e-12
3.5167411458866750e+14 1.7965150358454063e-03 5.0785990108330473e-12
3.7455240267128988e+14 1.7183341770762113e-03 5.0785813675373336e-12
3.9891904614852188e+14 1.6435376048839212e-03 5.0785984988343173e-12
4.2487087052464031e+14 1.5718829842402710e-03 5.0786000871329138e-12
4.5251100032249750e+14 1.5033070730420333e-03 5.0786023641172350e-12
4.8194926886848938e+14 1.4376442645096673e-03 5.0785882406443509e-12
5.1330265473620006e+14 1.3747990308450116e-03 5.0786031109086624e-12
5.4669574658308025e+14 1.3146397717843463e-03 5.0786046916814413e-12
5.8226123822724900e+14 1.2570542870611750e-03 5.0786063568475088e-12
6.2014045593165750e+14 1.2019377006360463e-03 5.0786040804757439e-12
6.6048391999095512e+14 1.1491809625695411e-03 5.0785903543974552e-12
7.0345194285260075e+14 1.0986957925446441e-03 5.0786062705775025e-12
7.4921526614890962e+14 1.0503747679946561e-03 5.0786041872361853e-12
7.9795573917150300e+14 1.0041313311880010e-03 5.0786057943867345e-12
8.4986704148416475e+14 9.5987623306454414e-04 5.0786043987191794e-12
9.0515545254548275e+14 9.1752577543918886e-04 5.0786040861498814e-12
9.6404067139962962e+14 8.7699899422469089e-04 5.0786024860633125e-12
1.0267566896924332e+15 8.3821842333600390e-04 5.0785994878487389e-12
1.0935527214817554e+15 8.0111088230779037e-04 5.0786008513059634e-12
1.1646941935370930e+15 7.6560426844931152e-04 5.0786004360791069e-12
1.2404638000634910e+15 7.3163066292319620e-04 5.0785982412253363e-12
1.3211626260408162e+15 6.9911973807167355e-04 5.0785565169254633e-12
1.4071113436423640e+15 6.6802551722123702e-04 5.0785971834461358e-12
1.4986514864869222e+15 6.3827159068978500e-04 5.0785971438548120e-12
1.5961468067876662e+15 6.0980584258202709e-04 5.0785951771646503e-12
1.6999847207909700e+15 5.8256841873544388e-04 5.0785461601919308e-12
1.8105778482487812e+15 5.5651795227695659e-04 5.0785475804686165e-12
1.9283656520418060e+15 5.3160252572270132e-04 5.0785920824244477e-12
2.0538161844691025e+15 5.0776469310013996e-04 5.0785910823765021e-12
2.1874279471431952e+15 4.8496124476210317e-04 5.0785694426590773e-12
2.3297318718811940e+15 4.6315049597359787e-04 5.0785539519212949e-12
2.4812934304636535e+15 4.4229057475978905e-04 5.0785501334277192e-12
2.6427148816445895e+15 4.2234295308887689e-04 5.0785851166059982e-12
2.8146376643413590e+15 4.0326246870797298e-04 5.0785832401509566e-12
2.9977449465145695e+15 3.8501510304864064e-04 5.0785821690350730e-12
3.1927643398663170e+15 3.6756241907364253e-04 5.0785417957587050e-12
3.4004707911438910e+15 3.5087506626552400e-04 5.0785283199704038e-12
3.6216896615385100e+15 3.3492234093306133e-04 5.0785753956878325e-12
3.8573000064154950e+15 3.1966349573618813e-04 5.0785387718707143e-12
4.1082380684082175e+15 3.0507728167112068e-04 5.0785542420638265e-12
4.3755009977568080e+15 2.9112889532537442e-04 5.0785222045630604e-12
4.6601508146748970e+15 2.7779507712506757e-04 5.0785128865839904e-12
4.9633186294892370e+15 2.6505129932264244e-04 5.0785649157601088e-12
5.2862091373223670e+15 2.5286627325904937e-04 5.0785632756948677e-12
5.6301054051785440e+15 2.4121620940915897e-04 5.0785068857257822e-12
5.9963739704548430e+15 2.3008559935184129e-04 5.0785587348483544e-12
6.3864702711384510e+15 2.1944474730374087e-04 5.0785566618732655e-12
6.8019444292667130e+15 2.0927267362157783e-04 5.0784972954388480e-12
7.2444474106327660e+15 1.9955392128177059e-04 5.0784982463750118e-12
7.7157375852131260e+15 1.9026835455499420e-04 5.0785495011062884e-12
8.2176877143857410e+15 1.8139350546790621e-04 5.0785469122587745e-12
8.7522923927045980e+15 1.7291352757306546e-04 5.0785430718488070e-12
9.3216759738017540e+15 1.6480993414043211e-04 5.0784910475987010e-12
9.9281010119111620e+15 1.5706991743329995e-04 5.0785006183981816e-12
1.0573977252559590e+16 1.4967648771721509e-04 5.0785348118717690e-12
1.1261871208150094e+16 1.4261227179462456e-04 5.0785084756076816e-12
1.1994516356488190e+16 1.3586477560967623e-04 5.0784847525772180e-12
1.2774824002777120e+16 1.2942076277008463e-04 5.0784817908326895e-12
1.3605894848245004e+16 1.2326628758611787e-04 5.0784697516424452e-12
1.4491031311371226e+16 1.1739039094904186e-04 5.0785184530149760e-12
1.5433750650676786e+16 1.1177840930946918e-04 5.0785153369362924e-12
1.6437798941221540e+16 1.0641886746974274e-04 5.0784552575572580e-12
1.7507165960347776e+16 1.0130308895853939e-04 5.0784504653757898e-12
1.8646101041820988e+16 9.6419386699293341e-05 5.0784491364234797e-12
1.9859129961369076e+16 9.1758468409576681e-05 5.0784987193254444e-12
2.1151072920713464e+16 8.7308137811432376e-05 5.0784567518553333e-12
2.2527063701560928e+16 8.3061315266047219e-05 5.0784470597343248e-12
2.3992570065663888e+16 7.9008422727044626e-05 5.0784279279218158e-12
2.5553415482014364e+16 7.5141331281402746e-05 5.0784230498326755e-12
2.7215802267508040e+16 7.1452465540080382e-05 5.0784755269586157e-12
2.8986336233034896e+16 6.7931754200913010e-05 5.0784178354845276e-12
3.0872052932925856e+16 6.4574616943183737e-05 5.0784656741183957e-12
3.2880445622071192e+16 6.1371290562888887e-05 5.0784100403318015e-12
3.5019495031797312e+16 5.8316914485275010e-05 5.0784118631939139e-12
3.7297701082824496e+16 5.5404015429714520e-05 5.0783925996822524e-12
3.9724116661322064e+16 5.2626741665125819e-05 5.0783862542628914e-12
4.2308383592280408e+16 4.9979481456602888e-05 5.0784365506824175e-12
4.5060770953137376e+16 4.7455043462826951e-05 5.0783870672873394e-12
4.7992215879918176e+16 4.5049166656924740e-05 5.0783682485145614e-12
5.1114367028030288e+16 4.2756439993683613e-05 5.0783611018585771e-12
5.4439630860417040e+16 4.0571700933944819e-05 5.0783514239342748e-12
5.7981220947002864e+16 3.8490238315547112e-05 5.0783504443054911e-12
6.1753210471336864e+16 3.6507293196744662e-05 5.0783365664828569e-12
6.5770588153065664e+16 3.4618600566127177e-05 5.0783279365367505e-12
7.0049317808472712e+16 3.2819915403387225e-05 5.0783203968116872e-12
7.4606401785745536e+16 3.1107533850887107e-05 5.0783695297726108e-12
7.9459948527048368e+16 2.9476914442748584e-05 5.0783599154864707e-12
8.4629244525868800e+16 2.7924489828338093e-05 5.0783018395830647e-12
9.0134830965582752e+16 2.6447158862646260e-05 5.0782785183187855e-12
9.5998585343755584e+16 2.5041427693590711e-05 5.0782682363120977e-12
1.0224380840655566e+17 2.3703995722133740e-05 5.0782569961905131e-12
1.0889531673871120e+17 2.2431773461677941e-05 5.0782455300904068e-12
1.1597954137693994e+17 2.1221806468415166e-05 5.0782334938272962e-12
1.2352463283872110e+17 2.0071261753185466e-05 5.0782204283733181e-12
1.3156057298373360e+17 1.8977441890689660e-05 5.0782077602071482e-12
1.4011929415249978e+17 1.7937774892089864e-05 5.0782002380178107e-12
1.4923480605562784e+17 1.6949747724358890e-05 5.0781871859258617e-12
1.5894333091788227e+17 1.6011171080352118e-05 5.0782299583417362e-12
1.6928344741409818e+17 1.5119272848657315e-05 5.0781494255195403e-12
1.8029624396891325e+17 1.4272465548743820e-05 5.0781476235402786e-12
1.9202548202944192e+17 1.3468367838339522e-05 5.0781169177239259e-12
2.0451776995974090e+17 1.2705110988210611e-05 5.0780968005876966e-12
2.1782274824802874e+17 1.1980768797922653e-05 5.0780744542572047e-12
2.3199328676263168e+17 1.1293532872412892e-05 5.0780521450569280e-12
2.4708569484048294e+17 1.0641677023569815e-05 5.0780320365892244e-12
2.6315994504302659e+17 1.0023533159028854e-05 5.0780092949359806e-12
2.8027991146860285e+17 9.4375141822558123e-06 5.0779807802865608e-12
2.9851362356837331e+17 8.8821321932739942e-06 5.0779618291215176e-12
3.1793353647431379e+17 8.3558918094973542e-06 5.0779260288583719e-12
3.3861681891349747e+17 7.8574653046670428e-06 5.0779018230802219e-12
3.6064565985274125e+17 7.3854911305661387e-06 5.0778709759315667e-12
3.8410759509216090e+17 6.9388050094420439e-06 5.0779122601011179e-12
4.0909585510533069e+17 6.5160190971462293e-06 5.0778802928809657e-12
4.3570973550837062e+17 6.1159939474611270e-06 5.0777633173918155e-12
4.6405499163000576e+17 5.7378544707292835e-06 5.0778050741392286e-12
4.9424425875053139e+17 5.3802507707582316e-06 5.0776779761665313e-12
5.2639749967956870e+17 5.0423805290204086e-06 5.0776248328485068e-12
5.6064248145119834e+17 4.7232230214526175e-06 5.0775741794768854e-12
5.9711528303058368e+17 4.4218697615632039e-06 5.0775362077513185e-12
6.3596083604972070e+17 4.1374008089178914e-06 5.0774667720259334e-12
6.7733350072090573e+17 3.8690107270408094e-06 5.0774048091128878e-12
7.2139767921647424e+17 3.6158917266765915e-06 5.0773455079598599e-12
7.6832846895216934e+17 3.3772664672302903e-06 5.0772729626936458e-12
8.1831235837016154e+17 3.1524187552823077e-06 5.0771982056309625e-12
8.7154796798636186e+17 2.9406331417458097e-06 5.0771094336920862e-12
9.2824683964696410e+17 2.7412573085093100e-06 5.0770252399148374e-12
9.8863427713029786e+17 2.5536989920111893e-06 5.0770468873495552e-12
1.0529502414343534e+18 2.3772021991692130e-06 5.0768276781185357e-12
1.1214503043075479e+18 2.2113407580793938e-06 5.0767164116104223e-12
1.1944066638118730e+18 2.0555024870813083e-06 5.0765912570902378e-12
1.2721092259536934e+18 1.9091650617585223e-06 5.0764572219230387e-12
1.3548667566806141e+18 1.7718257322456212e-06 5.0763173488036436e-12
1.4430081088218340e+18 1.6430379718643103e-06 5.0762832272109699e-12
1.5368835288475715e+18 1.5222751152375100e-06 5.0761201629052418e-12
1.6368660486401736e+18 1.4091315750990193e-06 5.0759295748339220e-12
1.7433529678075402e+18 1.3031998515271563e-06 5.0757338524877639e-12
1.8567674324287196e+18 1.2040756258034599e-06 5.0755059344813442e-12
1.9775601165056440e+18 1.1113574019458046e-06 5.0751342413017831e-12
2.1062110128021903e+18 1.0247411376154808e-06 5.0748583218567855e-12
2.2432313401869194e+18 9.4388667507801345e-07 5.0747052377789626e-12
2.3891655750588769e+18 8.6841016962223587e-07 5.0743833359640225e-12
2.5445936149281777e+18 7.9803048225993150e-07 5.0740270890457892e-12
2.7101330827494815e+18 7.3245227447257997e-07 5.0736361013291673e-12
2.8864417811645409e+18 6.7139994031602507e-07 5.0732052192331735e-12
3.0742203064064348e+18 6.1459891971249246e-07 5.0727266074268803e-12
3.2742148322522424e+18 5.6180514313170037e-07 5.0722023295392698e-12
3.4872200750870410e+18 5.1277147410544274e-07 5.0716171779732835e-12
3.7140824518606966e+18 4.6726335695218098e-07 5.0709472242129440e-12
3.9557034434872187e+18 4.2510428011191622e-07 5.0702660797157746e-12
4.2130431770510218e+18 3.8604711686453361e-07 5.0694966672165045e-12
4.4871242410549827e+18 3.4991102193741431e-07 5.0686255367363599e-12
4.7790357488707717e+18 3.1651283586535176e-07 5.0676559833950043e-12
5.0899376665388237e+18 2.8568430765651312e-07 5.0665793675466306e-12
5.4210654221141391e+18 2.5725661968436607e-07 5.0654174415970568e-12
5.7737348148755343e+18 2.3108052539191105e-07 5.0641072075575792e-12
6.1493472439049165e+18 2.0700687331128253e-07 5.0626136432680460e-12
6.5493952768137595e+18 1.8489481950790985e-07 5.0610539437889480e-12
6.9754685807450122e+18 1.6462557141537862e-07 5.0592418511744050e-12
7.4292602392190689e+18 1.4606526545032241e-07 5.0573018835765129e-12
7.9125734799233249e+18 1.2911229703434861e-07 5.0551091472829861e-12
8.4273288401816812e+18 1.1365071750458464e-07 5.0527116102090877e-12
8.9755717985757174e+18 9.9584433249002933e-08 5.0501060641577822e-12
9.5594809030438830e+18 8.6817383150780099e-08 5.0472090556029306e-12
1.0181376427756986e+19 7.5262560240253228e-08 5.0439752191332968e-12
1.0843729593170721e+19 6.4837602988921633e-08 5.0405361066492643e-12
1.1549172385890402e+19 5.5465600027513768e-08 5.0366636236922421e-12
1.2300508017372271e+19 4.7074402191691356e-08 5.0325466683789048e-12
1.3100722063018594e+19 3.9595862064237988e-08 5.0280945622821317e-12
1.3952994325930848e+19 3.2966780708855837e-08 5.0232444967623679e-12
1.4860711472463434e+19 2.7128403403392485e-08 5.0181064509811338e-12
1.5827480489789200e+19 2.2023745052935427e-08 5.0125278435872454e-12
1.6857143018949372e+19 1.7599469738074379e-08 5.0067344615960529e-12
1.7953790620347697e+19 1.3803988746743510e-08 5.0006751572256845e-12
1.9121781032345706e+19 1.0588528448297392e-08 4.9944099972816534e-12
2.0365755487567057e+19 7.9046931360400294e-09 4.9880967530085604e-12
2.1690657155720028e+19 5.7062499172630255e-09 4.9818007362154197e-12
2.3101750786226364e+19 3.9467742317913283e-09 4.9757430083159820e-12
2.4604643628704961e+19 2.5799954318145732e-09 4.9700621833075094e-12
2.6205307714448806e+19 1.5598975165791279e-09 4.9649376638503440e-12
2.7910103587429806e+19 8.4018686286992293e-10 4.9607301531657718e-12
2.9725805579132617e+19 3.7420060762351231e-10 4.9575886911680801e-12
3.1659628727654523e+19 1.1558028420026311e-10 4.9556816163593334e-12
3.3719257448032301e+19 1.8545026019975889e-11 4.9552704714612155e-12
3.5912876067732541e+19 3.8789968732686043e-11 4.9564186789815140e-12
3.8249201348637041e+19 1.3456250430624819e-10 4.9591834524327821e-12
4.0737517124758323e+19 2.6800077446729956e-10 4.9632906942956700e-12
4.3387711193323676e+19 4.0664017492566423e-10 4.9685249765260658e-12
4.6210314605825729e+19 5.2479937741184866e-10 4.9743303944021381e-12
4.9216543515159577e+19 6.0489705703949369e-10 4.9800280971999971e-12
5.2418343745147773e+19 6.3815538163169947e-10 4.9850018707298478e-12
5.5828438259548586e+19 6.2472991189663931e-10 4.9883454493198346e-12
5.9460377719178576e+19 5.7231223251796681e-10 4.9897923343227318e-12
6.3328594328046281e+19 4.9470303319928947e-10 4.9887155946924470e-12
6.7448459182470947e+19 4.0831563995350393e-10 4.9859034335609873e-12
7.1836343351058825e+19 3.2898369369277060e-10 4.9814990820538614e-12
7.6509682928270000e+19 2.6871700373009575e-10 4.9764450478189774e-12
8.1487048320063603e+19 2.3316594304939868e-10 4.9722503484475986e-12
8.6788218036947026e+19 2.2110026466649989e-10 4.9691496510108029e-12
9.2434257287657456e+19 2.2569794090453943e-10 4.9678291640217984e-12
9.8447601685791588e+19 2.3757190181045349e-10 4.9680780149882918e-12
1.0485214640198574e+20 2.4821757187171945e-10 4.9682704954642440e-12
1.1167334111593854e+20 2.5286523572107857e-10 4.9678596689612055e-12
1.1893829114556483e+20 2.5131611162668289e-10 4.9679489946943176e-12
1.2667586515514506e+20 2.4627514708954760e-10 4.9665686007854443e-12
1.3491680987046542e+20 2.4115385131107458e-10 4.9649689156151785e-12
1.4369387225680455e+20 2.3769872071462232e-10 4.9628818939117692e-12
1.5304192964523167e+20 2.3590434130065335e-10 4.9623722974878994e-12
1.6299812832434065e+20 2.3439132154984736e-10 4.9600758136317362e-12
1.7360203114810900e+20 2.3263176392798239e-10 4.9598213734263642e-12
1.8489577474644250e+20 2.3046671287573195e-10 4.9585022445226220e-12
1.9692423696310547e+20 2.2826835833944096e-10 4.9572722689038748e-12
2.0973521518640379e+20 2.2622116775426963e-10 4.9564046158026697e-12
2.2337961628120249e+20 2.2385506651538013e-10 4.9485844238657084e-12
2.3791165887707333e+20 2.2210744144693464e-10 4.9533211321225348e-12
2.5338908881635495e+20 2.1981502950355374e-10 4.9470495592513069e-12
2.6987340861826892e+20 2.1792522784914663e-10 4.9494568196558950e-12
2.8743012187090295e+20 2.1568242828894190e-10 4.9432862959591176e-12
3.0612899352222741e+20 2.1377843274619700e-10 4.9448069405215107e-12
3.2604432710439200e+20 2.1178995513705758e-10 4.9437240303547026e-12
3.4725525999299769e+20 2.0946983190020410e-10 4.9345951210595046e-12
3.6984607787454444e+20 2.0763028868466476e-10 4.9375539225956448e-12
3.9390654967167916e+20 2.0556378719484860e-10 4.9357558806475688e-12
4.1953228425712049e+20 2.0363620561569711e-10 4.9356384390832472e-12
4.4682511037377328e+20 2.0153068130329766e-10 4.9327289545375133e-12
4.7589348127061580e+20 1.9926664456527008e-10 4.9244060128526335e-12
5.0685290566239191e+20 1.9718751325375489e-10 4.9196904754266304e-12
5.3982640672550846e+20 1.9529226361671453e-10 4.9203225453307953e-12
5.7494501095407623e+20 1.9358417609479539e-10 4.9247425265616598e-12
6.1234826881870686e+20 1.9122728460907036e-10 4.9123494656351925e-12
6.5218480929686356e+20 1.8976325161994684e-10 4.9233182144926157e-12
6.9461293047848029e+20 1.8776988760834148e-10 4.9205029017796140e-12
7.3980122859359974e+20 1.8585894277951432e-10 4.9196365066326518e-12
7.8792926796164144e+20 1.8401176521839907e-10 4.9199268500173698e-12
8.3918829452445313e+20 1.8221794718331271e-10 4.9219952463688240e-12
8.9378199579858226e+20 1.8026325806320452e-10 4.9195643838962715e-12
9.5192731026638425e+20 1.7856587892994025e-10 4.9235080975647625e-12
1.0138552894225019e+21 1.7641507426739067e-10 4.9144654727128222e-12
1.0798120159010251e+21 1.7454029464024764e-10 4.9126305135671334e-12
1.1500595813317628e+21 1.7271277797187041e-10 4.9123357722009582e-12
1.2248771278112914e+21 1.7077572521425494e-10 4.9098378553095399e-12
1.3045619571273829e+21 1.6895998008092889e-10 4.9091045073158890e-12
1.3894307121442348e+21 1.6807863644656552e-10 4.9371601947458829e-12
1.4798206350433470e+21 1.6509490934341513e-10 4.9047679321471328e-12
1.5760909074196194e+21 1.6319555989969534e-10 4.9006442841970723e-12
1.6786240775579102e+21 1.6276100848730895e-10 4.9413504027491028e-12
1.7878275805615644e+21 1.6113446536788814e-10 4.9461893870438309e-12
1.9041353573736050e+21 1.5784532656164750e-10 4.9029151332349286e-12
2.0280095791236469e+21 1.5661438910597738e-10 4.9198414349629298e-12
2.1599424836531234e+21 1.5367286718932270e-10 4.8819780281672849e-12
2.3004583315161835e+21 1.5234839973360491e-10 4.8968415021370587e-12
2.4501154892289771e+21 1.5143037068157980e-10 4.9227904684928215e-12
2.6095086480454336e+21 1.4998189189561990e-10 4.9269393635111892e-12
2.7792711870765329e+21 1.4795938869277796e-10 4.9228225940560127e-12
2.9600776901427279e+21 1.4483292722736561e-10 4.8714745981890745e-12
3.1526466263615553e+21 1.4340356270373773e-10 4.8826499119836587e-12
3.3577432051216380e+21 1.4186250147767972e-10 4.8890260738090719e-12
3.5761824167881039e+21 1.4115183312322351e-10 4.9213085282619408e-12
3.8088322712221516e+21 1.3796733990211099e-10 4.8651152576667068e-12
4.0566172469839958e+21 1.3813364604994601e-10 4.9283652132445857e-12
4.3205219649243515e+21 1.3155972999893813e-10 4.7428328900350997e-12
4.6015951007633795e+21 1.3470553685286902e-10 4.9220360729884446e-12
4.9009535522035665e+21 1.3314512445061212e-10 4.9265628770273179e-12
5.2197868771357302e+21 1.2736424150799713e-10 4.7609021540803241e-12
5.5593620205740396e+21 1.2497766547850566e-10 4.7302566936534323e-12
5.9210283491039767e+21 1.2323498072842383e-10 4.7229162414626116e-12
6.3062230128472432e+21 1.2172131867655794e-10 4.7231644464728901e-12
6.7164766562521669e+21 1.1991221580434972e-10 4.7136809520165350e-12
7.1534195004012023e+21 1.1693263244947536e-10 4.6580879151677358e-12
7.6187878210051412e+21 1.1949011416864651e-10 4.8363527873589896e-12
8.1144308478262305e+21 1.1938265985429091e-10 4.8919428303994956e-12
8.6423181129445299e+21 1.1186642837036824e-10 4.6344922326122011e-12
9.2045472770696749e+21 1.1031847694857580e-10 4.6346558147933388e-12
9.8033524649955867e+21 1.0863462869086774e-10 4.6171320183096442e-12
1.0441113143321364e+22 1.0859517535139511e-10 4.6757323182846736e-12
1.1120363575715362e+22 1.0561295640673189e-10 4.6135682803240461e-12
1.1843802893295859e+22 1.0355012591256634e-10 4.5911030793318825e-12
1.2614305820142176e+22 1.0879537948347531e-10 4.8890199686829922e-12
1.3434934096559683e+22 9.9602578770668873e-11 4.5438349242593697e-12
1.4308948645488569e+22 9.7602551622134504e-11 4.5128996003771476e-12
1.5239822530402958e+22 9.7374249834867653e-11 4.5660875814005453e-12
1.6231254756190631e+22 9.4265485409816397e-11 4.4872770320637312e-12
1.7287184967855348e+22 9.2492298327821258e-11 4.4664536073400654e-12
1.8411809105445973e+22 9.1881322332057437e-11 4.4871234027180088e-12
1.9609596077425381e+22 8.9657088383123606e-11 4.4595540841369880e-12
2.0885305518730154e+22 8.7859702721428780e-11 4.4246067281411677e-12
2.2244006704087608e+22 8.4122244017827661e-11 4.3241963219492593e-12
2.3691098691745180e+22 8.5308004662112313e-11 4.4244091881691435e-12
2.5232331777659439e+22 8.3619678436117587e-11 4.4059679918145338e-12
2.6873830345391328e+22 7.9661084725328007e-11 4.2824054705707511e-12
2.8622117202513560e+22 7.7898259604078079e-11 4.2597412308488771e-12
3.0484139500229970e+22 7.6267543574513133e-11 4.2368407728900488e-12
3.2467296339205563e+22 7.6728591180670163e-11 4.3057617331494240e-12
3.4579468171303360e+22 7.3610916557662425e-11 4.2248673062092640e-12
3.6829048114064805e+22 7.3779529941841684e-11 4.2757399864567093e-12
3.9224975302359484e+22 7.2557378116582413e-11 4.2916388045435535e-12
4.1776770409744304e+22 7.0366316643460068e-11 4.2154979493216521e-12
4.4494573480674767e+22 6.9529574678839151e-11 4.2876767564688055e-12
4.7389184223905243e+22 6.7977270329159899e-11 4.2134593021680211e-12
5.0472104927190237e+22 6.6589843145096636e-11 4.2543019002680954e-12
5.3755586163821379e+22 6.5043521435973128e-11 4.2268528471742940e-12
5.7252675472611609e+22 6.3710017170848878e-11 4.1687365465965729e-12
6.0977269204781856e+22 6.1607919783784393e-11 4.0991223682977721e-12
6.4944167743761672e+22 6.0706829162597395e-11 4.1130753514396972e-12
6.9169134317335042e+22 5.9811603286244868e-11 4.1314934584041257e-12
7.3668957635830648e+22 5.7558359197143276e-11 4.0684388446791273e-12
7.8461518605268493e+22 5.6817762536151342e-11 4.0705565421420079e-12
8.3565861380542672e+22 5.6330689973764654e-11 4.1137631277381264e-12
8.9002269041006888e+22 5.3870740630823210e-11 4.0266370652352615e-12
9.4792344189156872e+22 5.3699870068696389e-11 4.1155311646069197e-12
1.0095909479269077e+23 5.7229056035318838e-11 4.4334079379738188e-12
