# k_modes P_scalar P_tensor
4.8191790174752270e-05 2.6294426129405864e-09 3.1180771090902043e-10
5.1256674887673502e-05 2.6245715247401878e-09 3.1151617833215792e-10
5.4516479072758675e-05 2.6197054726301760e-09 3.1122470859100430e-10
5.7983599150815567e-05 2.6148434757305683e-09 3.1093318606712265e-10
6.1671219925911629e-05 2.6099855515048970e-09 3.1064161191885477e-10
6.5593364724698448e-05 2.6051325756087256e-09 3.1035008987953521e-10
6.9764948724479489e-05 2.6002838910724403e-09 3.1005854277323180e-10
7.4201835672817258e-05 2.5954395054987333e-09 3.0976697141089783e-10
7.8920898214375555e-05 2.5905999654592079e-09 3.0947544005714976e-10
8.3940082054405953e-05 2.5857648590982719e-09 3.0918390032995755e-10
8.9278474202881994e-05 2.5809342777613405e-09 3.0889236304812212e-10
9.4956375558800086e-05 2.5761083639069695e-09 3.0860084527181567e-10
1.0099537811067134e-04 2.5712863538875171e-09 3.0830925565247023e-10
1.0741844704678371e-04 2.5664693237145728e-09 3.0801772232824998e-10
1.1425000808748382e-04 2.5616567960780111e-09 3.0772618880806171e-10
1.2151604037158657e-04 2.5568483591238429e-09 3.0743460543217828e-10
1.2924417525014340e-04 2.5520449570628967e-09 3.0714308634131398e-10
1.3746380136326098e-04 2.5472454529785410e-09 3.0685149350128177e-10
1.4620617639955966e-04 2.5424511845435554e-09 3.0655998856203401e-10
1.5550454596327109e-04 2.5376609081014387e-09 3.0626842206954009e-10
1.6539427000100313e-04 2.5328748013319697e-09 3.0597681491855816e-10
1.7591295726895222e-04 2.5280936319550819e-09 3.0568525961091465e-10
1.8710060835191284e-04 2.5233172299195515e-09 3.0539373628692326e-10
1.9899976777796102e-04 2.5185444619683787e-09 3.0510210753009287e-10
2.1165568580727468e-04 2.5137768740962181e-09 3.0481056004610882e-10
2.2511649051034299e-04 2.5090134936913731e-09 3.0451897676797214e-10
2.3943337078994497e-04 2.5042550588973998e-09 3.0422744662527123e-10
2.5466077104289845e-04 2.4995009583386388e-09 3.0393589593774907e-10
2.7085659820183684e-04 2.4947510669982433e-09 3.0364430865503614e-10
2.8808244194435849e-04 2.4900048348969176e-09 3.0335261862535551e-10
3.0640380890695901e-04 2.4852645490922255e-09 3.0306110399758582e-10
3.2589037179442290e-04 2.4805283803813259e-09 3.0276954186704332e-10
3.4661623433198486e-04 2.4757960283010301e-09 3.0247789557415837e-10
3.6866021306782736e-04 2.4710689124569052e-09 3.0218633834881706e-10
3.9210613709755610e-04 2.4663462580544151e-09 3.0189477590248445e-10
4.1704316685044744e-04 2.4616275725636040e-09 3.0160314763341232e-10
4.4356613314975419e-04 2.4569139338913118e-09 3.0131158525799039e-10
4.7177589783644762e-04 2.4522044388714876e-09 3.0101997885991343e-10
5.0177973732778796e-04 2.4474992674645946e-09 3.0072834982265433e-10
5.3369175056931512e-04 2.4427993805305446e-09 3.0043681634472160e-10
5.6763329293162829e-04 2.4381032460997655e-09 3.0014519001280131e-10
6.0373343770198660e-04 2.4334118565600050e-09 2.9985359346193504e-10
6.4212946692568645e-04 2.4287248319365883e-09 2.9956197907293136e-10
6.8296739346380172e-04 2.4240424568846811e-09 2.9927038242349245e-10
7.2640251625256881e-04 2.4193645196431626e-09 2.9897877741352785e-10
7.7260001087596627e-04 2.4146904470237709e-09 2.9868709302504995e-10
8.2173555769732265e-04 2.4100216488792228e-09 2.9839550316147741e-10
8.7399600993862223e-04 2.4053570496486231e-09 2.9810387555876653e-10
9.2958010424808017e-04 2.4006973772669714e-09 2.9781229957010709e-10
9.8869921645815717e-04 2.3960416870651808e-09 2.9752065936902354e-10
1.0515781654080014e-03 2.3913905286110186e-09 2.9722902155565789e-10
1.1184560678871099e-03 2.3867437775809544e-09 2.9693737144678850e-10
1.1895872479514083e-03 2.3821019453420815e-09 2.9664577260424238e-10
1.2652422040696897e-03 2.3774644919373824e-09 2.9635415772729944e-10
1.3457086377782999e-03 2.3728314288350269e-09 2.9606252856734501e-10
1.4312925477558457e-03 2.3682029171075239e-09 2.9577090447981150e-10
1.5223193934784849e-03 2.3635786567861916e-09 2.9547924847002949e-10
1.6191353328809622e-03 2.3589590193066701e-09 2.9518760735488407e-10
1.7221085387299829e-03 2.3543438483186871e-09 2.9489596083611797e-10
1.8316305987158316e-03 2.3497330389269588e-09 2.9460429595689856e-10
1.9481180045865510e-03 2.3451271150331615e-09 2.9431267856370937e-10
2.0720137359875419e-03 2.3405255828832788e-09 2.9402104675960878e-10
2.2037889450296426e-03 2.3359279478956645e-09 2.9372933843517873e-10
2.3439447479917989e-03 2.3313354882352481e-09 2.9343771390601712e-10
2.4930141309718015e-03 2.3267472682332077e-09 2.9314605503101573e-10
2.6515639767319432e-03 2.3221639259106710e-09 2.9285444362736685e-10
2.8201972204473006e-03 2.3175845794184423e-09 2.9256276762127785e-10
2.9995551425545447e-03 2.3130096722579558e-09 2.9227108289657073e-10
3.1903198074205580e-03 2.3084395808377529e-09 2.9197943671314112e-10
3.3932166571046304e-03 2.3038737927031534e-09 2.9168776499880563e-10
3.6090172700778780e-03 2.2993128076705112e-09 2.9139613071706284e-10
3.8385422953907075e-03 2.2947561679646246e-09 2.9110447543422292e-10
4.0826645734464437e-03 2.2902029095948628e-09 2.9081267745426083e-10
4.3423124552488630e-03 2.2856561292390299e-09 2.9052112942880213e-10
4.6184733327460457e-03 2.2811123385730198e-09 2.9022938902465672e-10
4.9121973936958217e-03 2.2765737838343701e-09 2.8993774054632358e-10
5.2246016153318408e-03 2.2720395169824036e-09 2.8964606449104252e-10
5.5568740120174329e-03 2.2675098844343863e-09 2.8935440424931241e-10
5.9102781530402842e-03 2.2629839583835462e-09 2.8906264180930028e-10
6.2861579677282141e-03 2.2584632783826276e-09 2.8877097340939571e-10
6.6859428561591040e-03 2.2539471700425304e-09 2.8847931340308354e-10
7.1111531248999101e-03 2.2494351294027475e-09 2.8818759667233064e-10
7.5634057684459497e-03 2.2449278008021850e-09 2.8789590603185701e-10
8.0444206183461556e-03 2.2404253287924676e-09 2.8760426040320482e-10
8.5560268833982135e-03 2.2359262868218182e-09 2.8731247598877094e-10
9.1001701057848491e-03 2.2314328454775398e-09 2.8702083174914592e-10
9.6789195596039528e-03 2.2269434405869998e-09 2.8672912709173502e-10
1.0294476119927912e-02 2.2224585834815189e-09 2.8643742762962082e-10
1.0949180632316612e-02 2.2179777450707132e-09 2.8614566443625833e-10
1.1645522814611845e-02 2.2135020410178878e-09 2.8585398257838018e-10
1.2386150724864875e-02 2.2090308626066846e-09 2.8556230236820869e-10
1.3173880831402087e-02 2.2045638069545843e-09 2.8527057267322900e-10
1.4011708723323055e-02 2.2001012788910418e-09 2.8497884508593596e-10
1.4902820502161195e-02 2.1956434195778012e-09 2.8468713848957446e-10
1.5850604898027299e-02 2.1911900524770632e-09 2.8439542944583927e-10
1.6858666156311281e-02 2.1867409937262298e-09 2.8410369463365008e-10
1.7930837743948023e-02 2.1822964262025166e-09 2.8381195708746627e-10
1.9071196927369451e-02 2.1778565104575009e-09 2.8352023833408415e-10
2.0284080277580160e-02 2.1734207038827158e-09 2.8322846756556705e-10
2.1574100161319477e-02 2.1689899093951202e-09 2.8293676233084923e-10
2.2946162281022617e-02 2.1645635135025366e-09 2.8264504241096144e-10
2.4405484330282379e-02 2.1601411779420559e-09 2.8235326408651997e-10
2.5957615835754216e-02 2.1557236833147463e-09 2.8206152874990686e-10
2.7608459260959974e-02 2.1513109039656821e-09 2.8176982060621836e-10
2.9364292452244017e-02 2.1469024457323499e-09 2.8147808774606034e-10
3.1231792512239322e-02 2.1424982979736481e-09 2.8118632888212561e-10
3.3218061191630253e-02 2.1380989673728835e-09 2.8089461037236441e-10
3.5330651895771552e-02 2.1337034619313525e-09 2.8060280178724325e-10
3.7577598408865022e-02 2.1293130773719178e-09 2.8031107375344835e-10
3.9967445444926399e-02 2.1249270124532069e-09 2.8001932041046243e-10
4.2509281141722033e-02 2.1205452298539089e-09 2.7972753750139475e-10
4.5212771621243410e-02 2.1161685152482789e-09 2.7943582764215176e-10
4.8088197748147196e-02 2.1117957689991876e-09 2.7914404690785756e-10
5.1146494225945284e-02 2.1074274312453373e-09 2.7885225254900707e-10
5.4399291179621008e-02 2.1030638359022429e-09 2.7856048888730836e-10
5.7858958382802070e-02 2.0987046787559108e-09 2.7826871564790961e-10
6.1538652297677632e-02 2.0943501566187138e-09 2.7797695897536885e-10
6.5452366106544188e-02 2.0899995484984599e-09 2.7768512288262716e-10
6.9614982925239738e-02 2.0856540306582824e-09 2.7739336416733782e-10
7.4042332400827804e-02 2.0813129734295610e-09 2.7710159899033145e-10
7.8751250908761117e-02 2.0769763941644882e-09 2.7680982953053924e-10
8.3759645578443689e-02 2.0726438362944659e-09 2.7651799470537264e-10
8.9086562390667964e-02 2.0683161185696122e-09 2.7622620375085991e-10
9.4752258605889858e-02 2.0639931051843927e-09 2.7593443879565628e-10
1.0077827979877127e-01 2.0596742648744274e-09 2.7564262878113559e-10
1.0718754179193897e-01 2.0553602167940853e-09 2.7535085634160136e-10
1.1400441780053837e-01 2.0510506072431674e-09 2.7505907422747927e-10
1.2125483111897557e-01 2.0467450168146002e-09 2.7476722633481915e-10
1.2896635370231990e-01 2.0424445709916966e-09 2.7447546306703822e-10
1.3716831101725099e-01 2.0381482253202123e-09 2.7418364501161096e-10
1.4589189356128041e-01 2.0338561642154114e-09 2.7389179694764380e-10
1.5517027547433423e-01 2.0295686856334176e-09 2.7359995799135535e-10
1.6503874069375288e-01 2.0252863896191830e-09 2.7330820934998695e-10
1.7553481713245417e-01 2.0210077190751066e-09 2.7301634170596389e-10
1.8669841939051138e-01 2.0167343156305451e-09 2.7272457580929725e-10
1.9857200054285287e-01 2.0124649840856392e-09 2.7243275059228071e-10
2.1120071358030365e-01 2.0082002478161144e-09 2.7214093691592135e-10
2.2463258311789666e-01 2.0039397652027379e-09 2.7184908822747248e-10
2.3891868802343180e-01 1.9996841269558714e-09 2.7155728473714231e-10
2.5411335566078064e-01 1.9954329561773059e-09 2.7126547552750082e-10
2.7027436848660985e-01 1.9911860483622808e-09 2.7097363214373780e-10
2.8746318378617158e-01 1.9869437104335088e-09 2.7068179735204441e-10
3.0574516738377400e-01 1.9827055100571873e-09 2.7038991125618661e-10
3.2518984221668790e-01 1.9784723303217810e-09 2.7009809447265589e-10
3.4587115271777297e-01 1.9742433294063078e-09 2.6980623204704726e-10
3.6786774601221572e-01 1.9700190207369575e-09 2.6951439484126711e-10
3.9126327099772068e-01 1.9657990624282792e-09 2.6922253508704675e-10
4.1614669644550040e-01 1.9615835349293756e-09 2.6893066447097456e-10
4.4261264933173894e-01 1.9573728081984020e-09 2.6863883321631999e-10
4.7076177468614661e-01 1.9531664147395680e-09 2.6834697796531488e-10
5.0070111832603359e-01 1.9489644720912868e-09 2.6805511363286179e-10
5.3254453393137458e-01 1.9447670882085147e-09 2.6776325615961430e-10
5.6641311600889077e-01 1.9405741269024216e-09 2.6747138663125923e-10
6.0243566039163121e-01 1.9363857529023642e-09 2.6717952688040410e-10
6.4074915402524690e-01 1.9322016208757677e-09 2.6688763027654109e-10
6.8149929590352287e-01 1.9280222009359971e-09 2.6659576070107576e-10
7.2484105113417974e-01 1.9238472472211745e-09 2.6630388538309969e-10
7.7093924024197469e-01 1.9196765565940674e-09 2.6601197532281670e-10
8.1996916595008074e-01 1.9155109412932599e-09 2.6572014317253170e-10
8.7211727982329801e-01 1.9113495430932275e-09 2.6542827004377665e-10
9.2758189130820667e-01 1.9071926219591094e-09 2.6513639219342079e-10
9.8657392186660864e-01 1.9030396362081207e-09 2.6484443455962713e-10
1.0493177070700861e+00 1.8988918129185846e-09 2.6455256645535856e-10
1.1160518497058904e+00 1.8947482402571079e-09 2.6426066206487263e-10
1.1870301271383625e+00 1.8906095851444093e-09 2.6396881415505999e-10
1.2625224563764101e+00 1.8864745991821345e-09 2.6367684902777393e-10
1.3428159205170136e+00 1.8823448931523713e-09 2.6338499029150855e-10
1.4282158604681134e+00 1.8782192626501500e-09 2.6309307080119116e-10
1.5190470361025401e+00 1.8740978724331846e-09 2.6280111313147036e-10
1.6156548612585790e+00 1.8699817667722110e-09 2.6250926320866551e-10
1.7184067172836857e+00 1.8658694272797558e-09 2.6221730901133048e-10
1.8276933501164945e+00 1.8617620773186406e-09 2.6192542127319016e-10
1.9439303562199648e+00 1.8576587486870884e-09 2.6163346465791189e-10
2.0675597630163831e+00 1.8535603554178176e-09 2.6134156726969074e-10
2.1990517098343254e+00 1.8494658305242642e-09 2.6104957898372071e-10
2.3389062357598958e+00 1.8453769640691512e-09 2.6075775224524161e-10
2.4876551811911076e+00 1.8412916053379686e-09 2.6046578367913522e-10
2.6458642103266676e+00 1.8372109865002085e-09 2.6017384723899083e-10
2.8141349622802663e+00 1.8331351354361091e-09 2.5988194647480499e-10
2.9931073390007437e+00 1.8290633038568217e-09 2.5958997590490465e-10
3.1834619386985512e+00 1.8249960987176287e-09 2.5929802097661182e-10
3.3859226440324539e+00 1.8209335750369912e-09 2.5900609018811708e-10
3.6012593748988175e+00 1.8168755248700010e-09 2.5871415374748987e-10
3.8302910162918402e+00 1.8128219736511523e-09 2.5842221502930951e-10
4.0738885323688150e+00 1.8087726452280285e-09 2.5813023473651364e-10
4.3329782785626323e+00 1.8047280887586106e-09 2.5783829130731118e-10
4.6085455243368685e+00 1.8006879112989024e-09 2.5754632872191997e-10
4.9016381999798257e+00 1.7966520803224248e-09 2.5725434226641870e-10
5.2133708816858366e+00 1.7926209436480024e-09 2.5696238137068192e-10
5.5449290300784790e+00 1.7885945450094222e-09 2.5667045247243142e-10
5.8975734982938173e+00 1.7845722973591160e-09 2.5637847125793317e-10
6.2726453267672033e+00 1.7805546496255497e-09 2.5608650305233390e-10
6.6715708429572524e+00 1.7765414903841524e-09 2.5579453065849824e-10
7.0958670854002905e+00 1.7725325716824828e-09 2.5550251905248938e-10
7.5471475727219275e+00 1.7685285164251774e-09 2.5521055738405233e-10
8.0271284395442279e+00 1.7645289199646900e-09 2.5491858786220455e-10
8.5376349626221675e+00 1.7605336337406813e-09 2.5462658902333424e-10
9.0806085020270455e+00 1.7565429078427057e-09 2.5433459654303175e-10
9.6581138837728950e+00 1.7525568181393264e-09 2.5404262147379041e-10
1.0272347251960488e+01 1.7485748293460522e-09 2.5375058687091370e-10
1.0925644420299472e+01 1.7445974149201302e-09 2.5345856043354011e-10
1.1620489754767506e+01 1.7406249299525250e-09 2.5316659441060114e-10
1.2359525621185758e+01 1.7366568139226250e-09 2.5287460708814887e-10
1.3145562433638021e+01 1.7326928517315308e-09 2.5258256741818608e-10
1.3981589341945664e+01 1.7287337027243380e-09 2.5229057100385323e-10
1.4870785598840929e+01 1.7247788618787981e-09 2.5199854438825469e-10
1.5816532650065739e+01 1.7208287789082902e-09 2.5170655273747146e-10
1.6822426993372424e+01 1.7168828382729011e-09 2.5141450758654458e-10
1.7892293855326727e+01 1.7129416232539485e-09 2.5112249236092369e-10
1.9030201737923189e+01 1.7090047004982852e-09 2.5083044473278765e-10
2.0240477890331501e+01 1.7050721726613059e-09 2.5053837913286529e-10
2.1527724764609211e+01 1.7011448746086905e-09 2.5024641859985492e-10
2.2896837517959337e+01 1.6972213456219279e-09 2.4995434843035038e-10
2.4353022628090404e+01 1.6933027427733146e-09 2.4966233852609435e-10
2.5901817692469702e+01 1.6893884752848773e-09 2.4937030212154687e-10
2.7549112486762560e+01 1.6854787576085428e-09 2.4907827096283666e-10
2.9301171362538902e+01 1.6815731400757401e-09 2.4878617800522264e-10
3.1164657069421391e+01 1.6776724203048323e-09 2.4849414142617479e-10
3.3146656092266227e+01 1.6737762282124508e-09 2.4820210702828460e-10
3.5254705599729242e+01 1.6698840446655826e-09 2.4790999726642148e-10
3.7496822106697209e+01 1.6659969489775707e-09 2.4761797194021083e-10
3.9881531959583143e+01 1.6621141008698942e-09 2.4732590699285493e-10
4.2417903760414134e+01 1.6582358466705494e-09 2.4703385350413447e-10
4.5115582853015425e+01 1.6543618178007022e-09 2.4674175679857823e-10
4.7984828002434675e+01 1.6504926186597261e-09 2.4644970684572547e-10
5.1036550407091589e+01 1.6466276827278590e-09 2.4615761883135293e-10
5.4282355192008630e+01 1.6427673173664298e-09 2.4586553930247818e-10
5.7734585540913756e+01 1.6389113573167803e-09 2.4557344248990094e-10
6.1406369635041344e+01 1.6350600314918606e-09 2.4528136364585207e-10
6.5311670577130627e+01 1.6312130660480441e-09 2.4498926133380052e-10
6.9465339490473298e+01 1.6273708374163540e-09 2.4469719210388114e-10
7.3883171994935353e+01 1.6235330118782030e-09 2.4440510543109453e-10
7.8581968274722470e+01 1.6196998132326569e-09 2.4411303561222726e-10
8.3579596966313105e+01 1.6158709820695279e-09 2.4382094320118369e-10
8.8895063109514709e+01 1.6120463711343523e-09 2.4352880609549664e-10
9.4548580420047358e+01 1.6082266890457275e-09 2.4323673141379476e-10
1.0056164815849429e+02 1.6044111954852600e-09 2.4294460687392363e-10
1.0695713288793695e+02 1.6006003603032359e-09 2.4265250338866222e-10
1.1375935543118382e+02 1.5967936522972867e-09 2.4236034110812030e-10
1.2099418335827482e+02 1.5929918090250170e-09 2.4206823118029223e-10
1.2868912935597393e+02 1.5891944283612177e-09 2.4177611312541918e-10
1.3687345585333065e+02 1.5854012914520546e-09 2.4148395355974715e-10
1.4557828630118047e+02 1.5816132715907915e-09 2.4119188465836137e-10
1.5483672352876269e+02 1.5778293591361874e-09 2.4089975378106273e-10
1.6468397562753898e+02 1.5740498337725725e-09 2.4060760282183145e-10
1.7515748984092818e+02 1.5702748852477612e-09 2.4031546096510413e-10
1.8629709496911380e+02 1.5665043911105733e-09 2.4002330905787620e-10
1.9814515283046316e+02 1.5627386164987045e-09 2.3973118875324410e-10
2.1074671935553673e+02 1.5589772813925505e-09 2.3943905571128463e-10
2.2414971592629868e+02 1.5552199996687904e-09 2.3914685163519558e-10
2.3840511161209884e+02 1.5514673509487332e-09 2.3885466494064566e-10
2.5356711699543555e+02 1.5477195981233700e-09 2.3856253637299183e-10
2.6969339032457970e+02 1.5439763690049086e-09 2.3827040873992932e-10
2.8684525677702680e+02 1.5402374087866959e-09 2.3797824287171296e-10
3.0508794166758440e+02 1.5365026923035545e-09 2.3768603421564372e-10
3.2449081848794918e+02 1.5327729658674097e-09 2.3739389870046219e-10
3.4512767272101826e+02 1.5290475164695476e-09 2.3710172567060630e-10
3.6707698243317128e+02 1.5253267109313369e-09 2.3680957202720247e-10
3.9042221671156290e+02 1.5216104917218178e-09 2.3651742876241321e-10
4.1525215308132630e+02 1.5178980871020071e-09 2.3622517649182559e-10
4.4166121510976603e+02 1.5141904689192620e-09 2.3593296561190790e-10
4.6974983148138426e+02 1.5104875035921297e-09 2.3564077555320486e-10
4.9962481790923732e+02 1.5067892237654219e-09 2.3534861133108232e-10
5.3139978333495253e+02 1.5030950589354384e-09 2.3505638400931534e-10
5.6519556196212250e+02 1.4994056503707752e-09 2.3476419381545099e-10
6.0114067276599894e+02 1.4957207426013073e-09 2.3447200084216430e-10
6.3937180822692937e+02 1.4920403006769915e-09 2.3417979947297904e-10
6.8003435414609214e+02 1.4883641323190180e-09 2.3388755939734215e-10
7.2328294252029104e+02 1.4846926256977430e-09 2.3359534179502181e-10
7.6928203957828941e+02 1.4810259773762640e-09 2.3330317739571377e-10
8.1820657121487511e+02 1.4773633982208780e-09 2.3301094209485765e-10
8.7024258820106206e+02 1.4737051091501139e-09 2.3271867075287965e-10
9.2558797370010245e+02 1.4700518612914443e-09 2.3242648138854643e-10
9.8445319577984583e+02 1.4664028434052193e-09 2.3213424644618865e-10
1.0470621077831363e+03 1.4627584666405681e-09 2.3184203075545092e-10
1.1136527995998697e+03 1.4591181926170498e-09 2.3154974896441360e-10
1.1844785030779647e+03 1.4554827688275676e-09 2.3125751923997573e-10
1.2598085550163421e+03 1.4518519061361988e-09 2.3096529623793949e-10
1.3399294214019997e+03 1.4482252625966075e-09 2.3067302541034633e-10
1.4251457867861582e+03 1.4446032801347619e-09 2.3038077667604432e-10
1.5157817129421726e+03 1.4409860560018521e-09 2.3008856624278696e-10
1.6121818712113691e+03 1.4373727962592201e-09 2.2979626725329180e-10
1.7147128532231795e+03 1.4337644128399332e-09 2.2950402473981091e-10
1.8237645649740070e+03 1.4301603454602970e-09 2.2921174964214253e-10
1.9397517095662138e+03 1.4265606209366482e-09 2.2891944603302656e-10
2.0631153642458644e+03 1.4229659757421136e-09 2.2862723174447124e-10
2.1943246577363311e+03 1.4193753987440349e-09 2.2833494513951397e-10
2.3338785542463970e+03 1.4157893358216281e-09 2.2804265739945808e-10
2.4823077509370814e+03 1.4122077792876731e-09 2.2775036720450841e-10
2.6401766960629002e+03 1.4086307468093346e-09 2.2745807784464328e-10
2.8080857354621749e+03 1.4050581375417713e-09 2.2716577221440526e-10
2.9866733955590835e+03 1.4014903027653278e-09 2.2687350761961381e-10
3.1766188115592818e+03 1.3979266608761155e-09 2.2658119005615557e-10
3.3786443100730667e+03 1.3943676848374645e-09 2.2628889573717244e-10
3.5935181559873167e+03 1.3908133722163335e-09 2.2599662466614528e-10
3.8220574740320017e+03 1.3872632409344659e-09 2.2570429829979398e-10
4.0651313561515349e+03 1.3837176686979962e-09 2.2541197784014418e-10
4.3236641664975796e+03 1.3801765847459475e-09 2.2511965204443025e-10
4.5986390566116688e+03 1.3766398790748835e-09 2.2482730316292208e-10
4.8911017041651958e+03 1.3731079637585756e-09 2.2453499773165183e-10
5.2021642894744255e+03 1.3695803136892482e-09 2.2424265036360664e-10
5.5330097249126911e+03 1.3660574500947793e-09 2.2395034619201154e-10
5.8848961533030015e+03 1.3625390945126315e-09 2.2365804026569479e-10
6.2591617323981991e+03 1.3590249642337748e-09 2.2336568507210198e-10
6.6572297236424520e+03 1.3555153182488573e-09 2.2307332364984356e-10
7.0806139045664213e+03 1.3520102252923197e-09 2.2278096756204340e-10
7.5309243253976383e+03 1.3485099432467528e-09 2.2248865874298868e-10
8.0098734317782319e+03 1.3450138738122752e-09 2.2219629929862604e-10
8.5192825768726507e+03 1.3415221993437923e-09 2.2190391843934119e-10
9.0610889476306620e+03 1.3380352497199243e-09 2.2161157118569001e-10
9.6373529315439009e+03 1.3345528288669957e-09 2.2131922478703974e-10
1.0250265951911200e+04 1.3310748403156774e-09 2.2102686329532560e-10
1.0902158801408406e+04 1.3276013101336475e-09 2.2073449114955827e-10
1.1595510505653265e+04 1.3241321215183429e-09 2.2044208915108152e-10
1.2332957750472866e+04 1.3206677548650289e-09 2.2014973686466809e-10
1.3117304908722435e+04 1.3172078090366088e-09 2.1985736718558450e-10
1.3951534704787031e+04 1.3137520698716338e-09 2.1956494515961850e-10
1.4838819557319699e+04 1.3103012977356643e-09 2.1927259705892507e-10
1.5782533643352011e+04 1.3068546053428842e-09 2.1898017505204381e-10
1.6786265729652780e+04 1.3034125821738032e-09 2.1868777712784826e-10
1.7853832820132058e+04 1.2999752722396396e-09 2.1839541045045776e-10
1.8989294671187006e+04 1.2965422545199635e-09 2.1810300621384557e-10
2.0196969230190352e+04 1.2931137839748417e-09 2.1781060505584382e-10
2.1481449055830511e+04 1.2896896609040266e-09 2.1751817458862910e-10
2.2847618782745980e+04 1.2862701111774072e-09 2.1722575238161498e-10
2.4300673696870730e+04 1.2828551883353471e-09 2.1693334765300690e-10
2.5846139492126516e+04 1.2794445952605323e-09 2.1664090980631880e-10
2.7489893283596004e+04 1.2760388504554305e-09 2.1634852702037451e-10
2.9238185957082678e+04 1.2726372344917815e-09 2.1605607735352599e-10
3.1097665940052095e+04 1.2692403475685451e-09 2.1576366228466983e-10
3.3075404484347280e+04 1.2658476934891690e-09 2.1547119812158946e-10
3.5178922556827492e+04 1.2624595929022980e-09 2.1517873848315985e-10
3.7416219440186498e+04 1.2590761932368985e-09 2.1488630891041133e-10
3.9795803152717039e+04 1.2556974310011396e-09 2.1459389853707722e-10
4.2326722802701093e+04 1.2523228034596558e-09 2.1430142184584239e-10
4.5018603000461677e+04 1.2489527847838199e-09 2.1400895971781016e-10
4.7881680458942887e+04 1.2455873114230803e-09 2.1371650050786202e-10
5.0926842921998097e+04 1.2422264100745797e-09 2.1342404971618130e-10
5.4165670568428861e+04 1.2388698717633434e-09 2.1313157111675939e-10
5.7610480049220321e+04 1.2355180802435354e-09 2.1283913072361699e-10
6.1274371325444794e+04 1.2321704890359386e-09 2.1254663449306891e-10
6.5171277484942395e+04 1.2288275154589640e-09 2.1225415382733791e-10
6.9316017727229555e+04 1.2254889477405886e-09 2.1196165269876251e-10
7.3724353718119353e+04 1.2221551162249088e-09 2.1166918804873818e-10
7.8413049528366158e+04 1.2188256782383752e-09 2.1137670085707986e-10
8.3399935384267403e+04 1.2155004841522877e-09 2.1108416441704961e-10
8.8703975472650884e+04 1.2121803243009659e-09 2.1079171624212813e-10
9.4345340058104863e+04 1.2088641758479633e-09 2.1049917867016284e-10
1.0034548218668927e+05 1.2055529129527138e-09 2.1020670396433502e-10
1.0672721926782864e+05 1.2022458661765901e-09 2.0991417538936771e-10
1.1351481984461569e+05 1.1989434144479527e-09 2.0962165870258600e-10
1.2073409588250922e+05 1.1956454444494530e-09 2.0932913411069351e-10
1.2841250092736928e+05 1.1923520106660278e-09 2.0903661124273868e-10
1.3657923450612070e+05 1.1890631483945028e-09 2.0874409654601381e-10
1.4526535316704589e+05 1.1857787697005136e-09 2.0845157436392688e-10
1.5450388858198508e+05 1.1824989146555233e-09 2.0815905153039747e-10
1.6432997315955933e+05 1.1792235203635760e-09 2.0786651733058485e-10
1.7478097364709334e+05 1.1759524704658147e-09 2.0757395103205516e-10
1.8589663322931671e+05 1.1726860635410109e-09 2.0728140504101080e-10
1.9771922266419791e+05 1.1694242565259517e-09 2.0698887181469742e-10
2.1029370103067427e+05 1.1661667391314770e-09 2.0669629692445284e-10
2.2366788669954753e+05 1.1629141040399308e-09 2.0640378504042870e-10
2.3789263917774055e+05 1.1596654762545197e-09 2.0611118100257354e-10
2.5302205251740833e+05 1.1564217003205688e-09 2.0581863434312710e-10
2.6911366102542361e+05 1.1531822143427684e-09 2.0552604575136069e-10
2.8622865805550345e+05 1.1499474759310623e-09 2.0523349627551714e-10
3.0443212871499010e+05 1.1467170010071797e-09 2.0494089977809918e-10
3.2379329737125430e+05 1.1434911869109576e-09 2.0464832708581951e-10
3.4438579089890490e+05 1.1402698807195426e-09 2.0435575084935254e-10
3.6628791866892402e+05 1.1370530812822439e-09 2.0406317078341482e-10
3.8958297034443181e+05 1.1338407535979818e-09 2.0377058089427596e-10
4.1435953261558578e+05 1.1306328102594075e-09 2.0347796528092639e-10
4.4071182607805164e+05 1.1274294810497640e-09 2.0318536483063682e-10
4.6874006353618030e+05 1.1242305673122429e-09 2.0289274456564760e-10
4.9855083109339938e+05 1.1210363376585357e-09 2.0260015203699916e-10
5.3025749347907689e+05 1.1178463900067898e-09 2.0230751531649015e-10
5.6398062515322340e+05 1.1146612036530224e-09 2.0201492022912283e-10
5.9984846882841841e+05 1.1114805034332139e-09 2.0172231812934844e-10
6.3799742315268971e+05 1.1083041972597023e-09 2.0142969140681896e-10
6.7857256140783965e+05 1.1051324196301778e-09 2.0113706471019197e-10
7.2172818319580844e+05 1.1019651611691532e-09 2.0084443628376049e-10
7.6762840121095185e+05 1.0988022550442659e-09 2.0055177601615899e-10
8.1644776532970311e+05 1.0956439246149790e-09 2.0025912384083680e-10
8.6837192639082484e+05 1.0924901856659008e-09 1.9996648328398514e-10
9.2359834219057730e+05 1.0893411269767570e-09 1.9967387038755396e-10
9.8233702837747079e+05 1.0861962188756477e-09 1.9938118833234496e-10
1.0448113571021964e+06 1.0830560793722010e-09 1.9908854976216506e-10
1.1112589064598205e+06 1.0799204017239398e-09 1.9879589930851585e-10
1.1819323639544644e+06 1.0767890505249061e-09 1.9850321128247966e-10
1.2571004874222835e+06 1.0736622879832475e-09 1.9821053439723880e-10
1.3370491270668174e+06 1.0705401481394342e-09 1.9791787436039577e-10
1.4220823124934672e+06 1.0674223646226099e-09 1.9762518228729083e-10
1.5125234088767299e+06 1.0643092886807662e-09 1.9733252331137595e-10
1.6087163466570454e+06 1.0612005885370742e-09 1.9703983576826076e-10
1.7110269294433766e+06 1.0580962321070408e-09 1.9674711374540474e-10
1.8198442250954302e+06 1.0549965707813461e-09 1.9645442217194651e-10
1.9355820452753345e+06 1.0519015166720173e-09 1.9616174505289726e-10
2.0586805190954029e+06 1.0488108202292105e-09 1.9586903585619145e-10
2.1896077668462051e+06 1.0457246030276527e-09 1.9557631699083577e-10
2.3288616801697267e+06 1.0426430527261499e-09 1.9528362373664402e-10
2.4769718154474972e+06 1.0395659654048564e-09 1.9499091803401981e-10
2.6345014076036066e+06 1.0364930952839029e-09 1.9469815356276119e-10
2.8020495119810253e+06 1.0334251050783899e-09 1.9440545407091864e-10
2.9802532824360598e+06 1.0303615334132236e-09 1.9411273404177997e-10
3.1697903943144497e+06 1.0273024697926695e-09 1.9382000942976849e-10
3.3713816215228615e+06 1.0242478682247778e-09 1.9352727201059699e-10
3.5857935774962832e+06 1.0211978352171874e-09 1.9323454184727957e-10
3.8138416304843118e+06 1.0181523181067311e-09 1.9294180874483423e-10
4.0563930042429361e+06 1.0151110697605424e-09 1.9264902582520032e-10
4.3143700759230535e+06 1.0120747119577521e-09 1.9235631088011032e-10
4.5887538836967787e+06 1.0090425524733828e-09 1.9206353290947831e-10
4.8805878574608164e+06 1.0060149853898801e-09 1.9177076649700585e-10
5.1909817868035138e+06 1.0029918782199859e-09 1.9147798615698832e-10
5.5211160413256101e+06 9.9997355739614622e-10 1.9118525454570253e-10
5.8722460593631584e+06 9.9695949287772582e-10 1.9089247046315018e-10
6.2457071221830184e+06 9.9395000101568356e-10 1.9059969404785497e-10
6.6429194318056516e+06 9.9094498599664849e-10 1.9030690704238586e-10
7.0653935117657343e+06 9.8794468721294025e-10 1.9001415538976497e-10
7.5147359513485096e+06 9.8494856460563080e-10 1.8972133545833467e-10
7.9926555151457731e+06 9.8195706601051263e-10 1.8942853328424724e-10
8.5009696411657371e+06 9.7897009900556638e-10 1.8913573060933689e-10
9.0416113522069138e+06 9.7598762279893435e-10 1.8884291997218039e-10
9.6166366067796946e+06 9.7300983915823479e-10 1.8855014009690161e-10
1.0228232117528707e+07 9.7003643658288603e-10 1.8825733105493376e-10
1.0878723666889083e+07 9.6706747232274234e-10 1.8796450395474754e-10
1.1570584951598309e+07 9.6410308606163731e-10 1.8767168523022667e-10
1.2306446989698943e+07 9.6114323640256154e-10 1.8737886728068940e-10
1.3089108125803936e+07 9.5818786069057066e-10 1.8708603800777529e-10
1.3921544672673808e+07 9.5523694829215468e-10 1.8679319503473047e-10
1.4806922229573183e+07 9.5229064891104922e-10 1.8650036740631982e-10
1.5748607720447648e+07 9.4934895411938479e-10 1.8620755388906853e-10
1.6750182197701294e+07 9.4641158345338129e-10 1.8591469928917095e-10
1.7815454460263435e+07 9.4347872693006956e-10 1.8562184107014982e-10
1.8948475537733469e+07 9.4055034911320731e-10 1.8532897198419891e-10
2.0153554095682222e+07 9.3762665467123095e-10 1.8503613228973679e-10
2.1435272820695471e+07 9.3470733222850881e-10 1.8474326072890765e-10
2.2798505847466528e+07 9.3179256514088509e-10 1.8445039328817438e-10
2.4248437294212315e+07 9.2888243762812775e-10 1.8415754678471141e-10
2.5790580976897057e+07 9.2597673287801587e-10 1.8386467824347782e-10
2.7430801377235249e+07 9.2307540697078075e-10 1.8357177912658212e-10
2.9175335944210421e+07 9.2017857227225962e-10 1.8327887085975245e-10
3.1030818813917045e+07 9.1728661173689435e-10 1.8298603032472283e-10
3.3004306037930403e+07 9.1439874482839669e-10 1.8269310220901330e-10
3.5103302416139618e+07 9.1151557344138535e-10 1.8240020619748285e-10
3.7335790036087923e+07 9.0863709489285536e-10 1.8210734150626249e-10
3.9710258627345793e+07 9.0576270656660474e-10 1.8181438783830063e-10
4.2235737846353248e+07 9.0289326855416331e-10 1.8152151732493725e-10
4.4921831614499889e+07 9.0002806339063472e-10 1.8122858663721039e-10
4.7778754640028782e+07 8.9716752100659901e-10 1.8093568122315723e-10
5.0817371262645178e+07 8.9431149789184051e-10 1.8064277266029721e-10
5.4049236768552773e+07 8.9145998396013882e-10 1.8034985871031965e-10
5.7486641333029605e+07 8.8861288190207266e-10 1.8005692005246367e-10
6.1142656757646233e+07 8.8577047301605246e-10 1.7976401297835720e-10
6.5031186179864764e+07 8.8293235371056844e-10 1.7947105661049930e-10
6.9167016944047824e+07 8.8009891111260703e-10 1.7917812831901882e-10
7.3565876834943607e+07 8.7726983399162299e-10 1.7888516575140031e-10
7.8244493887484252e+07 8.7444538996812755e-10 1.7859222261795304e-10
8.3220660000351638e+07 8.7162535673168856e-10 1.7829925399510019e-10
8.8513298595211551e+07 8.6880987602857147e-10 1.7800628849501664e-10
9.4142536578921705e+07 8.6599894499504711e-10 1.7771332624653109e-10
1.0012978088236219e+08 8.6319260938550462e-10 1.7742037585109098e-10
1.0649779986695828e+08 8.6039085169830977e-10 1.7712743382870172e-10
1.1327080990846899e+08 8.5759321116638418e-10 1.7683440576136405e-10
1.2047456748729701e+08 8.5480034523426724e-10 1.7654142649286564e-10
1.2813646713552998e+08 8.5201207113815343e-10 1.7624845888390870e-10
1.3628564561317772e+08 8.4922821477906097e-10 1.7595546639471961e-10
1.4495309270978397e+08 8.4644895148933020e-10 1.7566248546434430e-10
1.5417176909275025e+08 8.4367429618054219e-10 1.7536951945319372e-10
1.6397673165054280e+08 8.4090397872416718e-10 1.7507651200811899e-10
1.7440526680742550e+08 8.3813817811245059e-10 1.7478350040413436e-10
1.8549703231671032e+08 8.3537680508919437e-10 1.7449046587901696e-10
1.9729420807171375e+08 8.3262011529195284e-10 1.7419746166418912e-10
2.0984165650793454e+08 8.2986787422155831e-10 1.7390443882649318e-10
2.2318709320644832e+08 8.2712026999321339e-10 1.7361143676254191e-10
2.3738126834726134e+08 8.2437706443259459e-10 1.7331840559262735e-10
2.5247815970268166e+08 8.2163832328356709e-10 1.7302535899481023e-10
2.6853517790460378e+08 8.1890422513421257e-10 1.7273233440148614e-10
2.8561338476633102e+08 8.1617456600616549e-10 1.7243928885000731e-10
3.0377772548913318e+08 8.1344947686439340e-10 1.7214625021045529e-10
3.2309727563660818e+08 8.1072918111725778e-10 1.7185326544070190e-10
3.4364550381601918e+08 8.0801299604682755e-10 1.7156018988482949e-10
3.6550055106557298e+08 8.0530139394757957e-10 1.7126712435233144e-10
3.8874552801005179e+08 8.0259435029244180e-10 1.7097406265553504e-10
4.1346883091484129e+08 7.9989185636373680e-10 1.7068100330915657e-10
4.3976447784028322e+08 7.9719391244960270e-10 1.7038794619283708e-10
4.6773246617462307e+08 7.9450035548198369e-10 1.7009485679231026e-10
4.9747915290523416e+08 7.9181134710528992e-10 1.6980176931542690e-10
5.2911765907417500e+08 7.8912697759383337e-10 1.6950870304788541e-10
5.6276829995621169e+08 7.8644698451627772e-10 1.6921560219161907e-10
5.9855904259511113e+08 7.8377174579813829e-10 1.6892254754798552e-10
6.3662599243819499e+08 7.8110080696829694e-10 1.6862944097604934e-10
6.7711391091967714e+08 7.7843433383684462e-10 1.6833631891633589e-10
7.2017676596114016e+08 7.7577283765161132e-10 1.6804329088550028e-10
7.6597831748250198e+08 7.7311522207079943e-10 1.6775012063889324e-10
8.1469274015010178e+08 7.7046258754956533e-10 1.6745704580223404e-10
8.6650528573015821e+08 7.6781435225290488e-10 1.6716394041054589e-10
9.2161298756629086e+08 7.6517051208771645e-10 1.6687080346699853e-10
9.8022540986019671e+08 7.6253137482027648e-10 1.6657770189912671e-10
1.0425654446047724e+09 7.5989671284137922e-10 1.6628458634839037e-10
1.1088701592003932e+09 7.5726648265108279e-10 1.6599144689274130e-10
1.1793916979775147e+09 7.5464075419579479e-10 1.6569829903554994e-10
1.2543982410540493e+09 7.5201957362276778e-10 1.6540515284796261e-10
1.3341750241737576e+09 7.4940312714660057e-10 1.6511204894659724e-10
1.4190254234040730e+09 7.4679105480288370e-10 1.6481890848210583e-10
1.5092721088180690e+09 7.4418339494703649e-10 1.6452573971478104e-10
1.6052582715478811e+09 7.4158046290563012e-10 1.6423261238597454e-10
1.7073489288759596e+09 7.3898193613260713e-10 1.6393945462800262e-10
1.8159323123269372e+09 7.3638788615190584e-10 1.6364628274820664e-10
1.9314213440389600e+09 7.3379834558071714e-10 1.6335310403594324e-10
2.0542552070286741e+09 7.3121336016073844e-10 1.6305992804110745e-10
2.1849010153215423e+09 7.2863293304174724e-10 1.6276675570624494e-10
2.3238555902983632e+09 7.2605703267775919e-10 1.6247358027434583e-10
2.4716473500133643e+09 7.2348569670137569e-10 1.6218040985334953e-10
2.6288383186683674e+09 7.2091876716575779e-10 1.6188720916710698e-10
2.7960262638850002e+09 7.1835651912450583e-10 1.6159403960745990e-10
2.9738469699022226e+09 7.1579873943965288e-10 1.6130085341277447e-10
3.1629766553438568e+09 7.1324547376541556e-10 1.6100766095362260e-10
3.3641345447506828e+09 7.1069684317759098e-10 1.6071448977118835e-10
3.5780856036556916e+09 7.0815250041817418e-10 1.6042126102743000e-10
3.8056434476038566e+09 7.0561272026506075e-10 1.6012803671555297e-10
4.0476734361785541e+09 7.0307763369933472e-10 1.5983484651039972e-10
4.3050959638011103e+09 7.0054702570629872e-10 1.5954164164094908e-10
4.5788899598171606e+09 6.9802079700394725e-10 1.5924839971265568e-10
4.8700966111804848e+09 6.9549924854129108e-10 1.5895518934660353e-10
5.1798233218905582e+09 6.9298215428752049e-10 1.5866195869025888e-10
5.5092479242414360e+09 6.9046974270607058e-10 1.5836875955688617e-10
5.8596231578958292e+09 6.8796148146762794e-10 1.5807547091732548e-10
6.2322814338177376e+09 6.8545812309036768e-10 1.5778226439764957e-10
6.6286399011804485e+09 6.8295925436907934e-10 1.5748904570876700e-10
7.0502058365175123e+09 6.8046483701293903e-10 1.5719580567610175e-10
7.4985823756113691e+09 6.7797489742778148e-10 1.5690255051621334e-10
7.9754746099162798e+09 6.7548954592577429e-10 1.5660930564669598e-10
8.4826960707000542e+09 6.7300867016412412e-10 1.5631604527807733e-10
9.0221756255613575e+09 6.7053216301497393e-10 1.5602274406124585e-10
9.5959648135497150e+09 6.6806043941403990e-10 1.5572949808715513e-10
1.0206245646781467e+10 6.6559307251238399e-10 1.5543620902034953e-10
1.0855338908220974e+10 6.6313035339823246e-10 1.5514294380560892e-10
1.1545712977180531e+10 6.6067233080564320e-10 1.5484971377109223e-10
1.2279993216101278e+10 6.5821856934333095e-10 1.5455641812829718e-10
1.3060971954312210e+10 6.5576944658819506e-10 1.5426314433366245e-10
1.3891619106731855e+10 6.5332482445825963e-10 1.5396986001213410e-10
1.4775093467895079e+10 6.5088468228935396e-10 1.5367656100535667e-10
1.5714754724252737e+10 6.4844918712970962e-10 1.5338328545159475e-10
1.6714176230426632e+10 6.4601805721003813e-10 1.5308996799118077e-10
1.7777158598003201e+10 6.4359153958192057e-10 1.5279666620293809e-10
1.8907744148542450e+10 6.4116960059337062e-10 1.5250337199253350e-10
2.0110232285765701e+10 6.3875208764557224e-10 1.5221005017951375e-10
2.1389195845376881e+10 6.3633912859942518e-10 1.5191672963199191e-10
2.2749498484695000e+10 6.3393093820913469e-10 1.5162346243464749e-10
2.4196313178225368e+10 6.3152709018072516e-10 1.5133014750421117e-10
2.5735141889507542e+10 6.2912754669669747e-10 1.5103677421761759e-10
2.7371836494044781e+10 6.2673290311824670e-10 1.5074348570522454e-10
2.9112621032883865e+10 6.2434256863606748e-10 1.5045014076838341e-10
3.0964115381468945e+10 6.2195685796591724e-10 1.5015681418846068e-10
3.2933360423781338e+10 6.1957583289904469e-10 1.4986352126641538e-10
3.5027844827493401e+10 6.1719908314600034e-10 1.4957016300875535e-10
3.7255533521959084e+10 6.1482700849125229e-10 1.4927683610395872e-10
3.9624897987340446e+10 6.1245933928426970e-10 1.4898347519430660e-10
4.2144948470048691e+10 6.1009627567314288e-10 1.4869012854665942e-10
4.4825268247013329e+10 6.0773782547464755e-10 1.4839679764030359e-10
4.7676050069076370e+10 6.0538374652314357e-10 1.4810342488945317e-10
5.0708134922104462e+10 6.0303419221217542e-10 1.4781004582790302e-10
5.3933053253213097e+10 6.0068931463061130e-10 1.4751669892439689e-10
5.7363068818884216e+10 5.9834888702880469e-10 1.4722332808245377e-10
6.1011225321718353e+10 5.9601295596885868e-10 1.4692994543406503e-10
6.4891396013179535e+10 5.9368172773229047e-10 1.4663660037798132e-10
6.9018336450954102e+10 5.9135489797140090e-10 1.4634321898823580e-10
7.3407740611553192e+10 5.8903263046845452e-10 1.4604984079685417e-10
7.8076300571550262e+10 5.8671489720089964e-10 1.4575645990878084e-10
8.3041769984399475e+10 5.8440165700098009e-10 1.4546306520223264e-10
8.8323031594234283e+10 5.8209299014275523e-10 1.4516967666920584e-10
9.3940169043380920e+10 5.7978893966689432e-10 1.4487630577591447e-10
9.9914543246668442e+10 5.7748936309517893e-10 1.4458291589047796e-10
1.0626887362295819e+11 5.7519417511678275e-10 1.4428948666023047e-10
1.1302732449281262e+11 5.7290369279535178e-10 1.4399609664004836e-10
1.2021559697084737e+11 5.7061775837421279e-10 1.4370270641924094e-10
1.2786102670223068e+11 5.6833623685476300e-10 1.4340928229376850e-10
1.3599268781498648e+11 5.6605937037386247e-10 1.4311588482963501e-10
1.4464150348341895e+11 5.6378695016183172e-10 1.4282246172996853e-10
1.5384036352312149e+11 5.6151913304735167e-10 1.4252905267602516e-10
1.6362424946474118e+11 5.5925586310025541e-10 1.4223564301695652e-10
1.7403036758214777e+11 5.5699709326309310e-10 1.4194222071839981e-10
1.8509829038087396e+11 5.5474289173457204e-10 1.4164880357042361e-10
1.9687010708490225e+11 5.5249318128352698e-10 1.4135537196645409e-10
2.0939058369404422e+11 5.5024807283053980e-10 1.4106195386649698e-10
2.2270733322060181e+11 5.4800747249324857e-10 1.4076852547699909e-10
2.3687099675267068e+11 5.4577119800268084e-10 1.4047503959234807e-10
2.5193543603266226e+11 5.4353971635446797e-10 1.4018161560619387e-10
2.6795793828335187e+11 5.4131283110973275e-10 1.3988820429106800e-10
2.8499943406038086e+11 5.3909038033761406e-10 1.3959476361777190e-10
3.0312472895968628e+11 5.3687253052988965e-10 1.3930133530773613e-10
3.2240275006095734e+11 5.3465898575304323e-10 1.3900784491662721e-10
3.4290680804433093e+11 5.3245009129538401e-10 1.3871437994176393e-10
3.6471487597707715e+11 5.3024582337472856e-10 1.3842093487710260e-10
3.8790988583049176e+11 5.2804616609166637e-10 1.3812750495644294e-10
4.1258004385453876e+11 5.2585101430171819e-10 1.3783406483977717e-10
4.3881916600959735e+11 5.2366021091124215e-10 1.3754057028970326e-10
4.6672703473085980e+11 5.2147404236151107e-10 1.3724709995025894e-10
4.9640977838214746e+11 5.1929259309238870e-10 1.3695367235590576e-10
5.2798027484204224e+11 5.1711551542932416e-10 1.3666019765612170e-10
5.6155858075720715e+11 5.1494294188978567e-10 1.3636671128123971e-10
5.9727238809516614e+11 5.1277488415552906e-10 1.3607321540952777e-10
6.3525750973279431e+11 5.1061152709550484e-10 1.3577976047662500e-10
6.7565839592706604e+11 5.0845246357110004e-10 1.3548623587459850e-10
7.1862868363218176e+11 5.0629821442338533e-10 1.3519278121207546e-10
7.6433178075192322e+11 5.0414856709695649e-10 1.3489934118349626e-10
8.1294148754911865e+11 5.0200318231355709e-10 1.3460582313154574e-10
8.6464265757525293e+11 4.9986219032184068e-10 1.3431226348883972e-10
9.1963190063371558e+11 4.9772597279901379e-10 1.3401876161011358e-10
9.7811833044980310e+11 4.9559467174625289e-10 1.3372536071505514e-10
1.0403243598907699e+12 4.9346727066249618e-10 1.3343178186343055e-10
1.1064865467600828e+12 4.9134499904771062e-10 1.3313836154739266e-10
1.1768564933821228e+12 4.8922670893991345e-10 1.3284478586719467e-10
1.2517018033984126e+12 4.8711339310230893e-10 1.3255132438672442e-10
1.3313070994137793e+12 4.8500455017622099e-10 1.3225784159992107e-10
1.4159751053625256e+12 4.8290014159716061e-10 1.3196432745883636e-10
1.5060277977104458e+12 4.8080022914005572e-10 1.3167079736724465e-10
1.6018076298706521e+12 4.7870485575595098e-10 1.3137726397147081e-10
1.7036788344892969e+12 4.7661415796816792e-10 1.3108376389032891e-10
1.8120288085537407e+12 4.7452780149710596e-10 1.3079020608693738e-10
1.9272695865902322e+12 4.7244630199342309e-10 1.3049673313841387e-10
2.0498394075534890e+12 4.7036916980976337e-10 1.3020320788191704e-10
2.1802043813669209e+12 4.6829637654126838e-10 1.2990962480109626e-10
2.3188602614507422e+12 4.6622832363399790e-10 1.2961609155587895e-10
2.4663343299788091e+12 4.6416486282493937e-10 1.2932257064077466e-10
2.6231874030332485e+12 4.6210588797558724e-10 1.2902903047553113e-10
2.7900159632824155e+12 4.6005136724708066e-10 1.2873546308312404e-10
2.9674544282919619e+12 4.5800172991831656e-10 1.2844198980065508e-10
3.1561775630952881e+12 4.5595628316621791e-10 1.2814841245918963e-10
3.3569030461976621e+12 4.5391553657638527e-10 1.2785487733212720e-10
3.5703941987724370e+12 4.5187925579829230e-10 1.2756131783784271e-10
3.7974628874275098e+12 4.4984758133095457e-10 1.2726777274382259e-10
4.0389726115808882e+12 4.4782052335236910e-10 1.2697424622577203e-10
4.2958417871863784e+12 4.4579779315844175e-10 1.2668065504027335e-10
4.5690472392962090e+12 4.4377984720494662e-10 1.2638712971154167e-10
4.8596279167426309e+12 4.4176629984130005e-10 1.2609356069175079e-10
5.1686888430643164e+12 4.3975725522914590e-10 1.2579997593431693e-10
5.4974053187027988e+12 4.3775285067742938e-10 1.2550641648740107e-10
5.8470273904483438e+12 4.3575321201740676e-10 1.2521291821490702e-10
6.2188846051323350e+12 4.3375763990229295e-10 1.2491927891182965e-10
6.6143910656430352e+12 4.3176706920911207e-10 1.2462577002805444e-10
7.0350508084925996e+12 4.2978073043858319e-10 1.2433216653902692e-10
7.4824635233842627e+12 4.2779888351693202e-10 1.2403854497046190e-10
7.9583306365305381e+12 4.2582189333783861e-10 1.2374501221681117e-10
8.4644617808567129e+12 4.2384926920796742e-10 1.2345142492006761e-10
9.0027816776935039e+12 4.2188125546201165e-10 1.2315785196184753e-10
9.5753374561295723e+12 4.1991769597065070e-10 1.2286425088978145e-10
1.0184306437857246e+13 4.1795891581723945e-10 1.2257071503425133e-10
1.0832004417116912e+13 4.1600453772341234e-10 1.2227713513403368e-10
1.1520894467225668e+13 4.1405450266277796e-10 1.2198349305703433e-10
1.2253596307181002e+13 4.1210898022837582e-10 1.2168983904689177e-10
1.3032896263957900e+13 4.1016853185609750e-10 1.2139633484513181e-10
1.3861757868385668e+13 4.0823233257082816e-10 1.2110274258746400e-10
1.4743333124896744e+13 4.0630031654363197e-10 1.2080904173626610e-10
1.5680974498005000e+13 4.0437350675887547e-10 1.2051553260446179e-10
1.6678247661097008e+13 4.0245106934044072e-10 1.2022196819148326e-10
1.7738945056015301e+13 4.0053301112351737e-10 1.1992835217142452e-10
1.8867100315000055e+13 3.9861950093381423e-10 1.1963473295436986e-10
2.0067003599831500e+13 3.9671048088942242e-10 1.1934109298893856e-10
2.1343217916507336e+13 3.9480582495512971e-10 1.1904739854915270e-10
2.2700596467493773e+13 3.9290557500027605e-10 1.1875365931991924e-10
2.4144301107539969e+13 3.9101077020650548e-10 1.1846018279452622e-10
2.5679821973237801e+13 3.8912019534454801e-10 1.1816661357834483e-10
2.7312998360977523e+13 3.8723357877083659e-10 1.1787285951419644e-10
2.9050040932690656e+13 3.8535189202181353e-10 1.1757921958192675e-10
3.0897555333825770e+13 3.8347536525571408e-10 1.1728576459690428e-10
3.2862567313374297e+13 3.8160222306773482e-10 1.1699194948397199e-10
3.4952549441468590e+13 3.7973411839389922e-10 1.1669828161508957e-10
3.7175449526158008e+13 3.7787074806750011e-10 1.1640466979408097e-10
3.9539720837423492e+13 3.7601187001135035e-10 1.1611103866550443e-10
4.2054354253371523e+13 3.7415855070670075e-10 1.1581771998036098e-10
4.4728912450847547e+13 3.7230792499484143e-10 1.1552381547418205e-10
4.7573566270493984e+13 3.7046273274716441e-10 1.1523019666562531e-10
5.0599133394538398e+13 3.6862187511196028e-10 1.1493649167673149e-10
5.3817119484401992e+13 3.6678571069450808e-10 1.1464283769495586e-10
5.7239761934560023e+13 3.6495406822451436e-10 1.1434917203753937e-10
6.0880076409044672e+13 3.6312752472428995e-10 1.1405568295130318e-10
6.4751906337564445e+13 3.6130433284305144e-10 1.1376181180706779e-10
6.8869975559455977e+13 3.5948602828592586e-10 1.1346803548611551e-10
7.3249944315670422e+13 3.5767255763884184e-10 1.1317435097645431e-10
7.7908468801715328e+13 3.5586362363150037e-10 1.1288066461838390e-10
8.2863264508029781e+13 3.5405949583745222e-10 1.1258705447828277e-10
8.8133173588652688e+13 3.5225975024082185e-10 1.1229338561395363e-10
9.3738236514383906e+13 3.5046573181588203e-10 1.1200009472049547e-10
9.9699768282913969e+13 3.4867505349904622e-10 1.1170641709728187e-10
1.0604043947574650e+14 3.4688841120187195e-10 1.1141256026515857e-10
1.1278436247014412e+14 3.4510701118287203e-10 1.1111893086886491e-10
1.1995718313395083e+14 3.4332905504776314e-10 1.1082494318706107e-10
1.2758617835199817e+14 3.4155732043504888e-10 1.1053148878256276e-10
1.3570035975495283e+14 3.3978845417071645e-10 1.1023747804392799e-10
1.4433058404508103e+14 3.3802485827837159e-10 1.0994370583309321e-10
1.5350967033846588e+14 3.3626709297997361e-10 1.0965036394455565e-10
1.6327252496992581e+14 3.3451260793677861e-10 1.0935659229835811e-10
1.7365627423522131e+14 3.3276339488270731e-10 1.0906304847826173e-10
1.8470040557536150e+14 3.3101831545523766e-10 1.0876937617658457e-10
1.9644691773989259e+14 3.2927728871189760e-10 1.0847553866356745e-10
2.0894048050023397e+14 3.2754084113540228e-10 1.0818169116234944e-10
2.2222860452039425e+14 3.2580908816990918e-10 1.0788790297743358e-10
2.3636182203106441e+14 3.2408208519305394e-10 1.0759416253946985e-10
2.5139387899417591e+14 3.2235997815102440e-10 1.0730054157441814e-10
2.6738193948865522e+14 3.2063968429458268e-10 1.0700601064619994e-10
2.8438680309464400e+14 3.1892629662471026e-10 1.0671223700883317e-10
3.0247313610283188e+14 3.1721822939174053e-10 1.0641874052174077e-10
3.2170971742818300e+14 3.1551542456962077e-10 1.0612549650494470e-10
3.4216970016317556e+14 3.1381413440937856e-10 1.0583118725148789e-10
3.6393088976522700e+14 3.1211917536862720e-10 1.0553751576444104e-10
3.8707603993617025e+14 3.1042781635380734e-10 1.0524348221470872e-10
4.1169316731899869e+14 3.0874344601337835e-10 1.0495031220453569e-10
4.3787588620855975e+14 3.0705965325447529e-10 1.0465574370803571e-10
4.6572376454905975e+14 3.0538182434280267e-10 1.0436168089978274e-10
4.9534270257220675e+14 3.0371090179971181e-10 1.0406842027571362e-10
5.2684533551581469e+14 3.0204181301231161e-10 1.0377420067590160e-10
5.6035146195438800e+14 3.0037917695355240e-10 1.0348067993913797e-10
5.9598849937049875e+14 2.9872071330727301e-10 1.0318697885121019e-10
6.3389196869948050e+14 2.9706609874650021e-10 1.0289304436647123e-10
6.7420600968998550e+14 2.9541660765094333e-10 1.0259928595464322e-10
7.1708392904026025e+14 2.9377244638138500e-10 1.0230585058336903e-10
7.6268878339465050e+14 2.9213011245212045e-10 1.0201140657130666e-10
8.1119399941726100e+14 2.9049396637296237e-10 1.0171754455931728e-10
8.6278403330087838e+14 2.8886256727694985e-10 1.0142376837032293e-10
9.1765507221907288e+14 2.8723468940109741e-10 1.0112960442836942e-10
9.7601578038907662e+14 2.8561155842728065e-10 1.0083549681274600e-10
1.0380880925824396e+15 2.8399639237011885e-10 1.0054261660696175e-10
1.1041080581011445e+15 2.8238303104506016e-10 1.0024876474269732e-10
1.1743267384285685e+15 2.8077231627912586e-10 9.9954190025902027e-11
1.2490111619690300e+15 2.7916775448865417e-10 9.9660204262235289e-11
1.3284453395064478e+15 2.7756607588515935e-10 9.9365609817626528e-11
1.4129313442437798e+15 2.7597216246095655e-10 9.9072179987670012e-11
1.5027904605305325e+15 2.7438326737583090e-10 9.8778905494680284e-11
1.5983644056465360e+15 2.7279411303039525e-10 9.8483911689991307e-11
1.7000166292883648e+15 2.7121322295004780e-10 9.8190222929610153e-11
1.8081336956999652e+15 2.6963419933671662e-10 9.7895561962263998e-11
1.9231267537036855e+15 2.6806054607519821e-10 9.7601171966973026e-11
2.0454331002216868e+15 2.6649611446572029e-10 9.7308501573508260e-11
2.1755178432337345e+15 2.6493166002432742e-10 9.7014184032297469e-11
2.3138756704950970e+15 2.6337352424186827e-10 9.6720434746505463e-11
2.4610327307409300e+15 2.6181867245268818e-10 9.6426257939293779e-11
2.6175486345306820e+15 2.6026855072260412e-10 9.6132139150481429e-11
2.7840185823414945e+15 2.5872217801483493e-10 9.5837712515657776e-11
2.9610756280035395e+15 2.5718108524926153e-10 9.5543636852542661e-11
3.1493930860843135e+15 2.5564522409136254e-10 9.5249657949208309e-11
3.3496870923770615e+15 2.5411126224413433e-10 9.4954812736676331e-11
3.5627193272300895e+15 2.5258574585665856e-10 9.4661295499902122e-11
3.7892999120737045e+15 2.5106281144433786e-10 9.4367093349235475e-11
4.0302904901591920e+15 2.4954826106857537e-10 9.4074325794614758e-11
4.2866075032257330e+15 2.4803208295189698e-10 9.3779300537975518e-11
4.5592256765554410e+15 2.4652130784877287e-10 9.3484444851517781e-11
4.8491817256700680e+15 2.4501642478976873e-10 9.3190154152701769e-11
5.1575782987646080e+15 2.4351334356735573e-10 9.2894799862208726e-11
5.4855881698703900e+15 2.4202179186501354e-10 9.2602238742070663e-11
5.8344586986938850e+15 2.4052866795975557e-10 9.2307075872656806e-11
6.2055165740903660e+15 2.3903914170546902e-10 9.2011665024123584e-11
6.6001728592116230e+15 2.3756519581231720e-10 9.1720566126103708e-11
7.0199283575129190e+15 2.3608054183072947e-10 9.1423458741859529e-11
7.4663793200259230e+15 2.3460776215510119e-10 9.1129272327734315e-11
7.9412235156002680e+15 2.3313752001046900e-10 9.0834182628047215e-11
8.4462666871985610e+15 2.3167963277520021e-10 9.0542215192655454e-11
8.9834294187961930e+15 2.3021247440688018e-10 9.0244689925435429e-11
9.5547544390005480e+15 2.2876601028456309e-10 8.9953672755961212e-11
1.0162414389162642e+16 2.2731488297612738e-10 8.9658960044797967e-11
1.0808720085522352e+16 2.2586682306966680e-10 8.9363665701690391e-11
1.1496129306807442e+16 2.2442078548400046e-10 8.9067332967614368e-11
1.2227256140702440e+16 2.2298706393425226e-10 8.8774064115487675e-11
1.3004880924731490e+16 2.2155273736736225e-10 8.8478740330965287e-11
1.3831960819357422e+16 2.2012315967020182e-10 8.8183496192028869e-11
1.4711641053506152e+16 2.1869870451894490e-10 8.7888428693048304e-11
1.5647266885278972e+16 2.1727898903056738e-10 8.7593422880574684e-11
1.6642396323338732e+16 2.1586961554035929e-10 8.7300571964953164e-11
1.7700813657345516e+16 2.1446022919192885e-10 8.7006093960541778e-11
1.8826543848897644e+16 2.1305042679780818e-10 8.6709568433825082e-11
2.0023867837701512e+16 2.1165201427385874e-10 8.6415973371305847e-11
2.1297338821177796e+16 2.1025118922176982e-10 8.6119320232047327e-11
2.2651799569413840e+16 2.0885802614473376e-10 8.5823927888831889e-11
2.4092400841304788e+16 2.0747013018556036e-10 8.5528814582649507e-11
2.5624620971919032e+16 2.0608671784206900e-10 8.5233662141457830e-11
2.7254286705572940e+16 2.0470967176842247e-10 8.4939098804824986e-11
2.8987595353842288e+16 2.0334781076523116e-10 8.4649230519617381e-11
3.0831138362769148e+16 2.0197792021726302e-10 8.4354010383866708e-11
3.2791926378889076e+16 2.0061253954761041e-10 8.4058759784893349e-11
3.4877415909397240e+16 1.9925189195696424e-10 8.3763573939521567e-11
3.7095537677841240e+16 1.9789494291058058e-10 8.3468002386389358e-11
3.9454726783167008e+16 1.9653946648098522e-10 8.3171195040797834e-11
4.1963954776808976e+16 1.9518720655484396e-10 8.2873647571628706e-11
4.4632763779810832e+16 1.9384402204365116e-10 8.2578076437846940e-11
4.7471302769711824e+16 1.9250547183466917e-10 8.2282482156944969e-11
5.0490366175195864e+16 1.9117337327159516e-10 8.1987726520050996e-11
5.3701434925267320e+16 1.8985297490832341e-10 8.1695907544739478e-11
5.7116720109062152e+16 1.8852830927536790e-10 8.1400397272485379e-11
6.0749209412316368e+16 1.8720787698496935e-10 8.1104724026736089e-11
6.4612716507087520e+16 1.8589153727601760e-10 8.0808812986402142e-11
6.8721933582543400e+16 1.8457818414357563e-10 8.0512247925558043e-11
7.3092487216590896e+16 1.8327099525639762e-10 8.0216383228562186e-11
7.7740997800804624e+16 1.8197096284022413e-10 7.9921622027668713e-11
8.2685142744640928e+16 1.8067073037382084e-10 7.9624718000380104e-11
8.7943723699297360e+16 1.7937993699491438e-10 7.9329912959499810e-11
9.3536738056845472e+16 1.7809189661199000e-10 7.9034311979201789e-11
9.9485454996544560e+16 1.7680559045939795e-10 7.8737447652470604e-11
1.0581249636751765e+17 1.7552322305603444e-10 7.8440276747447129e-11
1.1254192271538405e+17 1.7424557770529247e-10 7.8143144749071763e-11
1.1969932477997552e+17 1.7297430915394751e-10 7.7846798824252737e-11
1.2731192081209758e+17 1.7170424447666935e-10 7.7548835471421643e-11
1.3540866007940224e+17 1.7044240482864558e-10 7.7252553922348503e-11
1.4402033295500166e+17 1.6918476744100713e-10 7.6956068989367237e-11
1.5317968800745018e+17 1.6794757888631711e-10 7.6666499477780576e-11
1.6292155653737296e+17 1.6669901044641941e-10 7.6370009909227096e-11
1.7328298503434365e+17 1.6544680914944682e-10 7.6070279879015784e-11
1.8430337605769558e+17 1.6420582433399732e-10 7.5773005674947905e-11
1.9602463807703008e+17 1.6298201942299367e-10 7.5481021772729583e-11
2.0849134484221978e+17 1.6173772331527220e-10 7.5178051703881819e-11
2.2175090488898602e+17 1.6052777794292897e-10 7.4888836731828724e-11
2.3585374182461709e+17 1.5930483137507082e-10 7.4591131777793120e-11
2.5085348607944506e+17 1.5806750927069845e-10 7.4284846586901415e-11
2.6680717885325402e+17 1.5686648386012876e-10 7.3993740750403203e-11
2.8377548903222227e+17 1.5564838848103135e-10 7.3691552222101934e-11
3.0182294390125414e+17 1.5444798735842917e-10 7.3396074901444987e-11
3.2101817452907258e+17 1.5324615556178351e-10 7.3097876464681078e-11
3.4143417675925030e+17 1.5205236122945785e-10 7.2801047753325921e-11
3.6314858879963296e+17 1.5087453585101133e-10 7.2509139125755381e-11
3.8624398646581331e+17 1.4968447039439222e-10 7.2209606209109999e-11
4.1080819720137920e+17 1.4850278895865449e-10 7.1911845370524168e-11
4.3693463406914317e+17 1.4732770464807067e-10 7.1615883588939273e-11
4.6472265098339942e+17 1.4615535151745335e-10 7.1318216807483255e-11
4.9427792053413709e+17 1.4499536067915465e-10 7.1023543647912609e-11
5.2571283583996403e+17 1.4383906911701658e-10 7.0729229222487401e-11
5.5914693795797280e+17 1.4268110718599036e-10 7.0431868349159556e-11
5.9470737047583565e+17 1.4153309221950595e-10 7.0137091954330135e-11
6.3252936301488486e+17 1.4038694954372521e-10 6.9840993903987111e-11
6.7275674548289933e+17 1.3922925193984986e-10 6.9537427073897919e-11
7.1554249503211098e+17 1.3810263290254048e-10 6.9245931263121232e-11
7.6104931780248819e+17 1.3696710899820194e-10 6.8948224548741176e-11
8.0945026766248973e+17 1.3581527550320617e-10 6.8640453048739709e-11
8.6092940430033984e+17 1.3469778432850966e-10 6.8346592051903773e-11
9.1568249316830963e+17 1.3356986609936706e-10 6.8045494134782098e-11
9.7391774994180390e+17 1.3241117034422690e-10 6.7726497461538382e-11
1.0358566323243677e+18 1.3131602804708030e-10 6.7438628006032445e-11
1.1017346822095572e+18 1.3022727934350685e-10 6.7149014458008414e-11
1.1718024214023752e+18 1.2911929519382626e-10 6.6848828418037658e-11
1.2463263043064317e+18 1.2800508255198992e-10 6.6543142713746002e-11
1.3255897311998674e+18 1.2689981434552873e-10 6.6238429623833704e-11
1.4098941259531502e+18 1.2581505649277969e-10 6.5942797965226536e-11
1.4995600822872553e+18 1.2473646435649851e-10 6.5648041735030134e-11
1.5949285829311014e+18 1.2366744454783655e-10 6.5356142801056003e-11
1.6963622963146616e+18 1.2257335090743549e-10 6.5048544006785114e-11
1.8042469557286034e+18 1.2148626370606618e-10 6.4740677475944613e-11
1.9189928261952320e+18 1.2046484720043383e-10 6.4467299150190508e-11
2.0410362646291169e+18 1.1938197908863428e-10 6.4157205518865877e-11
2.1708413792201226e+18 1.1833412242470439e-10 6.3864667944912466e-11
2.3089017943493990e+18 1.1728236874181842e-10 6.3566938888183279e-11
2.4557425277497743e+18 1.1623354076768871e-10 6.3267821813440090e-11
2.6119219870493327e+18 1.1516773837745846e-10 6.2959512967001133e-11
2.7780340932902835e+18 1.1412202536564007e-10 6.2656955477388976e-11
2.9547105394987694e+18 1.1308205084286899e-10 6.2354882079288064e-11
3.1426231928942659e+18 1.1208946444160002e-10 6.2076276060068411e-11
3.3424866498741048e+18 1.1102034336476978e-10 6.1752092304305245e-11
3.5550609534888003e+18 1.1000277357891490e-10 6.1454870504304424e-11
3.7811544837424031e+18 1.0899898849295610e-10 6.1162460198797697e-11
4.0216270317094354e+18 1.0799746266720765e-10 6.0869486311425480e-11
4.2773930691581568e+18 1.0698969965771152e-10 6.0570000222889235e-11
4.5494252261143762e+18 1.0599788146307965e-10 6.0277959694072985e-11
4.8387579895899423e+18 1.0499198260183640e-10 5.9973569953574184e-11
5.1464916375420518e+18 1.0399980295171810e-10 5.9675181236891988e-11
5.4737964230227692e+18 1.0301146247325694e-10 5.9376435028759050e-11
5.8219170244308572e+18 1.0203045566859707e-10 5.9079345548082075e-11
6.1921772787889039e+18 1.0096563000836900e-10 5.8733638761799152e-11
6.5859852160462418e+18 1.0004398054090064e-10 5.8461505270837667e-11
7.0048384135512914e+18 9.9005901656971058e-11 5.8125396216398044e-11
7.4503296910557256e+18 9.8116234828106722e-11 5.7867439474786283e-11
7.9241531679080561e+18 9.7064541734071666e-11 5.7516590065340116e-11
8.4281107054699346e+18 9.6223965946799885e-11 5.7283732577361073e-11
8.9641187592553748e+18 9.5166270715457397e-11 5.6923815213978268e-11
9.5342156668495012e+18 9.4329049636679430e-11 5.6687836425407620e-11
1.0140569399322573e+19 9.3385002723239304e-11 5.6387258369963566e-11
1.0785485805614991e+19 9.2452140841364119e-11 5.6091072747960442e-11
1.1471417381246310e+19 9.1419136345351885e-11 5.5733787737159793e-11
1.2200972594693001e+19 9.0484491513000040e-11 5.5429785686856545e-11
1.2976925806902893e+19 8.9739006673798799e-11 5.5238902470684911e-11
1.3802227821666619e+19 8.8620545422208932e-11 5.4814670456610856e-11
1.4680017106967808e+19 8.7707094245293163e-11 5.4514870875701406e-11
1.5613631729985858e+19 8.6796278173596579e-11 5.4213765500735117e-11
1.6606622051135717e+19 8.6115275373398390e-11 5.4060213597047404e-11
1.7662764225419520e+19 8.5210630315173233e-11 5.3757478626002515e-11
1.8786074562431644e+19 8.4313672105946564e-11 5.3456785780776628e-11
1.9980824799627809e+19 8.3415614864854407e-11 5.3152601933082046e-11
2.1251558346936824e+19 8.2341684955100139e-11 5.2725533617746891e-11
2.2603107564492358e+19 8.1433442970132525e-11 5.2419958814943781e-11
2.4040612139186872e+19 8.0753325992309327e-11 5.2242452315044686e-11
2.5569538629933044e+19 7.9722735003277967e-11 5.1834440559139812e-11
2.7195701255956337e+19 7.8824084190063407e-11 5.1514887648992928e-11
2.8925284007173960e+19 7.7906996565900148e-11 5.1178626118472239e-11
3.0764864160744075e+19 7.7126812845346602e-11 5.0930631551063428e-11
3.2721437293210079e+19 7.6496827672880155e-11 5.0784300552774054e-11
3.4802443883359977e+19 7.5639374228977201e-11 5.0479087804912121e-11
3.7015797606963454e+19 7.4804782789946315e-11 5.0186636315835497e-11
3.9369915430990684e+19 7.3947981202132832e-11 4.9875742071915914e-11
4.1873749621749948e+19 7.3115889835771711e-11 4.9578494136389134e-11
4.4536821788669411e+19 7.2021205466522593e-11 4.9096092385438762e-11
4.7369259093181456e+19 7.1280384176801520e-11 4.8866879536995084e-11
5.0381832760410620e+19 7.0441659701983000e-11 4.8554496371855071e-11
5.3585999040111313e+19 6.9794784728528294e-11 4.8363088646392910e-11
5.6993942772624622e+19 6.9050891089368607e-11 4.8107741626572199e-11
6.0618623725531693e+19 6.8217158304843972e-11 4.7790697057881846e-11
6.4473825877205139e+19 6.7478047052828678e-11 4.7539324200041374e-11
6.8574209834681295e+19 6.6726443820496780e-11 4.7276859739037965e-11
7.2935368585182945e+19 6.5823107789072378e-11 4.6895038768430167e-11
7.7573886793313485e+19 6.4981699268960991e-11 4.6557254652971564e-11
8.2507403869407937e+19 6.4184806570046750e-11 4.6247532229651412e-11
8.7754681048886395e+19 6.3463650069098901e-11 4.5994014414753075e-11
9.3335672737692942e+19 6.2634550846014130e-11 4.5648099899042730e-11
9.9271602395143864e+19 6.1853306883648156e-11 4.5338826153965993e-11
1.0558504324274083e+20 6.1152244145373290e-11 4.5088384299969657e-11
1.1230000410587410e+20 6.0544858545756208e-11 4.4906166423196174e-11
1.1944202071486475e+20 5.9552782792416661e-11 4.4422414723571999e-11
1.2703825281252991e+20 5.8979594193857284e-11 4.4268575600515338e-11
1.3511758743756674e+20 5.8206249154788878e-11 4.3949501788317183e-11
1.4371074877651072e+20 5.7352254061700698e-11 4.3563356617316834e-11
1.5285041500203169e+20 5.6721783945071047e-11 4.3345869552551167e-11
1.6257134254186001e+20 5.5848309790306742e-11 4.2934689174376646e-11
1.7291049825093177e+20 5.5097689114662005e-11 4.2612740050982295e-11
1.8390719998936393e+20 5.4445194423368086e-11 4.2359000046123527e-11
1.9560326614087264e+20 5.3706863384105569e-11 4.2060247832450000e-11
2.0804317464019966e+20 5.2990169940052784e-11 4.1753099411883532e-11
2.2127423211430822e+20 5.2222397991298153e-11 4.1404136013946120e-11
2.3534675378057750e+20 5.1909029531323905e-11 4.1415688372547300e-11
2.5031425478608280e+20 5.1132896778673527e-11 4.1058354001293683e-11
2.6623365371561545e+20 5.0314890642379259e-11 4.0665040566422658e-11
2.8316548904232255e+20 4.9558385418064461e-11 4.0309055710819292e-11
3.0117414934412073e+20 4.8814900938692807e-11 3.9951022922159652e-11
3.2032811816131179e+20 4.8121914725904862e-11 3.9640792497988614e-11
3.4070023442658145e+20 4.7488639467575653e-11 3.9387982552489102e-11
3.6236796945771823e+20 4.7054292286776479e-11 3.9286998960514062e-11
3.8541372156644734e+20 4.6189636178824752e-11 3.8821604648381487e-11
4.0992512940366987e+20 4.5813596389347054e-11 3.8757800397763343e-11
4.3599540523272045e+20 4.4843859753077536e-11 3.8194046958165330e-11
4.6372368939805311e+20 4.4334939946513370e-11 3.8028718273441114e-11
4.9321542733726908e+20 4.3622274135388833e-11 3.7669430237895010e-11
5.2458277057024609e+20 4.3374632704697258e-11 3.7684088618485264e-11
5.5794500319020961e+20 4.2477071773577067e-11 3.7196500936247065e-11
5.9342899547867814e+20 4.1629233894564509e-11 3.6680965417612502e-11
6.3116968636921099e+20 4.1113456569160056e-11 3.6508420367231212e-11
6.7131059659474456e+20 4.0650488442861417e-11 3.6348897893207370e-11
7.1400437446986301e+20 4.0191692907073148e-11 3.6173099509902863e-11
7.5941337638359505e+20 3.9293570532709743e-11 3.5642914311447047e-11
8.0771028421014022e+20 3.8550977685887314e-11 3.5218445952915532e-11
8.5907876198546421e+20 3.7916903106362650e-11 3.4887412847861770e-11
9.1371415434704270e+20 3.7720880975324645e-11 3.4960183490500574e-11
9.7182422939266843e+20 3.6896154945536845e-11 3.4476082430532568e-11
1.0336299687833751e+21 3.6283472384397633e-11 3.4155730816145570e-11
1.0993664080950029e+21 3.5575121953784324e-11 3.3727742036222922e-11
1.1692835306142372e+21 3.5417791201171272e-11 3.3789321370925225e-11
1.2436472179778897e+21 3.4882237825618798e-11 3.3537590587225287e-11
1.3227402612706611e+21 3.4347663998813524e-11 3.3300184578478157e-11
1.4068634364262846e+21 3.2447091656655206e-11 3.1655653098829086e-11
1.4963366480217653e+21 3.1931543484242011e-11 3.1384988237471214e-11
1.5915001458141514e+21 3.2623559502855133e-11 3.2343655850108455e-11
1.6927158186461807e+21 3.0726640642368074e-11 3.0678044177081862e-11
1.8003685706414041e+21 3.0206030935777136e-11 3.0397468075522952e-11
1.9148677849219591e+21 3.1020369311890705e-11 3.1524934627900082e-11
2.0366488804154391e+21 3.0362690775699076e-11 3.1137932740203111e-11
2.1661749676709286e+21 2.8271901439998970e-11 2.9156522375818843e-11
2.3039386099812168e+21 2.7764617745804489e-11 2.8866641379610185e-11
2.4504636965080835e+21 2.7302733367994030e-11 2.8619431697205498e-11
2.6063074345340586e+21 2.6723990912301089e-11 2.8254150311025611e-11
2.7720624684165942e+21 2.6197611163574576e-11 2.7935146091651562e-11
2.9483591333029615e+21 2.5599514614755285e-11 2.7531123462460492e-11
3.1358678521759332e+21 2.4990546434551232e-11 2.7102797854844858e-11
3.3353016853459255e+21 2.4443026288787167e-11 2.6731496675792381e-11
3.5474190420850880e+21 2.4146838415558439e-11 2.6640850808188437e-11
3.7730265647146992e+21 2.3428618483953175e-11 2.6058672168084229e-11
4.0129821961139105e+21 2.3312489997948031e-11 2.6129259553243959e-11
4.2681984423146543e+21 2.2896475385913532e-11 2.5892891684847721e-11
4.5396458425902595e+21 2.1893764603976968e-11 2.5034740593111630e-11
4.8283566602332615e+21 2.1328298818226711e-11 2.4584801929663473e-11
5.1354288080579902e+21 2.0867063101586900e-11 2.4268440109459823e-11
5.4620300235562612e+21 2.0438543312191923e-11 2.4022713205546806e-11
5.8094023095827751e+21 1.9857682642295728e-11 2.3535438221783243e-11
6.1788666574579350e+21 1.9420613321894011e-11 2.3225568536457331e-11
6.5718280704486120e+21 1.9143410103634346e-11 2.3136288825192064e-11
6.9897809067310097e+21 1.8480017192904626e-11 2.2572810759267552e-11
7.4343145621529098e+21 1.8052393780973745e-11 2.2248442679715131e-11
7.9071195144065762e+21 1.7618574825628758e-11 2.1871535275955183e-11
8.4099937515964927e+21 1.7167130708212975e-11 2.1588361161270939e-11
8.9448496096495555e+21 1.6685513307051438e-11 2.1132995287496247e-11
9.5137210445679433e+21 1.6271021089790113e-11 2.0876012564902409e-11
1.0118771367180121e+22 1.5728046346452835e-11 2.0353299724224021e-11
1.0762301469804573e+22 1.5618574360117304e-11 2.0436262674070887e-11
1.1446758576109239e+22 1.4975382457395255e-11 1.9827962746147751e-11
1.2174745547441980e+22 1.4347536837067331e-11 1.9137183359940432e-11
1.2949030781021214e+22 1.4108227473605235e-11 1.8970408444068577e-11
1.3772558737629252e+22 1.3869266971906256e-11 1.8850874493738009e-11
1.4648461138841204e+22 1.3292973766741374e-11 1.8369682741004905e-11
1.5580068876371999e+22 1.3209215150423389e-11 1.8406955667499219e-11
1.6570924678829151e+22 1.2736826699712761e-11 1.7913052172612399e-11
1.7624796584042557e+22 1.2374874442962917e-11 1.7636037892431598e-11
1.8745692268201723e+22 1.1669353186498160e-11 1.6835280272676427e-11
1.9937874286292331e+22 1.1399737442327247e-11 1.6605663283558078e-11
2.1205876281790201e+22 1.1219700717611550e-11 1.6486440215233319e-11
2.2554520227252217e+22 1.1190881959071694e-11 1.6724287854163258e-11
2.3988934761369288e+22 1.2003424935364989e-11 1.8269801399053858e-11
2.5514574692211742e+22 1.1594938727064522e-11 1.7860623461602988e-11
2.7137241740837227e+22 1.0951185805769781e-11 1.6939122722420946e-11
