# k_modes P_scalar P_tensor
4.8191789170365978e-05 2.5612273494692559e-09 3.0381801085431402e-10
4.8866145685752364e-05 2.5601255037979660e-09 3.0375029307455818e-10
4.9549938595131951e-05 2.5590242653109500e-09 3.0368261844562508e-10
5.0243299943690666e-05 2.5579235963444073e-09 3.0361498291616637e-10
5.0946363624347283e-05 2.5568222371107023e-09 3.0354723796318459e-10
5.1659265403608231e-05 2.5557201388285238e-09 3.0347937843239896e-10
5.2382142947785805e-05 2.5546202681884573e-09 3.0341175494823457e-10
5.3115135849582176e-05 2.5535190626515478e-09 3.0334394466034238e-10
5.3858385655045386e-05 2.5524185593865661e-09 3.0327618856994689e-10
5.4612035890903637e-05 2.5513188691826078e-09 3.0320850057342494e-10
5.5376232092280453e-05 2.5502196338581682e-09 3.0314083957734345e-10
5.6151121830799360e-05 2.5491194488192867e-09 3.0307303849830867e-10
5.6936854743080166e-05 2.5480192835012539e-09 3.0300521156106759e-10
5.7733582559635573e-05 2.5469194181921918e-09 3.0293739123135827e-10
5.8541459134171099e-05 2.5458203074030455e-09 3.0286963168304016e-10
5.9360640473294931e-05 2.5447225600124157e-09 3.0280200665797804e-10
6.0191284766644727e-05 2.5436230395830334e-09 3.0273414297817501e-10
6.1033552417434167e-05 2.5425241581357019e-09 3.0266632804023308e-10
6.1887606073428788e-05 2.5414238030985599e-09 3.0259830900917508e-10
6.2753610658354057e-05 2.5403271542831565e-09 3.0253070231928912e-10
6.3631733403742875e-05 2.5392298544963306e-09 3.0246298906564769e-10
6.4522143881230121e-05 2.5381313958854211e-09 3.0239511047931404e-10
6.5425014035296964e-05 2.5370333889265626e-09 3.0232725836679400e-10
6.6340518216475569e-05 2.5359343087764083e-09 3.0225925008871886e-10
6.7268833215016968e-05 2.5348376886570336e-09 3.0219150646420822e-10
6.8210138295030090e-05 2.5337410615281121e-09 3.0212373305074292e-10
6.9164615229099833e-05 2.5326445839711959e-09 3.0205594879365974e-10
7.0132448333387571e-05 2.5315466085763113e-09 3.0198795842442516e-10
7.1113824503224980e-05 2.5304491064963070e-09 3.0191999677705507e-10
7.2108933249203700e-05 2.5293541844816933e-09 3.0185231483911091e-10
7.3117966733772147e-05 2.5282578704428538e-09 3.0178443780691827e-10
7.4141119808343023e-05 2.5271616552052858e-09 3.0171654378166536e-10
7.5178590050920007e-05 2.5260657010945022e-09 3.0164865203389337e-10
7.6230577804252517e-05 2.5249709705052843e-09 3.0158087928321646e-10
7.7297286214522056e-05 2.5238754782539833e-09 3.0151298816281693e-10
7.8378921270572281e-05 2.5227799073775753e-09 3.0144505878390615e-10
7.9475691843686338e-05 2.5216851591092222e-09 3.0137719884568360e-10
8.0587809727921005e-05 2.5205897771266841e-09 3.0130923381636304e-10
8.1715489681006613e-05 2.5194965146330500e-09 3.0124149407347508e-10
8.2858949465817029e-05 2.5184004206565569e-09 3.0117338891174564e-10
8.4018409892422312e-05 2.5173069071382979e-09 3.0110556405351689e-10
8.5194094860728225e-05 2.5162122489625743e-09 3.0103757316517783e-10
8.6386231403712309e-05 2.5151185125574341e-09 3.0096966375382651e-10
8.7595049731266743e-05 2.5140246984948719e-09 3.0090171590453193e-10
8.8820783274652122e-05 2.5129300551413977e-09 3.0083364107956072e-10
9.0063668731576064e-05 2.5118380246881125e-09 3.0076585176735447e-10
9.1323946111899728e-05 2.5107446180606431e-09 3.0069786907195089e-10
9.2601858783986689e-05 2.5096517411914153e-09 3.0062992110693933e-10
9.3897653521698575e-05 2.5085591410748192e-09 3.0056197693394398e-10
9.5211580552048120e-05 2.5074665167364954e-09 3.0049400127098348e-10
9.6543893603521217e-05 2.5063747917628959e-09 3.0042610558507181e-10
9.7894849955072044e-05 2.5052827072699869e-09 3.0035813918227812e-10
9.9264710485806801e-05 2.5041895973597765e-09 3.0029002129759775e-10
1.0065373972536073e-04 2.5030984167935139e-09 3.0022210543965476e-10
1.0206220590498000e-04 2.5020055132284183e-09 3.0015395396387349e-10
1.0349038100932033e-04 2.5009156400164110e-09 3.0008613702988865e-10
1.0493854082896808e-04 2.4998249828744729e-09 3.0001819913539444e-10
1.0640696501369776e-04 2.4987334386022973e-09 2.9995012667108265e-10
1.0789593712647434e-04 2.4976417122000651e-09 2.9988200319136239e-10
1.0940574469821104e-04 2.4965511843169579e-09 2.9981399425224556e-10
1.1093667928329408e-04 2.4954610575067363e-09 2.9974600500591384e-10
1.1248903651588313e-04 2.4943712307119732e-09 2.9967802303759928e-10
1.1406311616700085e-04 2.4932806056341287e-09 2.9960991793596565e-10
1.1565922220242058e-04 2.4921901855313028e-09 2.9954180896350276e-10
1.1727766284136432e-04 2.4911015810723026e-09 2.9947388915878556e-10
1.1891875061602199e-04 2.4900119281118104e-09 2.9940581392237094e-10
1.2058280243190343e-04 2.4889227670470652e-09 2.9933776889011145e-10
1.2227013962903558e-04 2.4878341653634474e-09 2.9926976333914218e-10
1.2398108804401476e-04 2.4867445450223871e-09 2.9920160761240179e-10
1.2571597807292849e-04 2.4856553692262955e-09 2.9913347672830781e-10
1.2747514473515710e-04 2.4845675616632287e-09 2.9906548069368122e-10
1.2925892773806821e-04 2.4834782980998992e-09 2.9899728052606519e-10
1.3106767154261721e-04 2.4823910495490195e-09 2.9892929411518949e-10
1.3290172542986412e-04 2.4813028588309535e-09 2.9886116637003522e-10
1.3476144356842283e-04 2.4802158946325043e-09 2.9879315860960040e-10
1.3664718508285344e-04 2.4791273459438697e-09 2.9872493107147958e-10
1.3855931412301150e-04 2.4780409227649854e-09 2.9865692977331648e-10
1.4049819993436845e-04 2.4769521644702390e-09 2.9858861836310873e-10
1.4246421692931473e-04 2.4758644150799070e-09 2.9852039947427160e-10
1.4445774475946188e-04 2.4747795981656450e-09 2.9845250669936376e-10
1.4647916838895594e-04 2.4736927466815396e-09 2.9838434039853526e-10
1.4852887816881654e-04 2.4726059769510918e-09 2.9831615465747526e-10
1.5060726991231632e-04 2.4715179409576668e-09 2.9824778665612988e-10
1.5271474497141596e-04 2.4704339039845287e-09 2.9817987177393022e-10
1.5485171031426692e-04 2.4693488393274444e-09 2.9811180490853739e-10
1.5701857860380057e-04 2.4682616980577266e-09 2.9804345979959584e-10
1.5921576827741620e-04 2.4671768316919346e-09 2.9797536019048367e-10
1.6144370362778404e-04 2.4660920973860344e-09 2.9790724742696765e-10
1.6370281488477907e-04 2.4650077080508774e-09 2.9783914682303617e-10
1.6599353829856202e-04 2.4639220078199853e-09 2.9777085879665916e-10
1.6831631622382147e-04 2.4628373647761495e-09 2.9770267050983015e-10
1.7067159720519606e-04 2.4617530002087757e-09 2.9763448794443227e-10
1.7305983606389163e-04 2.4606682833708463e-09 2.9756623360771246e-10
1.7548149398551011e-04 2.4595849109224144e-09 2.9749811257353561e-10
1.7793703860910840e-04 2.4585012875267104e-09 2.9742993180325655e-10
1.8042694411750162e-04 2.4574167530920923e-09 2.9736161176910418e-10
1.8295169132883195e-04 2.4563324568496774e-09 2.9729329253763506e-10
1.8551176778941770e-04 2.4552487718906031e-09 2.9722501926651472e-10
1.8810766786790174e-04 2.4541677001297781e-09 2.9715703280437419e-10
1.9073989285071851e-04 2.4530839635414810e-09 2.9708869428522965e-10
1.9340895103889380e-04 2.4520014104754763e-09 2.9702046954797102e-10
1.9611535784620394e-04 2.4509191495954042e-09 2.9695225162407425e-10
1.9885963589870366e-04 2.4498359519105331e-09 2.9688389234890484e-10
2.0164231513564984e-04 2.4487541596816159e-09 2.9681567481619057e-10
2.0446393291183619e-04 2.4476733782989244e-09 2.9674755011824276e-10
2.0732503410136012e-04 2.4465911453147232e-09 2.9667921984564690e-10
2.1022617120284253e-04 2.4455091286459370e-09 2.9661088658698471e-10
2.1316790444611783e-04 2.4444293934579280e-09 2.9654280187045462e-10
2.1615080190041919e-04 2.4433463651234696e-09 2.9647428953595172e-10
2.1917543958407633e-04 2.4422648069293128e-09 2.9640592636932937e-10
2.2224240157574861e-04 2.4411847302877805e-09 2.9633771369391153e-10
2.2535228012721548e-04 2.4401039922764102e-09 2.9626939083448206e-10
2.2850567577774309e-04 2.4390239480663844e-09 2.9620112308199291e-10
2.3170319747005362e-04 2.4379447219549379e-09 2.9613292658926546e-10
2.3494546266791602e-04 2.4368643627403974e-09 2.9606456440365280e-10
2.3823309747538241e-04 2.4357803618240085e-09 2.9599573015911498e-10
2.4156673675769435e-04 2.4347021816778086e-09 2.9592757325857758e-10
2.4494702426387707e-04 2.4336250752851905e-09 2.9585951754284622e-10
2.4837461275105524e-04 2.4325461535665636e-09 2.9579121261995364e-10
2.5185016411050239e-04 2.4314667494771622e-09 2.9572282070108906e-10
2.5537434949545785e-04 2.4303879271594175e-09 2.9565447085629025e-10
2.5894784945073099e-04 2.4293084709812014e-09 2.9558601462569678e-10
2.6257135404411864e-04 2.4282308311962059e-09 2.9551774917497237e-10
2.6624556299966351e-04 2.4271521425865163e-09 2.9544932685656614e-10
2.6997118583277379e-04 2.4260763255830941e-09 2.9538122530193250e-10
2.7374894198723678e-04 2.4249973936116463e-09 2.9531271650219420e-10
2.7757956097414818e-04 2.4239200369166837e-09 2.9524437050289090e-10
2.8146378251278561e-04 2.4228405526300663e-09 2.9517573560969300e-10
2.8540235667345447e-04 2.4217649766430115e-09 2.9510754687063928e-10
2.8939604402233041e-04 2.4206880514664014e-09 2.9503916479095915e-10
2.9344561576833073e-04 2.4196117465424854e-09 2.9497082965519012e-10
2.9755185391204010e-04 2.4185349829544908e-09 2.9490241034241304e-10
3.0171555139672009e-04 2.4174572959894189e-09 2.9483384891988269e-10
3.0593751226143319e-04 2.4163822380255765e-09 2.9476557831141476e-10
3.1021855179630642e-04 2.4153053626307566e-09 2.9469705629003427e-10
3.1455949669997109e-04 2.4142307195333574e-09 2.9462877747487514e-10
3.1896118523920346e-04 2.4131551550477540e-09 2.9456035808354579e-10
3.2342446741080006e-04 2.4120789175979564e-09 2.9449182763962442e-10
3.2795020510571792e-04 2.4110017335177536e-09 2.9442315217570284e-10
3.3253927227551151e-04 2.4099282250610782e-09 2.9435489530422174e-10
3.3719255510110017e-04 2.4088537338795779e-09 2.9428648894367904e-10
3.4191095216389386e-04 2.4077785260909946e-09 2.9421796596439868e-10
3.4669537461931663e-04 2.4067035165855278e-09 2.9414943907454015e-10
3.5154674637275722e-04 2.4056291380945630e-09 2.9408096050857666e-10
3.5646600425798074e-04 2.4045541478895624e-09 2.9401237707915097e-10
3.6145409821803970e-04 2.4034796825738195e-09 2.9394382779946214e-10
3.6651199148871223e-04 2.4024073819795719e-09 2.9387551368842904e-10
3.7164066078451111e-04 2.4013342171658577e-09 2.9380706513572860e-10
3.7684109648729395e-04 2.4002619359144682e-09 2.9373869590795593e-10
3.8211430283751225e-04 2.3991881833144763e-09 2.9367011786122366e-10
3.8746129812813890e-04 2.3981135484180907e-09 2.9360140151403648e-10
3.9288311490130544e-04 2.3970433944326498e-09 2.9353320426030374e-10
3.9838080014769446e-04 2.3959701302525605e-09 2.9346459647603436e-10
4.0395541550872064e-04 2.3948982445332059e-09 2.9339612888301585e-10
4.0960803748154109e-04 2.3938252774619748e-09 2.9332749998080195e-10
4.1533975762693425e-04 2.3927537905076417e-09 2.9325902303799513e-10
4.2115168278008782e-04 2.3916813198308625e-09 2.9319039574845406e-10
4.2704493526433783e-04 2.3906111560299914e-09 2.9312202090721253e-10
4.3302065310789464e-04 2.3895400798796299e-09 2.9305350489436856e-10
4.3907999026360580e-04 2.3884682918774929e-09 2.9298487340498289e-10
4.4522411683179199e-04 2.3873971682645464e-09 2.9291629431829042e-10
4.5145421928620118e-04 2.3863249742227662e-09 2.9284755387386064e-10
4.5777150070312668e-04 2.3852546312526000e-09 2.9277901070833728e-10
4.6417718099372698e-04 2.3841853158447765e-09 2.9271056396083771e-10
4.7067249713960086e-04 2.3831151406153667e-09 2.9264198209612268e-10
4.7725870343165666e-04 2.3820455472778304e-09 2.9257344353010377e-10
4.8393707171232432e-04 2.3809752549317723e-09 2.9250478947894767e-10
4.9070889162115925e-04 2.3799051480602400e-09 2.9243612826234996e-10
4.9757547084387560e-04 2.3788368498551072e-09 2.9236765947394065e-10
5.0453813536487601e-04 2.3777669528734083e-09 2.9229896428809187e-10
5.1159822972330347e-04 2.3766993590318350e-09 2.9223052315300779e-10
5.1875711727268278e-04 2.3756296205972777e-09 2.9216178993871312e-10
5.2601618044419618e-04 2.3745609710541272e-09 2.9209316087414740e-10
5.3337682101363426e-04 2.3734920212451560e-09 2.9202446472071345e-10
5.4084046037209635e-04 2.3724244953806319e-09 2.9195591378750748e-10
5.4840853980046486e-04 2.3713563131987879e-09 2.9188725220835294e-10
5.5608252074772940e-04 2.3702889371021935e-09 2.9181866150208323e-10
5.6386388511320436e-04 2.3692203825691538e-09 2.9174989648055925e-10
5.7175413553268843e-04 2.3681530813410914e-09 2.9168125542051544e-10
5.7975479566864158e-04 2.3670854575343781e-09 2.9161254497912931e-10
5.8786741050440884e-04 2.3660182182876795e-09 2.9154385173585004e-10
5.9609354664257009e-04 2.3649530382808487e-09 2.9147538266490302e-10
6.0443479260746181e-04 2.3638854106347650e-09 2.9140658377847041e-10
6.1289275915193074e-04 2.3628198867329117e-09 2.9133801442427454e-10
6.2146907956838577e-04 2.3617520883218669e-09 2.9126913492268507e-10
6.3016541000419002e-04 2.3606861544808358e-09 2.9120045490799978e-10
6.3898342978148447e-04 2.3596205282977362e-09 2.9113178276879010e-10
6.4792484172146870e-04 2.3585568635217655e-09 2.9106332365838124e-10
6.5699137247323086e-04 2.3574909224252086e-09 2.9099455428315300e-10
6.6618477284717808e-04 2.3564246264045542e-09 2.9092571228854231e-10
6.7550681815312292e-04 2.3553587536363021e-09 2.9085689172223043e-10
6.8495930854311723e-04 2.3542950646921526e-09 2.9078831044127119e-10
6.9454406935906706e-04 2.3532314607773190e-09 2.9071971032690091e-10
7.0426295148522111e-04 2.3521669186607905e-09 2.9065096482391277e-10
7.1411783170559308e-04 2.3511022704164812e-09 2.9058217751458792e-10
7.2411061306637287e-04 2.3500378020540330e-09 2.9051338217010149e-10
7.3424322524342903e-04 2.3489729366407834e-09 2.9044450758073180e-10
7.4451762491493413e-04 2.3479110721436510e-09 2.9037597396707609e-10
7.5493579613921714e-04 2.3468481233422352e-09 2.9030727658324966e-10
7.6549975073789752e-04 2.3457836071232969e-09 2.9023835583648049e-10
7.7621152868438193e-04 2.3447209945707559e-09 2.9016964172086804e-10
7.8707319849780088e-04 2.3436587368740918e-09 2.9010094134775139e-10
7.9808685764244560e-04 2.3425950293411074e-09 2.9003203116524517e-10
8.0925463293281426e-04 2.3415333059372391e-09 2.8996333620302374e-10
8.2057868094430569e-04 2.3404711248469023e-09 2.8989455522073800e-10
8.3206118842967273e-04 2.3394094505413340e-09 2.8982580824110586e-10
8.4370437274130237e-04 2.3383471891037250e-09 2.8975695881027439e-10
8.5551048225939309e-04 2.3372847898351488e-09 2.8968806184871946e-10
8.6748179682614437e-04 2.3362229296160985e-09 2.8961920104054361e-10
8.7962062818600106e-04 2.3351637840670828e-09 2.8955064676474111e-10
8.9192932043207038e-04 2.3341021514756628e-09 2.8948175498126217e-10
9.0441025045878676e-04 2.3330400246019421e-09 2.8941277273603979e-10
9.1706582842089634e-04 2.3319793487927211e-09 2.8934394036467734e-10
9.2989849819888771e-04 2.3309190784301519e-09 2.8927512801593847e-10
9.4291073787091219e-04 2.3298600474548605e-09 2.8920643901417058e-10
9.5610506019132269e-04 2.3287994067728294e-09 2.8913752012884663e-10
9.6948401307590305e-04 2.3277394150854139e-09 2.8906865274585189e-10
9.8305018009388736e-04 2.3266793793216554e-09 2.8899975057627327e-10
9.9680618096687043e-04 2.3256192523431556e-09 2.8893080679364724e-10
1.0107546720746830e-03 2.3245624179057720e-09 2.8886224151628806e-10
1.0248983469683716e-03 2.3235033410164214e-09 2.8879336720384148e-10
1.0392399368903307e-03 2.3224444016884686e-09 2.8872448019806727e-10
1.0537822113017294e-03 2.3213853495982220e-09 2.8865555000004104e-10
1.0685279784173167e-03 2.3203261415171677e-09 2.8858657108122474e-10
1.0834800857476967e-03 2.3192690461215690e-09 2.8851782366781868e-10
1.0986414206492175e-03 2.3182104359557315e-09 2.8844885821984183e-10
1.1140149108815284e-03 2.3171532443809081e-09 2.8838003832035539e-10
1.1296035251729540e-03 2.3160956904210047e-09 2.8831114412035219e-10
1.1454102737937821e-03 2.3150379084776327e-09 2.8824219218447441e-10
1.1614382091375546e-03 2.3139803082586742e-09 2.8817323299455611e-10
1.1776904263105222e-03 2.3129236683973433e-09 2.8810436277965913e-10
1.1941700637293190e-03 2.3118674300144348e-09 2.8803551200039923e-10
1.2108803037270174e-03 2.3108116653216145e-09 2.8796668976390454e-10
1.2278243731676584e-03 2.3097549292775889e-09 2.8789771736788636e-10
1.2450055440693805e-03 2.3086980326006052e-09 2.8782869560555675e-10
1.2624271342362731e-03 2.3076413960816497e-09 2.8775967566469426e-10
1.2800925078990620e-03 2.3065848408282656e-09 2.8769063533200817e-10
1.2980050763647688e-03 2.3055313823541121e-09 2.8762195048483541e-10
1.3161682986754584e-03 2.3044758367979999e-09 2.8755297582647614e-10
1.3345856822762024e-03 2.3034200960383524e-09 2.8748394706342393e-10
1.3532607836923974e-03 2.3023645110066833e-09 2.8741490795178748e-10
1.3721972092165407e-03 2.3013109723379257e-09 2.8734609397521170e-10
1.3913986156046494e-03 2.3002550930645974e-09 2.8727695636008102e-10
1.4108687107823904e-03 2.2992019158782102e-09 2.8720812693339970e-10
1.4306112545611125e-03 2.2981469461584626e-09 2.8713904299451946e-10
1.4506300593638973e-03 2.2970933090724572e-09 2.8707009619645165e-10
1.4709289909617495e-03 2.2960400819693742e-09 2.8700117072385348e-10
1.4915119692201248e-03 2.2949857144351442e-09 2.8693207206468704e-10
1.5123829688558662e-03 2.2939327242449547e-09 2.8686311471190985e-10
1.5335460202047567e-03 2.2928803017197545e-09 2.8679419806672386e-10
1.5550052099998102e-03 2.2918271794147707e-09 2.8672516397624185e-10
1.5767646821604321e-03 2.2907729907722275e-09 2.8665596734522820e-10
1.5988286385926608e-03 2.2897216763848124e-09 2.8658709955779684e-10
1.6212013400005673e-03 2.2886687578834210e-09 2.8651800048537562e-10
1.6438871067090354e-03 2.2876178713410792e-09 2.8644912501145475e-10
1.6668903194980444e-03 2.2865651283328017e-09 2.8637998692318989e-10
1.6902154204486272e-03 2.2855143398603796e-09 2.8631106391157430e-10
1.7138669138006758e-03 2.2844619928566494e-09 2.8624191618409874e-10
1.7378493668227216e-03 2.2834110867674929e-09 2.8617291777814028e-10
1.7621674106939320e-03 2.2823594264913146e-09 2.8610379465784323e-10
1.7868257413984044e-03 2.2813095614286401e-09 2.8603486532144182e-10
1.8118291206319994e-03 2.2802584876172052e-09 2.8596575487380239e-10
1.8371823767218661e-03 2.2792075409826966e-09 2.8589663015922937e-10
1.8628904055588045e-03 2.2781570944115655e-09 2.8582753824259129e-10
1.8889581715427234e-03 2.2771061106495498e-09 2.8575834858693532e-10
1.9153907085412787e-03 2.2760566671658889e-09 2.8568932112412671e-10
1.9421931208619572e-03 2.2750067656770626e-09 2.8562020571222688e-10
1.9693705842377608e-03 2.2739586692168361e-09 2.8555128653827263e-10
1.9969283468266553e-03 2.2729090427009019e-09 2.8548214591947595e-10
2.0248717302250559e-03 2.2718591952787676e-09 2.8541294684419136e-10
2.0532061304954388e-03 2.2708101096174689e-09 2.8534381276312604e-10
2.0819370192083730e-03 2.2697623172863238e-09 2.8527481047142880e-10
2.1110699444991132e-03 2.2687147706874058e-09 2.8520580858747582e-10
2.1406105321389833e-03 2.2676653063851966e-09 2.8513653547531590e-10
2.1705644866217631e-03 2.2666167753834586e-09 2.8506734970458822e-10
2.2009375922652395e-03 2.2655696244466451e-09 2.8499830702477523e-10
2.2317357143282336e-03 2.2645223570925939e-09 2.8492921889954699e-10
2.2629648001431940e-03 2.2634741573588782e-09 2.8485998280743585e-10
2.2946308802646804e-03 2.2624265132887890e-09 2.8479078573761100e-10
2.3267400696339153e-03 2.2613802773942060e-09 2.8472173648701266e-10
2.3592985687595925e-03 2.2603330932215257e-09 2.8465253743174889e-10
2.3923126649152767e-03 2.2592861926615605e-09 2.8458334336107828e-10
2.4257887333534894e-03 2.2582407505967580e-09 2.8451430229285978e-10
2.4597332385368270e-03 2.2571951473006575e-09 2.8444520956226600e-10
2.4941527353863025e-03 2.2561488654125407e-09 2.8437600131457179e-10
2.5290538705471195e-03 2.2551027849601800e-09 2.8430678886230183e-10
2.5644433836722194e-03 2.2540560180494469e-09 2.8423745951046097e-10
2.6003281087237308e-03 2.2530113743487312e-09 2.8416836622834286e-10
2.6367149752926653e-03 2.2519663718744630e-09 2.8409919720501635e-10
2.6736110099370683e-03 2.2509219697825183e-09 2.8403007310375806e-10
2.7110233375388934e-03 2.2498770183073540e-09 2.8396084950323372e-10
2.7489591826798817e-03 2.2488324439155567e-09 2.8389164352106044e-10
2.7874258710366469e-03 2.2477884961154942e-09 2.8382248580601246e-10
2.8264308307953553e-03 2.2467440158901508e-09 2.8375323015811763e-10
2.8659815940861272e-03 2.2457003921583166e-09 2.8368405151436607e-10
2.9060857984375579e-03 2.2446569941351814e-09 2.8361487044456455e-10
2.9467511882515884e-03 2.2436127275207985e-09 2.8354554997781067e-10
2.9879856162989696e-03 2.2425694298336380e-09 2.8347632184310754e-10
3.0297970452357313e-03 2.2415258682866143e-09 2.8340702892825838e-10
3.0721935491407918e-03 2.2404834484830520e-09 2.8333784948492044e-10
3.1151833150751319e-03 2.2394405449183996e-09 2.8326857781926030e-10
3.1587746446627863e-03 2.2383984621064860e-09 2.8319937953090416e-10
3.2029759556939093e-03 2.2373550649104544e-09 2.8312998509393186e-10
3.2477957837503549e-03 2.2363130012965976e-09 2.8306072870334191e-10
3.2932427838539206e-03 2.2352725824465051e-09 2.8299164927880426e-10
3.3393257321377096e-03 2.2342298480077673e-09 2.8292224589897375e-10
3.3860535275408604e-03 2.2331885774318359e-09 2.8285299654088333e-10
3.4334351935269890e-03 2.2321486321868979e-09 2.8278388501143155e-10
3.4814798798267028e-03 2.2311075302511549e-09 2.8271459667236527e-10
3.5301968642044361e-03 2.2300658947308279e-09 2.8264520991966061e-10
3.5795955542501025e-03 2.2290254070026839e-09 2.8257593780879611e-10
3.6296854891957266e-03 2.2279844797808382e-09 2.8250657827436192e-10
3.6804763417575504e-03 2.2269460548869967e-09 2.8243750513150560e-10
3.7319779200039168e-03 2.2259051565892661e-09 2.8236808852527609e-10
3.7842001692492367e-03 2.2248655491922778e-09 2.8229880508553678e-10
3.8371531739745494e-03 2.2238246420026736e-09 2.8222932586275900e-10
3.8908471597748659e-03 2.2227854953897950e-09 2.8216003880868875e-10
3.9452924953338169e-03 2.2217469056692233e-09 2.8209079104602723e-10
4.0004996944259345e-03 2.2207088452019504e-09 2.8202157963613228e-10
4.0564794179468915e-03 2.2196694959802061e-09 2.8195217466088616e-10
4.1132424759722525e-03 2.2186292017138566e-09 2.8188261904845552e-10
4.1707998298449282e-03 2.2175912594682174e-09 2.8181333103637188e-10
4.2291625942919072e-03 2.2165546029510061e-09 2.8174417467272401e-10
4.2883420395705869e-03 2.2155168642346224e-09 2.8167485018458708e-10
4.3483495936451301e-03 2.2144791300699737e-09 2.8160549559901314e-10
4.4091968443933077e-03 2.2134416463263419e-09 2.8153614237079224e-10
4.4708955418441649e-03 2.2124041749356429e-09 2.8146675978398163e-10
4.5334576004470595e-03 2.2113661185869924e-09 2.8139727175931449e-10
4.5968951013724150e-03 2.2103289746880274e-09 2.8132786865830749e-10
4.6612202948446762e-03 2.2092932173970411e-09 2.8125861016999237e-10
4.7264456025079386e-03 2.2082577084229780e-09 2.8118935344710402e-10
4.7925836198246001e-03 2.2072208700967215e-09 2.8111989685881484e-10
4.8596471185076984e-03 2.2061846457317292e-09 2.8105048747331927e-10
4.9276490489871703e-03 2.2051479989480700e-09 2.8098099266605090e-10
4.9966025429106871e-03 2.2041136130141236e-09 2.8091175509384108e-10
5.0665209156794651e-03 2.2030785098026376e-09 2.8084239460905304e-10
5.1374176690195759e-03 2.2020427917924266e-09 2.8077292534520988e-10
5.2093064935892002e-03 2.2010067788138228e-09 2.8070338790470061e-10
5.2822012716224028e-03 2.1999732720759083e-09 2.8063413882768208e-10
5.3561160796098900e-03 2.1989385812325452e-09 2.8056470740646613e-10
5.4310651910172746e-03 2.1979045269208832e-09 2.8049532582646419e-10
5.5070630790413780e-03 2.1968697006713133e-09 2.8042581463637714e-10
5.5841244194051280e-03 2.1958367616992939e-09 2.8035651425480998e-10
5.6622640931915059e-03 2.1948006659343330e-09 2.8028677966465333e-10
5.7414971897172176e-03 2.1937684025691389e-09 2.8021750347131335e-10
5.8218390094465326e-03 2.1927352236931197e-09 2.8014807817024354e-10
5.9033050669459151e-03 2.1917025306974809e-09 2.8007868434901032e-10
5.9859110938799880e-03 2.1906698261087953e-09 2.8000925766956556e-10
6.0696730420494518e-03 2.1896373307195063e-09 2.7993982766340232e-10
6.1546070864714501e-03 2.1886041601660457e-09 2.7987028014207643e-10
6.2407296285031050e-03 2.1875717798532699e-09 2.7980080194502862e-10
6.3280572990087290e-03 2.1865399912889243e-09 2.7973136818133576e-10
6.4166069615713504e-03 2.1855085980060594e-09 2.7966195356777215e-10
6.5063957157492176e-03 2.1844771207769934e-09 2.7959249747583704e-10
6.5974409003778031e-03 2.1834447997680726e-09 2.7952290269067448e-10
6.6897600969180824e-03 2.1824138979449452e-09 2.7945345847532597e-10
6.7833711328516254e-03 2.1813836662873113e-09 2.7938406851542127e-10
6.8782920851232134e-03 2.1803527988406947e-09 2.7931456523815621e-10
6.9745412836316120e-03 2.1793218821526589e-09 2.7924502513489311e-10
7.0721373147692316e-03 2.1782917022554337e-09 2.7917554813869937e-10
7.1710990250112485e-03 2.1772610319715798e-09 2.7910597748272702e-10
7.2714455245550189e-03 2.1762318264148459e-09 2.7903656318805958e-10
7.3731961910103849e-03 2.1752025177989950e-09 2.7896710435867182e-10
7.4763706731416140e-03 2.1741730480320135e-09 2.7889759309167538e-10
7.5809888946617512e-03 2.1731434717690272e-09 2.7882803725565312e-10
7.6870710580799750e-03 2.1721142638748918e-09 2.7875849767974366e-10
7.7946376486028755e-03 2.1710851653531404e-09 2.7868894108385370e-10
7.9037094380902846e-03 2.1700552585519135e-09 2.7861924898869460e-10
8.0143074890664627e-03 2.1690285652767871e-09 2.7854993814472433e-10
8.1264531587874195e-03 2.1680012026734067e-09 2.7848050956160710e-10
8.2401681033651732e-03 2.1669731794698104e-09 2.7841096538044847e-10
8.3554742819496527e-03 2.1659445573026332e-09 2.7834131343047039e-10
8.4723939609691913e-03 2.1649167050647224e-09 2.7827172916281450e-10
8.5909497184303314e-03 2.1638901241879470e-09 2.7820227642859389e-10
8.7111644482777782e-03 2.1628633001132869e-09 2.7813276068238894e-10
8.8330613648153911e-03 2.1618362373859892e-09 2.7806318307214282e-10
8.9566640071890493e-03 2.1608087701429474e-09 2.7799352232161024e-10
9.0819962439321750e-03 2.1597821287358041e-09 2.7792393687214476e-10
9.2090822775749513e-03 2.1587558808318479e-09 2.7785437042483981e-10
9.3379466493179950e-03 2.1577293934406318e-09 2.7778474164799635e-10
9.4686142437714130e-03 2.1567050078858008e-09 2.7771535136379084e-10
9.6011102937602448e-03 2.1556794639195902e-09 2.7764578105894384e-10
9.7354603851970301e-03 2.1546529718284182e-09 2.7757605752771365e-10
9.8716904620226725e-03 2.1536284184237161e-09 2.7750655248147483e-10
1.0009826831216382e-02 2.1526034265911246e-09 2.7743695913739432e-10
1.0149896167875738e-02 2.1515780130591990e-09 2.7736727985726102e-10
1.0291925520367826e-02 2.1505523355064036e-09 2.7729753484300437e-10
1.0435942315552508e-02 2.1495286390322957e-09 2.7722801383509610e-10
1.0581974364078676e-02 2.1485055257704992e-09 2.7715853725242774e-10
1.0730049865754732e-02 2.1474791975885140e-09 2.7708861458190823e-10
1.0880197414994148e-02 2.1464572703573210e-09 2.7701922784476284e-10
1.1032446006337248e-02 2.1454340013281557e-09 2.7694963605619982e-10
1.1186825040050254e-02 2.1444112452317070e-09 2.7688007887556306e-10
1.1343364327802717e-02 2.1433883650315073e-09 2.7681047432759025e-10
1.1502094098424299e-02 2.1423656111466899e-09 2.7674085551020893e-10
1.1663045003742208e-02 2.1413421233961864e-09 2.7667111002860620e-10
1.1826248124500279e-02 2.1403190330764720e-09 2.7660138397340555e-10
1.1991734976360862e-02 2.1392972381173166e-09 2.7653179351020787e-10
1.2159537515990766e-02 2.1382763707170108e-09 2.7646229127241607e-10
1.2329688147232246e-02 2.1372545343687304e-09 2.7639263278366143e-10
1.2502219727360459e-02 2.1362327148902455e-09 2.7632294499701447e-10
1.2677165573428417e-02 2.1352103724451119e-09 2.7625315805926473e-10
1.2854559468700745e-02 2.1341898286599533e-09 2.7618357163151465e-10
1.3034435669177455e-02 2.1331687280788634e-09 2.7611388152722833e-10
1.3216828910209066e-02 2.1321481672527721e-09 2.7604422948182830e-10
1.3401774413204167e-02 2.1311282169570281e-09 2.7597462579571312e-10
1.3589307892430973e-02 2.1301081993262838e-09 2.7590498153539472e-10
1.3779465561913977e-02 2.1290866688539491e-09 2.7583510920136537e-10
1.3972284142427127e-02 2.1280674791242155e-09 2.7576550862981437e-10
1.4167800868584915e-02 2.1270482702008601e-09 2.7569587351470929e-10
1.4366053496032555e-02 2.1260289187503163e-09 2.7562618848979102e-10
1.4567080308736925e-02 2.1250098972190062e-09 2.7555651514795321e-10
1.4770920126379443e-02 2.1239891117971924e-09 2.7548658127928069e-10
1.4977612311852434e-02 2.1229710312345154e-09 2.7541696627872165e-10
1.5187196778860350e-02 2.1219537831359451e-09 2.7534742705214994e-10
1.5399713999627453e-02 2.1209346865218131e-09 2.7527761636251260e-10
1.5615205012713190e-02 2.1199175487323758e-09 2.7520802856179026e-10
1.5833711430937088e-02 2.1188985814888801e-09 2.7513817177625074e-10
1.6055275449414472e-02 2.1178810111369216e-09 2.7506846431660189e-10
1.6279939853704614e-02 2.1168646318112205e-09 2.7499888018510504e-10
1.6507748028072939e-02 2.1158454983662659e-09 2.7492890561693486e-10
1.6738743963868860e-02 2.1148293851792048e-09 2.7485929186669307e-10
1.6972972268020751e-02 2.1138134707318246e-09 2.7478967295950734e-10
1.7210478171649897e-02 2.1127964861992021e-09 2.7471988266312648e-10
1.7451307538804930e-02 2.1117799661618819e-09 2.7465012137214710e-10
1.7695506875318488e-02 2.1107638308794784e-09 2.7458037801082520e-10
1.7943123337787872e-02 2.1097484957048386e-09 2.7451070633548848e-10
1.8194204742681224e-02 2.1087328169100306e-09 2.7444095852587628e-10
1.8448799575571273e-02 2.1077163926659416e-09 2.7437108235013883e-10
1.8706957000498237e-02 2.1067021367948801e-09 2.7430145645248334e-10
1.8968726869463739e-02 2.1056861804745857e-09 2.7423157685221991e-10
1.9234159732057551e-02 2.1046711520079866e-09 2.7416178613061357e-10
1.9503306845219150e-02 2.1036578905474162e-09 2.7409219387781368e-10
1.9776220183135681e-02 2.1026415346499727e-09 2.7402216636468814e-10
2.0052952447278612e-02 2.1016284522276042e-09 2.7395253410694473e-10
2.0333557076580737e-02 2.1006142046805741e-09 2.7388271813733976e-10
2.0618088257755598e-02 2.0995997835158381e-09 2.7381284741657142e-10
2.0906600935761310e-02 2.0985872565976627e-09 2.7374319126849731e-10
2.1199150824410890e-02 2.0975747451267544e-09 2.7367350540296755e-10
2.1495794417130870e-02 2.0965607731770439e-09 2.7360359728717751e-10
2.1796588997870639e-02 2.0955486855414022e-09 2.7353390345560407e-10
2.2101592652164360e-02 2.0945359430291571e-09 2.7346409191108254e-10
2.2410864278347681e-02 2.0935228848203123e-09 2.7339420712970252e-10
2.2724463598931488e-02 2.0925111351694418e-09 2.7332446075157326e-10
2.3042451172134611e-02 2.0915003789013008e-09 2.7325481249966199e-10
2.3364888403578133e-02 2.0904870928293741e-09 2.7318480240619971e-10
2.3691837558143216e-02 2.0894751853423925e-09 2.7311494003665510e-10
2.4023361771994881e-02 2.0884629686295038e-09 2.7304500525989568e-10
2.4359525064774033e-02 2.0874534976348468e-09 2.7297539705321803e-10
2.4700392351960185e-02 2.0864424887735118e-09 2.7290555550645766e-10
2.5046029457406940e-02 2.0854320008108431e-09 2.7283575059688526e-10
2.5396503126053148e-02 2.0844207387188942e-09 2.7276581240204521e-10
2.5751881036811794e-02 2.0834113379163731e-09 2.7269608571228050e-10
2.6112231815639233e-02 2.0824011693982280e-09 2.7262622671248328e-10
2.6477625048787451e-02 2.0813916092029572e-09 2.7255641459379920e-10
2.6848131296241494e-02 2.0803819014976357e-09 2.7248655122428955e-10
2.7223822105345217e-02 2.0793730962566535e-09 2.7241677410674496e-10
2.7604770024617527e-02 2.0783644129666537e-09 2.7234698113516238e-10
2.7991048617762020e-02 2.0773551240651950e-09 2.7227707668854241e-10
2.8382732477872614e-02 2.0763472059303867e-09 2.7220731946110019e-10
2.8779897241838111e-02 2.0753383579823114e-09 2.7213740851218812e-10
2.9182619604948046e-02 2.0743309615686222e-09 2.7206765533182156e-10
2.9590977335703181e-02 2.0733214095763192e-09 2.7199758768895126e-10
3.0005049290833131e-02 2.0723133055944674e-09 2.7192767782026035e-10
3.0424915430524134e-02 2.0713062309665857e-09 2.7185787087952031e-10
3.0850656833859916e-02 2.0702995002199234e-09 2.7178807672797343e-10
3.1282355714478717e-02 2.0692929951930327e-09 2.7171827993112052e-10
3.1720095436449172e-02 2.0682847197845572e-09 2.7164821863671093e-10
3.2163960530368581e-02 2.0672792586299820e-09 2.7157849503263514e-10
3.2614036709686357e-02 2.0662710613397442e-09 2.7150837961954091e-10
3.3070410887255840e-02 2.0652665308767435e-09 2.7143871358148070e-10
3.3533171192117919e-02 2.0642607914101863e-09 2.7136885622880847e-10
3.4002406986519150e-02 2.0632543802684271e-09 2.7129887862699894e-10
3.4478208883168382e-02 2.0622500285390236e-09 2.7122913954801202e-10
3.4960668762734681e-02 2.0612431702745748e-09 2.7115903873412837e-10
3.5449879791590075e-02 2.0602377051288056e-09 2.7108908898598521e-10
3.5945936439800659e-02 2.0592338061511811e-09 2.7101931267078193e-10
3.6448934499369527e-02 2.0582293486457544e-09 2.7094943051712227e-10
3.6958971102734682e-02 2.0572257090836328e-09 2.7087962380661721e-10
3.7476144741526121e-02 2.0562205330912197e-09 2.7080958275662117e-10
3.8000555285585220e-02 2.0552162796674629e-09 2.7073963101185545e-10
3.8532304002250314e-02 2.0542113696785371e-09 2.7066956016150863e-10
3.9071493575912060e-02 2.0532093307642432e-09 2.7059983527869547e-10
3.9618228127842686e-02 2.0522060744589336e-09 2.7052991745114862e-10
4.0172613236302314e-02 2.0512039199590866e-09 2.7046011251128910e-10
4.0734755956926973e-02 2.0501995931147621e-09 2.7038998925953184e-10
4.1304764843401801e-02 2.0491987083296752e-09 2.7032028758220654e-10
4.1882749968423442e-02 2.0481949213603752e-09 2.7025017046164134e-10
4.2468822944956026e-02 2.0471938129950085e-09 2.7018037414334917e-10
4.3063096947784180e-02 2.0461922185619510e-09 2.7011048161018929e-10
4.3665686735368019e-02 2.0451894555376221e-09 2.7004040230598263e-10
4.4276708672003756e-02 2.0441880241053735e-09 2.6997046666830496e-10
4.4896280750294497e-02 2.0431871653323665e-09 2.6990057391543386e-10
4.5524522613935338e-02 2.0421857272791132e-09 2.6983057245559054e-10
4.6161555580817637e-02 2.0411854272172926e-09 2.6976068851609183e-10
4.6807502666456016e-02 2.0401855634229646e-09 2.6969082998531863e-10
4.7462488607743755e-02 2.0391851856199973e-09 2.6962087100893302e-10
4.8126639887040266e-02 2.0381848902915259e-09 2.6955089066113667e-10
4.8800084756595696e-02 2.0371841781197012e-09 2.6948082297565478e-10
4.9482953263317510e-02 2.0361845230756318e-09 2.6941086244925968e-10
5.0175377273883194e-02 2.0351857882291080e-09 2.6934099096566656e-10
5.0877490500204778e-02 2.0341867038497500e-09 2.6927104056921573e-10
5.1589428525249552e-02 2.0331872282211960e-09 2.6920100623363953e-10
5.2311328829222029e-02 2.0321880628391252e-09 2.6913098051397410e-10
5.3043330816112309e-02 2.0311893231361657e-09 2.6906097837378165e-10
5.3785575840616169e-02 2.0301925303499639e-09 2.6899120173018762e-10
5.4538207235431332e-02 2.0291938753908591e-09 2.6892114559475508e-10
5.5301370338936194e-02 2.0281967497035086e-09 2.6885125976673924e-10
5.6075212523255667e-02 2.0271987930219836e-09 2.6878123145204595e-10
5.6859883222719745e-02 2.0261994863394709e-09 2.6871099142507577e-10
5.7655533962720246e-02 2.0252027860174928e-09 2.6864106429151200e-10
5.8462318388971687e-02 2.0242065241932616e-09 2.6857116302316205e-10
5.9280392297180969e-02 2.0232100387802298e-09 2.6850119900215659e-10
6.0109913663132862e-02 2.0222139766249465e-09 2.6843125869116277e-10
6.0951042673196176e-02 2.0212174698610116e-09 2.6836122689889558e-10
6.1803941755256775e-02 2.0202204723274175e-09 2.6829109778855212e-10
6.2668775610083841e-02 2.0192255172742969e-09 2.6822120667628515e-10
6.3545711243134337e-02 2.0182288119722151e-09 2.6815105039169869e-10
6.4434917996803134e-02 2.0172353398479674e-09 2.6808129114253446e-10
6.5336567583124242e-02 2.0162395226012799e-09 2.6801118776777729e-10
6.6250834116929530e-02 2.0152447559995100e-09 2.6794119147195165e-10
6.7177894149471479e-02 2.0142501021986442e-09 2.6787117738932613e-10
6.8117926702516693e-02 2.0132556862717838e-09 2.6780116209463927e-10
6.9071113302915932e-02 2.0122600159620139e-09 2.6773094717632950e-10
7.0037638017658374e-02 2.0112684052597410e-09 2.6766123986451622e-10
7.1017687489416254e-02 2.0102732386231937e-09 2.6759102645172914e-10
7.2011450972586835e-02 2.0092789739563214e-09 2.6752090079848101e-10
7.3019120369838680e-02 2.0082848699293034e-09 2.6745076320250979e-10
7.4040890269169712e-02 2.0072937346432777e-09 2.6738098835257270e-10
7.5076957981483020e-02 2.0063017043494246e-09 2.6731106186575767e-10
7.6127523578689349e-02 2.0053093341897646e-09 2.6724105709141626e-10
7.7192789932342201e-02 2.0043156383957671e-09 2.6717084305289367e-10
7.8272962752813813e-02 2.0033243954269438e-09 2.6710092312407852e-10
7.9368250629019449e-02 2.0023321939544297e-09 2.6703084275438480e-10
8.0478865068696948e-02 2.0013408051721456e-09 2.6696083783067996e-10
8.1605020539250714e-02 2.0003486900144738e-09 2.6689070295532169e-10
8.2746934509166717e-02 1.9993575257987492e-09 2.6682066239474470e-10
8.3904827490007189e-02 1.9983674401228597e-09 2.6675073284110151e-10
8.5078923078992924e-02 1.9973760345710301e-09 2.6668059447809548e-10
8.6269448002181698e-02 1.9963851546612406e-09 2.6661049343504537e-10
8.7476632158250259e-02 1.9953946722510393e-09 2.6654041215927305e-10
8.8700708662889621e-02 1.9944062792775428e-09 2.6647057766220908e-10
8.9941913893821265e-02 1.9934159796051431e-09 2.6640045525889868e-10
9.1200487536443275e-02 1.9924257259372554e-09 2.6633030654670715e-10
9.2476672630115581e-02 1.9914371622218767e-09 2.6626035047451095e-10
9.3770715615092051e-02 1.9904474425975139e-09 2.6619020715979383e-10
9.5082866380110126e-02 1.9894585901102545e-09 2.6612014644561044e-10
9.6413378310646072e-02 1.9884705810286297e-09 2.6605016595575973e-10
9.7762508337845416e-02 1.9874814208226799e-09 2.6597999868439462e-10
9.9130516988138087e-02 1.9864928174659218e-09 2.6590987279376985e-10
1.0051766843354829e-01 1.9855051516079483e-09 2.6583983962437929e-10
1.0192423054270730e-01 1.9845173765626175e-09 2.6576975865577290e-10
1.0335047493258126e-01 1.9835309190071165e-09 2.6569982130590668e-10
1.0479667702092217e-01 1.9825436405162957e-09 2.6562974115640736e-10
1.0626311607945298e-01 1.9815560097657132e-09 2.6555958085856741e-10
1.0775007528779677e-01 1.9805682471543061e-09 2.6548936953004542e-10
1.0925784178816123e-01 1.9795821394745810e-09 2.6541934714166850e-10
1.1078670674078708e-01 1.9785956847990500e-09 2.6534924528262085e-10
1.1233696538017365e-01 1.9776106074131521e-09 2.6527929513671553e-10
1.1390891707209057e-01 1.9766244715098875e-09 2.6520917017506867e-10
1.1550286537138729e-01 1.9756385905297729e-09 2.6513904615423419e-10
1.1711911808061215e-01 1.9746531406571672e-09 2.6506894721746924e-10
1.1875798730945041e-01 1.9736680600976221e-09 2.6499886456301323e-10
1.2041978953499535e-01 1.9726842124354457e-09 2.6492891477940138e-10
1.2210484566286209e-01 1.9716991092454207e-09 2.6485876302479266e-10
1.2381348108915666e-01 1.9707142156753210e-09 2.6478860628263811e-10
1.2554602576331214e-01 1.9697302923728282e-09 2.6471854705414095e-10
1.2730281425180476e-01 1.9687460264178668e-09 2.6464840858344758e-10
1.2908418580276021e-01 1.9677624705128283e-09 2.6457833215677913e-10
1.3089048441146536e-01 1.9667797116390318e-09 2.6450833047241242e-10
1.3272205888679600e-01 1.9657963273710500e-09 2.6443821098103957e-10
1.3457926291857431e-01 1.9648128803792747e-09 2.6436805036159331e-10
1.3646245514586858e-01 1.9638298899196017e-09 2.6429791793718950e-10
1.3837199922624965e-01 1.9628473970378854e-09 2.6422781918373878e-10
1.4030826390601478e-01 1.9618651017061147e-09 2.6415771400594402e-10
1.4227162309139574e-01 1.9608840225852853e-09 2.6408773915299650e-10
1.4426245592076248e-01 1.9599013796844709e-09 2.6401752098846325e-10
1.4628114683783738e-01 1.9589193956491846e-09 2.6394735806539689e-10
1.4832808566593458e-01 1.9579379087826304e-09 2.6387722906292838e-10
1.5040366768323654e-01 1.9569573742119730e-09 2.6380719519197555e-10
1.5250829369912589e-01 1.9559767009419034e-09 2.6373710953077979e-10
1.5464237013158411e-01 1.9549965647419452e-09 2.6366706302407467e-10
1.5680630908567383e-01 1.9540158604200022e-09 2.6359690652108735e-10
1.5900052843311899e-01 1.9530346966915903e-09 2.6352665516005465e-10
1.6122545189299942e-01 1.9520540435510904e-09 2.6345643921286393e-10
1.6348150911357304e-01 1.9510752757080223e-09 2.6338644422345452e-10
1.6576913575524452e-01 1.9500948494279601e-09 2.6331619256279565e-10
1.6808877357469423e-01 1.9491173705310694e-09 2.6324630542147735e-10
1.7044087051018431e-01 1.9481380380632056e-09 2.6317613473877870e-10
1.7282588076805941e-01 1.9471586982437584e-09 2.6310592972246317e-10
1.7524426491045614e-01 1.9461805026145233e-09 2.6303584584559381e-10
1.7769648994424139e-01 1.9452021406924415e-09 2.6296570644828548e-10
1.8018302941119452e-01 1.9442243704903022e-09 2.6289561365609284e-10
1.8270436347945154e-01 1.9432463128049697e-09 2.6282544885051592e-10
1.8526097903622885e-01 1.9422692528956127e-09 2.6275538538707162e-10
1.8785336978184519e-01 1.9412917272607460e-09 2.6268522573270472e-10
1.9048203632505753e-01 1.9403129562098368e-09 2.6261486410006569e-10
1.9314748627973291e-01 1.9393379594350485e-09 2.6254498000742902e-10
1.9585023436287199e-01 1.9383604679290662e-09 2.6247472469263528e-10
1.9859080249400451e-01 1.9373853034983960e-09 2.6240475174067986e-10
2.0136971989597541e-01 1.9364084316973367e-09 2.6233451343491975e-10
2.0418752319714223e-01 1.9354322626985100e-09 2.6226433726535116e-10
2.0704475653500057e-01 1.9344567260740743e-09 2.6219421346529796e-10
2.0994197166126177e-01 1.9334816139797171e-09 2.6212411353027914e-10
2.1287972804839969e-01 1.9325066851893549e-09 2.6205400549011423e-10
2.1585859299768850e-01 1.9315315047162512e-09 2.6198382927607155e-10
2.1887914174875356e-01 1.9305565729163467e-09 2.6191365365912945e-10
2.2194195759065274e-01 1.9295823227079675e-09 2.6184353735117308e-10
2.2504763197451458e-01 1.9286080975033156e-09 2.6177339077224762e-10
2.2819676462775135e-01 1.9276348603347191e-09 2.6170334494711183e-10
2.3138996366987066e-01 1.9266610393039293e-09 2.6163318616996387e-10
2.3462784572990730e-01 1.9256877176392302e-09 2.6156306187021743e-10
2.3791103606549957e-01 1.9247138555601563e-09 2.6149283078953928e-10
2.4124016868362949e-01 1.9237394590330282e-09 2.6142249370109344e-10
2.4461588646305493e-01 1.9227672713954293e-09 2.6135242304823506e-10
2.4803884127845377e-01 1.9217961202511542e-09 2.6128245990484016e-10
2.5150969412630531e-01 1.9208238229248933e-09 2.6121230741642871e-10
2.5502911525253330e-01 1.9198502780024963e-09 2.6114195129625250e-10
2.5859778428193586e-01 1.9188786289065315e-09 2.6107182011153481e-10
2.6221639034942446e-01 1.9179073238474032e-09 2.6100170216180065e-10
2.6588563223310163e-01 1.9169356575341546e-09 2.6093150103273940e-10
2.6960621848919958e-01 1.9159648073028335e-09 2.6086137789450560e-10
2.7337886758890712e-01 1.9149950288002354e-09 2.6079136701223732e-10
2.7720430805711260e-01 1.9140240434401360e-09 2.6072115796607067e-10
2.8108327861308546e-01 1.9130532728797578e-09 2.6065094487566560e-10
2.8501652831312918e-01 1.9120833163762952e-09 2.6058080885246592e-10
2.8900481669522915e-01 1.9111149932927836e-09 2.6051086223581131e-10
2.9304891392572441e-01 1.9101449697898471e-09 2.6044065003005595e-10
2.9714960094803228e-01 1.9091754512124599e-09 2.6037047313247154e-10
3.0130766963345479e-01 1.9082053522543531e-09 2.6030018315530148e-10
3.0552392293409314e-01 1.9072366370441367e-09 2.6023004851750199e-10
3.0979917503790422e-01 1.9062680147034692e-09 2.6015989314024301e-10
3.1413425152592594e-01 1.9052988724376237e-09 2.6008963284565189e-10
3.1852998953170220e-01 1.9043319567200248e-09 2.6001964293251093e-10
3.2298723790294054e-01 1.9033633530205345e-09 2.5994938889718139e-10
3.2750685736542873e-01 1.9023953775268570e-09 2.5987918655403277e-10
3.3208972068924825e-01 1.9014290648475841e-09 2.5980917815053140e-10
3.3673671285731166e-01 1.9004619423220062e-09 2.5973902549737473e-10
3.4144873123625941e-01 1.8994947796771008e-09 2.5966883377269251e-10
3.4622668574974685e-01 1.8985282612418373e-09 2.5959869601460686e-10
3.5107149905415852e-01 1.8975614259411668e-09 2.5952848124204817e-10
3.5598410671677744e-01 1.8965949769973429e-09 2.5945828572720902e-10
3.6096545739645081e-01 1.8956295046580983e-09 2.5938819003832366e-10
3.6601651302678262e-01 1.8946645151618496e-09 2.5931812688492098e-10
3.7113824900188958e-01 1.8936989875877970e-09 2.5924795625702129e-10
3.7633165436475624e-01 1.8927337926657707e-09 2.5917779713131148e-10
3.8159773199822750e-01 1.8917668087421859e-09 2.5910735927944842e-10
3.8693749881867023e-01 1.8908029864784105e-09 2.5903732056486657e-10
3.9235198597234811e-01 1.8898383152776864e-09 2.5896713208656932e-10
3.9784223903454313e-01 1.8888753726727468e-09 2.5889714682537999e-10
4.0340931821146286e-01 1.8879106399398391e-09 2.5882688220154821e-10
4.0905429854497544e-01 1.8869468245072098e-09 2.5875670956892498e-10
4.1477827012020502e-01 1.8859828490629171e-09 2.5868648073850189e-10
4.2058233827603664e-01 1.8850204194585495e-09 2.5861643044596745e-10
4.2646762381856451e-01 1.8840573318969589e-09 2.5854625639043650e-10
4.3243526323752729e-01 1.8830943971400902e-09 2.5847606928313704e-10
4.3848640892577184e-01 1.8821323107419510e-09 2.5840596466715044e-10
4.4462222940179025e-01 1.8811700610408619e-09 2.5833580360173124e-10
4.5084390953536602e-01 1.8802073809716667e-09 2.5826554942794914e-10
4.5715265077638267e-01 1.8792448683069294e-09 2.5819528499433881e-10
4.6354967138683140e-01 1.8782844607627423e-09 2.5812527571426354e-10
4.7003620667606633e-01 1.8773239313449004e-09 2.5805521567584081e-10
4.7661350923935064e-01 1.8763617232478632e-09 2.5798489102510440e-10
4.8328284919974396e-01 1.8754012684939903e-09 2.5791477313417663e-10
4.9004551445336664e-01 1.8744405448475765e-09 2.5784458473776753e-10
4.9690281091810773e-01 1.8734805980884594e-09 2.5777446943361614e-10
5.0385606278580419e-01 1.8725212530645181e-09 2.5770440295404954e-10
5.1090661277794835e-01 1.8715607888122014e-09 2.5763414847625426e-10
5.1805582240498393e-01 1.8706013589734531e-09 2.5756400228086629e-10
5.2530507222921496e-01 1.8696420430237320e-09 2.5749383774260917e-10
5.3265576213140919e-01 1.8686826797634377e-09 2.5742363257165899e-10
5.4010931158112230e-01 1.8677243511835341e-09 2.5735353645036771e-10
5.4766715991080317e-01 1.8667649182710679e-09 2.5728325415868917e-10
5.5533076659374747e-01 1.8658072827404676e-09 2.5721318528801509e-10
5.6310161152592297e-01 1.8648500039997481e-09 2.5714313151051378e-10
5.7098119531175673e-01 1.8638918711446626e-09 2.5707292633586316e-10
5.7897103955390317e-01 1.8629338510446045e-09 2.5700270248066464e-10
5.8707268714708460e-01 1.8619774862819902e-09 2.5693267330190236e-10
5.9528770257603103e-01 1.8610193655415082e-09 2.5686236759871964e-10
6.0361767221758955e-01 1.8600643151657068e-09 2.5679245145291085e-10
6.1206420464707356e-01 1.8591075511738239e-09 2.5672226453337809e-10
6.2062893094887983e-01 1.8581505797178524e-09 2.5665201514662156e-10
6.2931350503147110e-01 1.8571945882139647e-09 2.5658186708660564e-10
6.3811960394675349e-01 1.8562392007010241e-09 2.5651176885189683e-10
6.4704892821392312e-01 1.8552833924406589e-09 2.5644157826228058e-10
6.5610320214785733e-01 1.8543279584399472e-09 2.5637140471960616e-10
6.6528417419208152e-01 1.8533725999401710e-09 2.5630120745895487e-10
6.7459361725641487e-01 1.8524183812094817e-09 2.5623113355888619e-10
6.8403332905932790e-01 1.8514638450621006e-09 2.5616098277691893e-10
6.9360513247508992e-01 1.8505100728818709e-09 2.5609090322309258e-10
7.0331087588578911e-01 1.8495567104090582e-09 2.5602084600902862e-10
7.1315243353825597e-01 1.8486022901208474e-09 2.5595060823400166e-10
7.2313170590600562e-01 1.8476475979970007e-09 2.5588029835690952e-10
7.3325062005622033e-01 1.8466945911635841e-09 2.5581018800510024e-10
7.4351113002189062e-01 1.8457427358756703e-09 2.5574020301888834e-10
7.5391521717914733e-01 1.8447893467375374e-09 2.5566997182394398e-10
7.6446489062987544e-01 1.8438378335565389e-09 2.5559996568032041e-10
7.7516218758969602e-01 1.8428850758513119e-09 2.5552975314695257e-10
7.8600917378135438e-01 1.8419323243464564e-09 2.5545950709352416e-10
7.9700794383363671e-01 1.8409808944037156e-09 2.5538941037288934e-10
8.0816062168585256e-01 1.8400298786013873e-09 2.5531933692240713e-10
8.1946936099797774e-01 1.8390780837605864e-09 2.5524912128828415e-10
8.3093634556655227e-01 1.8381280787717667e-09 2.5517911942178974e-10
8.4256378974637369e-01 1.8371762510040487e-09 2.5510883021378935e-10
8.5435393887811617e-01 1.8362269611939106e-09 2.5503885911013008e-10
8.6630906972191646e-01 1.8352762237102448e-09 2.5496865319129417e-10
8.7843149089702666e-01 1.8343257324506121e-09 2.5489844736685611e-10
8.9072354332763726e-01 1.8333766638465323e-09 2.5482840470317680e-10
9.0318760069491177e-01 1.8324268785792087e-09 2.5475822770941139e-10
9.1582606989537330e-01 1.8314765856871383e-09 2.5468794604009594e-10
9.2864139150568847e-01 1.8305287958773042e-09 2.5461797807927741e-10
9.4163604025395320e-01 1.8295797579183292e-09 2.5454780276191009e-10
9.5481252549759410e-01 1.8286322492732089e-09 2.5447780585180343e-10
9.6817339170792704e-01 1.8276845254230254e-09 2.5440774448156754e-10
9.8172121896152786e-01 1.8267359261872143e-09 2.5433752663507604e-10
9.9545862343844782e-01 1.8257886937697792e-09 2.5426746485003243e-10
1.0093882579274298e+00 1.8248411549487611e-09 2.5419732649406917e-10
1.0235128123381745e+00 1.8238947842854920e-09 2.5412731629262192e-10
1.0378350142207746e+00 1.8229480117523749e-09 2.5405721623755856e-10
1.0523576292924386e+00 1.8220009317385166e-09 2.5398703833752916e-10
1.0670834619715519e+00 1.8210544214465305e-09 2.5391690513201027e-10
1.0820153559192469e+00 1.8201076965401944e-09 2.5384670788752209e-10
1.0971561945885249e+00 1.8191618282706787e-09 2.5377659650751677e-10
1.1125089017810659e+00 1.8182169488493124e-09 2.5370658806377724e-10
1.1280764422118505e+00 1.8172706552515944e-09 2.5363634818357046e-10
1.1438618220816488e+00 1.8163262890148604e-09 2.5356634259140550e-10
1.1598680896575542e+00 1.8153811215503311e-09 2.5349619043987799e-10
1.1760983358616193e+00 1.8144364275852392e-09 2.5342607016642475e-10
1.1925556948677269e+00 1.8134927888556700e-09 2.5335606306311554e-10
1.2092433447068376e+00 1.8125486710920624e-09 2.5328595520465858e-10
1.2261645078806696e+00 1.8116049471405429e-09 2.5321586743760285e-10
1.2433224519840076e+00 1.8106608748458260e-09 2.5314569611400828e-10
1.2607204903356768e+00 1.8097173040866141e-09 2.5307556012014828e-10
1.2783619826183865e+00 1.8087755354881430e-09 2.5300564250928848e-10
1.2962503355274997e+00 1.8078327970633209e-09 2.5293555482527796e-10
1.3143890034288832e+00 1.8068905824942745e-09 2.5286550605841509e-10
1.3327814890259868e+00 1.8059484557697348e-09 2.5279543459293468e-10
1.3514313440362198e+00 1.8050057059875694e-09 2.5272524116656104e-10
1.3703421698768301e+00 1.8040643102769134e-09 2.5265520292575582e-10
1.3895176183603559e+00 1.8031220353444346e-09 2.5258500761116811e-10
1.4089613923998072e+00 1.8021818915711487e-09 2.5251507605878168e-10
1.4286772467237443e+00 1.8012406443327003e-09 2.5244495572674394e-10
1.4486689886013184e+00 1.8003008027601895e-09 2.5237499739321073e-10
1.4689404785775035e+00 1.7993601863061599e-09 2.5230489555617865e-10
1.4894956312185847e+00 1.7984199501804652e-09 2.5223481268675644e-10
1.5103384158680799e+00 1.7974795055109803e-09 2.5216466655866112e-10
1.5314728574132681e+00 1.7965398576662312e-09 2.5209459753647527e-10
1.5529030370624002e+00 1.7956016454749097e-09 2.5202469514952939e-10
1.5746330931328321e+00 1.7946623933041272e-09 2.5195461211434665e-10
1.5966672218501385e+00 1.7937226682055197e-09 2.5188442771516212e-10
1.6190096781584553e+00 1.7927845809533677e-09 2.5181443909789033e-10
1.6416647765421295e+00 1.7918467090157719e-09 2.5174444632905973e-10
1.6646368918588663e+00 1.7909087142951360e-09 2.5167440206719169e-10
1.6879304601845679e+00 1.7899702868968471e-09 2.5160426226548386e-10
1.7115499796699440e+00 1.7890326284148400e-09 2.5153419482468593e-10
1.7355000114091597e+00 1.7880947580793860e-09 2.5146406336300661e-10
1.7597851803206048e+00 1.7871579073434839e-09 2.5139404085455667e-10
1.7844101760399862e+00 1.7862212751442066e-09 2.5132401476953917e-10
1.8093797538259559e+00 1.7852854550799198e-09 2.5125406850671733e-10
1.8346987354783542e+00 1.7843490162374190e-09 2.5118399983923211e-10
1.8603720102693593e+00 1.7834131727828045e-09 2.5111398019396938e-10
1.8864045358876287e+00 1.7824777909213401e-09 2.5104399083854202e-10
1.9128013393956522e+00 1.7815422705224833e-09 2.5097394772547746e-10
1.9395675182005394e+00 1.7806065851279397e-09 2.5090384703204951e-10
1.9667082410383341e+00 1.7796722434689285e-09 2.5083390060458947e-10
1.9942287489721633e+00 1.7787382812672221e-09 2.5076397235540519e-10
2.0221343564042935e+00 1.7778028354549552e-09 2.5069380050047308e-10
2.0504304521024048e+00 1.7768688007546887e-09 2.5062379307441340e-10
2.0791225002401896e+00 1.7759351483413692e-09 2.5055380489247492e-10
2.1082160414525077e+00 1.7750014257153487e-09 2.5048377258515514e-10
2.1377166939053538e+00 1.7740692052809206e-09 2.5041391692635763e-10
2.1676301543807281e+00 1.7731342969153912e-09 2.5034364699685302e-10
2.1979621993767560e+00 1.7722019476683672e-09 2.5027370302761819e-10
2.2287186862231576e+00 1.7712698556686575e-09 2.5020376136777631e-10
2.2599055542123243e+00 1.7703377726373195e-09 2.5013378647060683e-10
2.2915288257462709e+00 1.7694068747530291e-09 2.5006394441813242e-10
2.3235946074995648e+00 1.7684746450662217e-09 2.4999387871490900e-10
2.3561090915986016e+00 1.7675427865215191e-09 2.4992383058016820e-10
2.3890785568173332e+00 1.7666127666368858e-09 2.4985400748019604e-10
2.4225093697897297e+00 1.7656816204303616e-09 2.4978399079542296e-10
2.4564079862392525e+00 1.7647493293276856e-09 2.4971377763482267e-10
2.4907809522254625e+00 1.7638208376433044e-09 2.4964406722958422e-10
2.5256349054081482e+00 1.7628902648019998e-09 2.4957402678206715e-10
2.5609765763290642e+00 1.7619595749675444e-09 2.4950393480721400e-10
2.5968127897116831e+00 1.7610311579008798e-09 2.4943412998629603e-10
2.6331504657790794e+00 1.7601012665806841e-09 2.4936408209079648e-10
2.6699966215902591e+00 1.7591731693981813e-09 2.4929425359849818e-10
2.7073583723952375e+00 1.7582445450787205e-09 2.4922431534981311e-10
2.7452429330090045e+00 1.7573154703339837e-09 2.4915427770314640e-10
2.7836576192047895e+00 1.7563871360923937e-09 2.4908431015216308e-10
2.8226098491267755e+00 1.7554593032477934e-09 2.4901437910580604e-10
2.8621071447225757e+00 1.7545315277898846e-09 2.4894442172025455e-10
2.9021571331958134e+00 1.7536043143082951e-09 2.4887450949627887e-10
2.9427675484789448e+00 1.7526774412876089e-09 2.4880461003457105e-10
2.9839462327267725e+00 1.7517504276442340e-09 2.4873465519321955e-10
3.0257011378308065e+00 1.7508234090940869e-09 2.4866466508980648e-10
3.0680403269548093e+00 1.7498971306359825e-09 2.4859474513395896e-10
3.1109719760918928e+00 1.7489715115295900e-09 2.4852488469064172e-10
3.1545043756433095e+00 1.7480450821548911e-09 2.4845487407419760e-10
3.1986459320194323e+00 1.7471206816680151e-09 2.4838511622210451e-10
3.2434051692630694e+00 1.7461936061997609e-09 2.4831494285769889e-10
3.2887907306955011e+00 1.7452689202759659e-09 2.4824507411675249e-10
3.3348113805856063e+00 1.7443444660133650e-09 2.4817520431040259e-10
3.3814760058422553e+00 1.7434210965718570e-09 2.4810545407472699e-10
3.4287936177304852e+00 1.7424961898048116e-09 2.4803544979406413e-10
3.4767733536115850e+00 1.7415726192221910e-09 2.4796560018930257e-10
3.5254244787076305e+00 1.7406473283890563e-09 2.4789547005114920e-10
3.5747563878906452e+00 1.7397244784402343e-09 2.4782565303952269e-10
3.6247786074967916e+00 1.7388028471394931e-09 2.4775597531029513e-10
3.6755007971660247e+00 1.7378798562740824e-09 2.4768606884035505e-10
3.7269327517073783e+00 1.7369575521141421e-09 2.4761622519727477e-10
3.7790844029904607e+00 1.7360351890866022e-09 2.4754633732235656e-10
3.8319658218633492e+00 1.7351122191166482e-09 2.4747632756815522e-10
3.8855872200973143e+00 1.7341905626827465e-09 2.4740647076062082e-10
3.9399589523588410e+00 1.7332688006320197e-09 2.4733656449794965e-10
3.9950915182091227e+00 1.7323486035440544e-09 2.4726684613467536e-10
4.0509955641316564e+00 1.7314278900962296e-09 2.4719701860127863e-10
4.1076818855881285e+00 1.7305073096062311e-09 2.4712717437127334e-10
4.1651614291030707e+00 1.7295861839072401e-09 2.4705721744733846e-10
4.2234452943777665e+00 1.7286665133358657e-09 2.4698743386446113e-10
4.2825447364336124e+00 1.7277466059344050e-09 2.4691758199823870e-10
4.3424711677856145e+00 1.7268276571737849e-09 2.4684783094985820e-10
4.4032361606461503e+00 1.7259071095361571e-09 2.4677781634877495e-10
4.4648514491597080e+00 1.7249873350546897e-09 2.4670787698672541e-10
4.5273289316688050e+00 1.7240685147014289e-09 2.4663803874345438e-10
4.5906806730116125e+00 1.7231520224385215e-09 2.4656849911478124e-10
4.6549189068518251e+00 1.7222335684492077e-09 2.4649864401369180e-10
4.7200560380409913e+00 1.7213155248106631e-09 2.4642881218954545e-10
4.7861046450140456e+00 1.7203984748405565e-09 2.4635908647314567e-10
4.8530774822182599e+00 1.7194805105126348e-09 2.4628919505353173e-10
4.9209874825761890e+00 1.7185639358273487e-09 2.4621946768857062e-10
4.9898477599831788e+00 1.7176473107707168e-09 2.4614969843466577e-10
5.0596716118396685e+00 1.7167309575736953e-09 2.4607993333570083e-10
5.1304725216190823e+00 1.7158148353022338e-09 2.4601016533090763e-10
5.2022641614715530e+00 1.7148973880543689e-09 2.4594017157942116e-10
5.2750603948640800e+00 1.7139817065025781e-09 2.4587039594401626e-10
5.3488752792577321e+00 1.7130667121865984e-09 2.4580068443333586e-10
5.4237230688221549e+00 1.7121514545536472e-09 2.4573090027186114e-10
5.4996182171882433e+00 1.7112375509932351e-09 2.4566127493851282e-10
5.5765753802391451e+00 1.7103230481948132e-09 2.4559152789374470e-10
5.6546094189404936e+00 1.7094084133036522e-09 2.4552172612889379e-10
5.7337354022101312e+00 1.7084945125412169e-09 2.4545199505716693e-10
5.8139686098279881e+00 1.7075802325255427e-09 2.4538217457373264e-10
5.8953245353867949e+00 1.7066677435217315e-09 2.4531257669232044e-10
5.9778188892839088e+00 1.7057544081974176e-09 2.4524282175864985e-10
6.0614676017551874e+00 1.7048411264307733e-09 2.4517303805549033e-10
6.1462868259511882e+00 1.7039285280792386e-09 2.4510331751577889e-10
6.2322929410564223e+00 1.7030165052400462e-09 2.4503364495000994e-10
6.3195025554523729e+00 1.7021028645739898e-09 2.4496370503482576e-10
6.4079325099245912e+00 1.7011921159558806e-09 2.4489414586108533e-10
6.4975998809148567e+00 1.7002808966686870e-09 2.4482448317522743e-10
6.5885219838187217e+00 1.6993688287811478e-09 2.4475466240521647e-10
6.6807163763291921e+00 1.6984581940721832e-09 2.4468501264580591e-10
6.7742008618273379e+00 1.6975474574972830e-09 2.4461531353604768e-10
6.8689934928201373e+00 1.6966375464774428e-09 2.4454569850255894e-10
6.9651125744266578e+00 1.6957277063005344e-09 2.4447605853458641e-10
7.0625766679127837e+00 1.6948170358181020e-09 2.4440626259542633e-10
7.1614045942756315e+00 1.6939080965495577e-09 2.4433668069839335e-10
7.2616154378779711e+00 1.6929978652538524e-09 2.4426687710121351e-10
7.3632285501335035e+00 1.6920876300599558e-09 2.4419703814145518e-10
7.4662635532438602e+00 1.6911815126325584e-09 2.4412775870480020e-10
7.5707403439876648e+00 1.6902725068542613e-09 2.4405802660127001e-10
7.6766790975628485e+00 1.6893647453169326e-09 2.4398843804375283e-10
7.7841002714825764e+00 1.6884561546167566e-09 2.4391869429055061e-10
7.8930246095256855e+00 1.6875481131337488e-09 2.4384899463529370e-10
8.0034731457425661e+00 1.6866414713223088e-09 2.4377946224780881e-10
8.1154672085168595e+00 1.6857341957422512e-09 2.4370980363019055e-10
8.2290284246842216e+00 1.6848281112870772e-09 2.4364028100369879e-10
8.3441787237085787e+00 1.6839204301619123e-09 2.4357049126793303e-10
8.4609403419167979e+00 1.6830144942412562e-09 2.4350091865138076e-10
8.5793358267928088e+00 1.6821087445353977e-09 2.4343133798741873e-10
8.6993880413315274e+00 1.6812027717853617e-09 2.4336169011515849e-10
8.8211201684540175e+00 1.6802984318145809e-09 2.4329224354455738e-10
8.9445557154841122e+00 1.6793928610621448e-09 2.4322258226190339e-10
9.0697185186879903e+00 1.6784869279061228e-09 2.4315283247416310e-10
9.1966327478770502e+00 1.6775834655637018e-09 2.4308340566089975e-10
9.3253229110752294e+00 1.6766782773042507e-09 2.4301369367774671e-10
9.4558138592517995e+00 1.6757748476210891e-09 2.4294420165389897e-10
9.5881307911201095e+00 1.6748718509303939e-09 2.4287473642640349e-10
9.7222992580037708e+00 1.6739684695987214e-09 2.4280517967649902e-10
9.8583451687707360e+00 1.6730644744762609e-09 2.4273549770292755e-10
9.9962947948364231e+00 1.6721625744103959e-09 2.4266608470548000e-10
1.0136174775237050e+01 1.6712592612532906e-09 2.4259643186473165e-10
1.0278012121773655e+01 1.6703574802661974e-09 2.4252696600596227e-10
1.0421834224228409e+01 1.6694548489859477e-09 2.4245734099026852e-10
1.0567668855653713e+01 1.6685538729636147e-09 2.4238791990109843e-10
1.0715544177735300e+01 1.6676524759789278e-09 2.4231840211107748e-10
1.0865488746230611e+01 1.6667498316101188e-09 2.4224866779770497e-10
1.1017531516482926e+01 1.6658509671881039e-09 2.4217944821579180e-10
1.1171701849013012e+01 1.6649498151737760e-09 2.4210986060865004e-10
1.1328029515188762e+01 1.6640505293565310e-09 2.4204050819155175e-10
1.1486544702974200e+01 1.6631488689937192e-09 2.4197077414826575e-10
1.1647278022759137e+01 1.6622504917475349e-09 2.4190148234322503e-10
1.1810260513270075e+01 1.6613503265570132e-09 2.4183189552789632e-10
1.1975523647564179e+01 1.6604520941545221e-09 2.4176255506180824e-10
1.2143099339106765e+01 1.6595534728805149e-09 2.4169312224139245e-10
1.2313019947934174e+01 1.6586541829627575e-09 2.4162355548421825e-10
1.2485318286902652e+01 1.6577552992411009e-09 2.4155401179643801e-10
1.2660027628024665e+01 1.6568580003321080e-09 2.4148466367280156e-10
1.2837181708894132e+01 1.6559603579039883e-09 2.4141523069393503e-10
1.3016814739201187e+01 1.6550637829299504e-09 2.4134591819279117e-10
1.3198961407338498e+01 1.6541663284925563e-09 2.4127644193723898e-10
1.3383656887099741e+01 1.6532692111864136e-09 2.4120697756240014e-10
1.3570936844471845e+01 1.6523711373499378e-09 2.4113733829722001e-10
1.3760837444522519e+01 1.6514759252443884e-09 2.4106808131078649e-10
1.3953395358383764e+01 1.6505805279104146e-09 2.4099876237045624e-10
1.4148647770333522e+01 1.6496840626619846e-09 2.4092925203243874e-10
1.4346632384976132e+01 1.6487899098702187e-09 2.4086004332598246e-10
1.4547387434523268e+01 1.6478942175940688e-09 2.4079057343644101e-10
1.4750951686177046e+01 1.6469994005839031e-09 2.4072119548985793e-10
1.4957364449616012e+01 1.6461052242025011e-09 2.4065187621013930e-10
1.5166665584586347e+01 1.6452103590796556e-09 2.4058242110715166e-10
1.5378895508598827e+01 1.6443170481931677e-09 2.4051315774247030e-10
1.5594095204733936e+01 1.6434232516988293e-09 2.4044378700624112e-10
1.5812306229555897e+01 1.6425304065608788e-09 2.4037451886778681e-10
1.6033570721137433e+01 1.6416371304695993e-09 2.4030515255173346e-10
1.6257931407197159e+01 1.6407432035829962e-09 2.4023565576725703e-10
1.6485431613350329e+01 1.6398515915650587e-09 2.4016646286927226e-10
1.6716115271475552e+01 1.6389599508138621e-09 2.4009722963329889e-10
1.6950026928198241e+01 1.6380683327011710e-09 2.4002796316039129e-10
1.7187211753492793e+01 1.6371766255526084e-09 2.3995864747744231e-10
1.7427715549405441e+01 1.6362852107383415e-09 2.3988933960536918e-10
1.7671584758898682e+01 1.6353942895454884e-09 2.3982006899583609e-10
1.7918866474819993e+01 1.6345030511998729e-09 2.3975071661880740e-10
1.8169608448995660e+01 1.6336129970962538e-09 2.3968150148721936e-10
1.8423859101451914e+01 1.6327222393466876e-09 2.3961214639348516e-10
1.8681667529765395e+01 1.6318322888890299e-09 2.3954287381519588e-10
1.8943083518543961e+01 1.6309434187066987e-09 2.3947372482795046e-10
1.9208157549040752e+01 1.6300531501032226e-09 2.3940433546620225e-10
1.9476940808902139e+01 1.6291653928853288e-09 2.3933527928913648e-10
1.9749485202052721e+01 1.6282769110511263e-09 2.3926608056856156e-10
2.0025843358718188e+01 1.6273881860201184e-09 2.3919680874172167e-10
2.0306068645588486e+01 1.6265000154453570e-09 2.3912758331491788e-10
2.0590215176123568e+01 1.6256116459097381e-09 2.3905829339330946e-10
2.0878337821002766e+01 1.6247237750957434e-09 2.3898904174793912e-10
2.1170492218720973e+01 1.6238370644147901e-09 2.3891992483018713e-10
2.1466734786332726e+01 1.6229506661508630e-09 2.3885081696797194e-10
2.1767122730346571e+01 1.6220634641341199e-09 2.3878155461344012e-10
2.2071714057772379e+01 1.6211771627861647e-09 2.3871238941716853e-10
2.2380567587322524e+01 1.6202910198625205e-09 2.3864321251915735e-10
2.2693742960770514e+01 1.6194054582882789e-09 2.3857408564359996e-10
2.3011300654468101e+01 1.6185200601998516e-09 2.3850494688958038e-10
2.3333301991023532e+01 1.6176343443685700e-09 2.3843572429545076e-10
2.3659809151143723e+01 1.6167493291938527e-09 2.3836656900572652e-10
2.3990885185641385e+01 1.6158656868881421e-09 2.3829758073885527e-10
2.4326594027610977e+01 1.6149813834963302e-09 2.3822846021253034e-10
2.4667000504774240e+01 1.6140975011045575e-09 2.3815936584573623e-10
2.5012170351999220e+01 1.6132132784900167e-09 2.3809018475719907e-10
2.5362170223993996e+01 1.6123301466995245e-09 2.3802112801457342e-10
2.5717067708178000e+01 1.6114474195891788e-09 2.3795209513696965e-10
2.6076931337733992e+01 1.6105640853685542e-09 2.3788293744801916e-10
2.6441830604841879e+01 1.6096819028638903e-09 2.3781391462329021e-10
2.6811835974098493e+01 1.6088001219669048e-09 2.3774491535129412e-10
2.7187018896124663e+01 1.6079175637901799e-09 2.3767576425027669e-10
2.7567451821362642e+01 1.6070367665758537e-09 2.3760683713030315e-10
2.7953208214067200e+01 1.6061546543199986e-09 2.3753767981652585e-10
2.8344362566491611e+01 1.6052737635956675e-09 2.3746866802544272e-10
2.8740990413273053e+01 1.6043935114456063e-09 2.3739971556954389e-10
2.9143168346018687e+01 1.6035127097805244e-09 2.3733064554404385e-10
2.9550974028095848e+01 1.6026331761667660e-09 2.3726172606627070e-10
2.9964486209629818e+01 1.6017532593037660e-09 2.3719271340119438e-10
3.0383784742710528e+01 1.6008733034518732e-09 2.3712365993198174e-10
3.0808950596813048e+01 1.5999938943693207e-09 2.3705465187928901e-10
3.1240065874432865e+01 1.5991156671990917e-09 2.3698578383386043e-10
3.1677213826940882e+01 1.5982367997080225e-09 2.3691678421810742e-10
3.2120478870659660e+01 1.5973575817361894e-09 2.3684769540739895e-10
3.2569946603164588e+01 1.5964799801816805e-09 2.3677881047377882e-10
3.3025703819813849e+01 1.5956010738131020e-09 2.3670969664582848e-10
3.3487838530508661e+01 1.5947250353256869e-09 2.3664097290127768e-10
3.3956439976689083e+01 1.5938480393601963e-09 2.3657207145292006e-10
3.4431598648566968e+01 1.5929715936101144e-09 2.3650321498487538e-10
3.4913406302600038e+01 1.5920929276479172e-09 2.3643399176328594e-10
3.5401955979211159e+01 1.5912183183580808e-09 2.3636533537842369e-10
3.5897342020754586e+01 1.5903420896946483e-09 2.3629640321378894e-10
3.6399660089734581e+01 1.5894662054477318e-09 2.3622748682629339e-10
3.6909007187278320e+01 1.5885905145849689e-09 2.3615856321530086e-10
3.7425481671867267e+01 1.5877158951159434e-09 2.3608976141868948e-10
3.7949183278331397e+01 1.5868413044449192e-09 2.3602092768393728e-10
3.8480213137108066e+01 1.5859658126854195e-09 2.3595192436945406e-10
3.9018673793771598e+01 1.5850921129096715e-09 2.3588315228651332e-10
3.9564669228835243e+01 1.5842188358243614e-09 2.3581440769731801e-10
4.0118304877830376e+01 1.5833449601271097e-09 2.3574553729369884e-10
4.0679687651667344e+01 1.5824722793804134e-09 2.3567680784209688e-10
4.1248925957280065e+01 1.5815989156665529e-09 2.3560794042868160e-10
4.1826129718560864e+01 1.5807264824275849e-09 2.3553917612359261e-10
4.2411410397586820e+01 1.5798535425820423e-09 2.3547030141782123e-10
4.3004881016144502e+01 1.5789819236330283e-09 2.3540158756995081e-10
4.3606656177554996e+01 1.5781107205721786e-09 2.3533289888497289e-10
4.4216852088804345e+01 1.5772379615317051e-09 2.3526394119164037e-10
4.4835586582984554e+01 1.5763674105903868e-09 2.3519527666330622e-10
4.5462979142047253e+01 1.5754969025892313e-09 2.3512658352552040e-10
4.6099150919877140e+01 1.5746265235328737e-09 2.3505787443804049e-10
4.6744224765687370e+01 1.5737564310477351e-09 2.3498917185501023e-10
4.7398325247742321e+01 1.5728863099408101e-09 2.3492042822507090e-10
4.8061578677413230e+01 1.5720162506632288e-09 2.3485165639471047e-10
4.8734113133569068e+01 1.5711472057471223e-09 2.3478300082787846e-10
4.9416058487310117e+01 1.5702786340136902e-09 2.3471438048307211e-10
5.0107546427046714e+01 1.5694097851116955e-09 2.3464568341408127e-10
5.0808710483928898e+01 1.5685416735023338e-09 2.3457706028343707e-10
5.1519686057632917e+01 1.5676735658516338e-09 2.3450840020405166e-10
