# k_modes P_scalar P_tensor
4.5632198260222922e-05 3.0753001079684591e-09 5.2084642637899630e-12
4.8116686104433221e-05 3.0709411261150855e-09 5.2084036284530210e-12
5.0736444220148476e-05 3.0665848146874895e-09 5.2083438483762705e-12
5.3498837524204735e-05 3.0622307742323933e-09 5.2082842564152361e-12
5.6411631923244911e-05 3.0578786198919138e-09 5.2082242001538077e-12
5.9483016145984363e-05 3.0535282084829363e-09 5.2081634196011580e-12
6.2721624764155732e-05 3.0491800887431741e-09 5.2081028507984757e-12
6.6136562466850079e-05 3.0448340666570917e-09 5.2080421664452057e-12
6.9737429656497948e-05 3.0404899960447086e-09 5.2079811112039530e-12
7.3534349438446526e-05 3.0361489296448749e-09 5.2079214782267043e-12
7.7537996080010710e-05 3.0318089279375080e-09 5.2078599616616548e-12
8.1759625019003297e-05 3.0274711926093522e-09 5.2077986029593805e-12
8.6211104506108620e-05 3.0231358414376768e-09 5.2077376124921939e-12
9.0904948970053223e-05 3.0188029270409003e-09 5.2076770691452429e-12
9.5854354199376285e-05 3.0144722508208317e-09 5.2076166286066614e-12
1.0107323443970354e-04 3.0101426152744249e-09 5.2075542478746676e-12
1.0657626151081772e-04 3.0058156445172469e-09 5.2074926992160178e-12
1.1237890605349399e-04 3.0014918150434093e-09 5.2074328126293663e-12
1.1849748102205814e-04 2.9971685101862915e-09 5.2073700753104079e-12
1.2494918754493822e-04 2.9928475732290685e-09 5.2073076528977468e-12
1.3175216328213722e-04 2.9885295276363049e-09 5.2072464767870615e-12
1.3892553341557235e-04 2.9842129897839593e-09 5.2071841197993228e-12
1.4648946441563315e-04 2.9798994291616092e-09 5.2071231493314853e-12
1.5446522073510815e-04 2.9755874473455481e-09 5.2070611119375100e-12
1.6287522458986790e-04 2.9712777848362282e-09 5.2069993264928158e-12
1.7174311899436078e-04 2.9669696914877822e-09 5.2069364523727050e-12
1.8109383422913823e-04 2.9626642414078904e-09 5.2068743742253261e-12
1.9095365792726399e-04 2.9583605907953747e-09 5.2068116187493663e-12
2.0135030897664650e-04 2.9540594691889291e-09 5.2067494602200959e-12
2.1231301544605014e-04 2.9497609351633343e-09 5.2066879976256426e-12
2.2387259675386433e-04 2.9454636158758622e-09 5.2066248154642012e-12
2.3606155031062536e-04 2.9411686493755027e-09 5.2065619131258076e-12
2.4891414287887364e-04 2.9368759790313506e-09 5.2064992019290789e-12
2.6246650690718402e-04 2.9325849532903551e-09 5.2064355125548338e-12
2.7675674210919182e-04 2.9282967784041639e-09 5.2063729857809372e-12
2.9182502257318389e-04 2.9240106960166567e-09 5.2063102632501304e-12
3.0771370970337331e-04 2.9197262831746826e-09 5.2062466144482244e-12
3.2446747131036784e-04 2.9154442032130703e-09 5.2061831929806634e-12
3.4213340718562777e-04 2.9111645982036436e-09 5.2061202681735064e-12
3.6076118151294744e-04 2.9068874978856686e-09 5.2060578828750548e-12
3.8040316248919909e-04 2.9026115210125079e-09 5.2059935751821645e-12
4.0111456954686453e-04 2.8983376644766238e-09 5.2059291108589659e-12
4.2295362859222948e-04 2.8940666451985258e-09 5.2058657854058977e-12
4.4598173569567406e-04 2.8897978581337582e-09 5.2058025082801790e-12
4.7026362969422754e-04 2.8855300510780538e-09 5.2057370132332616e-12
4.9586757419163617e-04 2.8812659269972097e-09 5.2056741870551812e-12
5.2286554946759487e-04 2.8770030980071664e-09 5.2056097140351526e-12
5.5133345483565480e-04 2.8727427614021663e-09 5.2055457453138075e-12
5.8135132201869765e-04 2.8684845435999433e-09 5.2054816142462642e-12
6.1300354014183901e-04 2.8642287089626708e-09 5.2054177892421633e-12
6.4637909297528262e-04 2.8599740467923909e-09 5.2053520760852111e-12
6.8157180909408129e-04 2.8557224862647376e-09 5.2052879774493646e-12
7.1868062565808076e-04 2.8514728537059478e-09 5.2052233544722096e-12
7.5780986655361220e-04 2.8472251645860517e-09 5.2051582370948933e-12
7.9906953567887161e-04 2.8429798394440868e-09 5.2050933869503465e-12
8.4257562619749265e-04 2.8387367205034965e-09 5.2050285059954600e-12
8.8845044662972045e-04 2.8344951472711549e-09 5.2049623983377271e-12
9.3682296469792985e-04 2.8302564535312930e-09 5.2048974945969317e-12
9.8782916989313056e-04 2.8260200191149687e-09 5.2048326621105535e-12
1.0416124557817510e-03 2.8217854517531612e-09 5.2047671666778282e-12
1.0983240231274690e-03 2.8175530134572159e-09 5.2047014997719569e-12
1.1581233049613882e-03 2.8133230748728079e-09 5.2046363376355771e-12
1.2211784147955623e-03 2.8090951612688931e-09 5.2045708098718529e-12
1.2876666192399276e-03 2.8048694616270185e-09 5.2045052505928406e-12
1.3577748363513013e-03 2.8006455218724819e-09 5.2044388226190686e-12
1.4317001611154595e-03 2.7964241525504123e-09 5.2043730246535176e-12
1.5096504195395827e-03 2.7922045019235640e-09 5.2043062773033409e-12
1.5918447529127886e-03 2.7879880745715215e-09 5.2042413790575411e-12
1.6785142338772686e-03 2.7837733081668522e-09 5.2041754140541075e-12
1.7699025160419957e-03 2.7795600249020501e-09 5.2041080271049390e-12
1.8662665189652680e-03 2.7753496430586566e-09 5.2040419122367251e-12
1.9678771504317680e-03 2.7711413258283718e-09 5.2039754598177748e-12
2.0750200680546686e-03 2.7669346023872262e-09 5.2039078002421427e-12
2.1879964823438769e-03 2.7627309710503664e-09 5.2038417412078003e-12
2.3071240034980962e-03 2.7585291022285781e-09 5.2037747964395748e-12
2.4327375343012624e-03 2.7543294258172736e-09 5.2037077502980485e-12
2.5651902116335763e-03 2.7501320805737962e-09 5.2036408683324343e-12
2.7048543992439786e-03 2.7459370470241260e-09 5.2035741146528734e-12
2.8521227345750491e-03 2.7417439769355560e-09 5.2035068321683824e-12
3.0074092325832820e-03 2.7375528684560125e-09 5.2034390171700514e-12
3.1711504496578923e-03 2.7333639538589148e-09 5.2033710916088825e-12
3.3438067109102633e-03 2.7291778077264211e-09 5.2033041534067561e-12
3.5258634042843154e-03 2.7249933583475961e-09 5.2032361663508551e-12
3.7178323451259425e-03 2.7208113583509444e-09 5.2031685636099079e-12
3.9202532150477143e-03 2.7166315720859916e-09 5.2031008854766484e-12
4.1336950791338997e-03 2.7124538097148418e-09 5.2030327596909305e-12
4.3587579857511426e-03 2.7082784216578363e-09 5.2029648774222387e-12
4.5960746534623453e-03 2.7041045338592098e-09 5.2028955406691061e-12
4.8463122497861659e-03 2.6999337902941714e-09 5.2028279081620249e-12
5.1101742668027035e-03 2.6957652337203839e-09 5.2027601323816774e-12
5.3884024988783575e-03 2.6915981814430524e-09 5.2026909288534868e-12
5.6817791280697029e-03 2.6874333707226990e-09 5.2026216704766574e-12
5.9911289230692123e-03 2.6832713982555452e-09 5.2025535350560495e-12
6.3173215578745546e-03 2.6791112950299170e-09 5.2024846343005241e-12
6.6612740567001134e-03 2.6749533277889362e-09 5.2024154822639881e-12
7.0239533720039037e-03 2.6707976145970226e-09 5.2023463139624285e-12
7.4063791028776971e-03 2.6666437410668470e-09 5.2022763221753101e-12
7.8096263614423319e-03 2.6624928021988496e-09 5.2022076117376809e-12
8.2348287953066829e-03 2.6583435204003956e-09 5.2021377261586613e-12
8.6831817745872467e-03 2.6541968124349640e-09 5.2020684285207648e-12
9.1559457524479221e-03 2.6500527172301325e-09 5.2019998001409549e-12
9.6544498086076434e-03 2.6459101656237627e-09 5.2019297451818148e-12
1.0180095385777486e-02 2.6417699442577594e-09 5.2018598054662507e-12
1.0734360229531737e-02 2.6376319498334736e-09 5.2017897743787022e-12
1.1318802542688782e-02 2.6334962145554205e-09 5.2017197100209454e-12
1.1935065365881325e-02 2.6293625168586337e-09 5.2016491730407113e-12
1.2584881196630697e-02 2.6252312512936481e-09 5.2015789381474210e-12
1.3270076859911174e-02 2.6211025858873888e-09 5.2015093383063465e-12
1.3992578643896539e-02 2.6169753750022673e-09 5.2014381058246854e-12
1.4754417715327407e-02 2.6128506249129768e-09 5.2013672289729498e-12
1.5557735829723068e-02 2.6087280483244614e-09 5.2012961231419640e-12
1.6404791352491413e-02 2.6046082617504245e-09 5.2012260361690989e-12
1.7297965607863612e-02 2.6004905821708959e-09 5.2011555976806198e-12
1.8239769573502630e-02 2.5963749738871271e-09 5.2010847422006334e-12
1.9232850939606048e-02 2.5922614229844875e-09 5.2010134081138411e-12
2.0280001552348090e-02 2.5881500471415273e-09 5.2009418475991298e-12
2.1384165262587206e-02 2.5840410478775853e-09 5.2008704611705892e-12
2.2548446201903525e-02 2.5799346663072028e-09 5.2007997324411036e-12
2.3776117509233294e-02 2.5758298120858839e-09 5.2007274676642622e-12
2.5070630532632747e-02 2.5717271107011463e-09 5.2006549237607636e-12
2.6435624532041034e-02 2.5676271862164439e-09 5.2005833380983860e-12
2.7874936910318757e-02 2.5635295023073310e-09 5.2005116442616374e-12
2.9392614001325451e-02 2.5594341012422642e-09 5.2004399259222013e-12
3.0992922445363582e-02 2.5553405533500746e-09 5.2003673030957138e-12
3.2680361183969775e-02 2.5512492819358987e-09 5.2002946301742095e-12
3.4459674107773161e-02 2.5471607729373229e-09 5.2002229023424332e-12
3.6335863392978826e-02 2.5430739986689353e-09 5.2001500155699244e-12
3.8314203563967968e-02 2.5389896514129126e-09 5.2000773831912044e-12
4.0400256321550199e-02 2.5349074567768681e-09 5.2000044347196135e-12
4.2599886178553301e-02 2.5308279599868251e-09 5.1999322885553893e-12
4.4919276946707776e-02 2.5267502106231103e-09 5.1998589951044857e-12
4.7364949121175268e-02 2.5226745288248461e-09 5.1997852096712932e-12
4.9943778211593536e-02 2.5186018616048478e-09 5.1997128643545986e-12
5.2663014071173027e-02 2.5145307032648792e-09 5.1996388748389918e-12
5.5530301278183494e-02 2.5104620038784789e-09 5.1995651942870544e-12
5.8553700627130577e-02 2.5063957278930595e-09 5.1994917322668046e-12
6.1741711790038796e-02 2.5023313518705056e-09 5.1994174146866469e-12
6.5103297211550268e-02 2.4982700234709826e-09 5.1993445993982392e-12
6.8647907305013536e-02 2.4942106714015464e-09 5.1992710910092323e-12
7.2385507020398102e-02 2.4901530703521204e-09 5.1991964013931687e-12
7.6326603858722891e-02 2.4860978371605369e-09 5.1991218188612617e-12
8.0482277411757744e-02 2.4820450208744026e-09 5.1990474219803819e-12
8.4864210510040436e-02 2.4779944525546293e-09 5.1989728716169658e-12
8.9484722066777989e-02 2.4739460867303146e-09 5.1988980765954538e-12
9.4356801709963606e-02 2.4699001835564944e-09 5.1988235595383940e-12
9.9494146300073222e-02 2.4658566505964859e-09 5.1987491328646472e-12
1.0491119843600082e-01 2.4618152861855261e-09 5.1986743842443187e-12
1.1062318705748651e-01 2.4577754013778049e-09 5.1985978410388217e-12
1.1664617025818197e-01 2.4537393622384631e-09 5.1985244903623847e-12
1.2299708042971215e-01 2.4497044203393845e-09 5.1984485380070612e-12
1.2969377186364972e-01 2.4456720949289218e-09 5.1983731893792352e-12
1.3675507094522152e-01 2.4416421610635143e-09 5.1982979502408188e-12
1.4420082907986062e-01 2.4376143210345296e-09 5.1982222110019465e-12
1.5205197850139196e-01 2.4335887322920976e-09 5.1981462877779701e-12
1.6033059111874931e-01 2.4295651282001682e-09 5.1980696128825077e-12
1.6905994056665447e-01 2.4255439390057401e-09 5.1979930982177371e-12
1.7826456763470655e-01 2.4215255224630964e-09 5.1979174950021048e-12
1.8797034925881673e-01 2.4175092020522525e-09 5.1978413794317696e-12
1.9820457126894900e-01 2.4134949061956796e-09 5.1977645754529849e-12
2.0899600509767730e-01 2.4094828406992444e-09 5.1976875263743953e-12
2.2037498866521485e-01 2.4054738848886377e-09 5.1976121247004258e-12
2.3237351166830175e-01 2.4014661579884525e-09 5.1975343134109690e-12
2.4502530551272839e-01 2.3974611332397285e-09 5.1974572656632857e-12
2.5836593814231917e-01 2.3934585092240743e-09 5.1973803285284952e-12
2.7243291403096731e-01 2.3894580275792756e-09 5.1973029320785231e-12
2.8726577961883304e-01 2.3854602065420542e-09 5.1972262051733817e-12
3.0290623448911047e-01 2.3814644814552430e-09 5.1971489266756588e-12
3.1939824859792260e-01 2.3774707332562658e-09 5.1970708254244336e-12
3.3678818588690262e-01 2.3734793682941665e-09 5.1969927719996193e-12
3.5512493462598382e-01 2.3694905895083836e-09 5.1969152227612794e-12
3.7446004485281920e-01 2.3655037589779145e-09 5.1968367784406651e-12
3.9484787329522492e-01 2.3615198190251242e-09 5.1967594898681061e-12
4.1634573618405657e-01 2.3575374098260985e-09 5.1966803832771297e-12
4.3901407038613144e-01 2.3535580821366108e-09 5.1966028544503657e-12
4.6291660331017814e-01 2.3495805526655641e-09 5.1965240797978734e-12
4.8812053206348116e-01 2.3456052366177296e-09 5.1964449743839525e-12
5.1469671236287085e-01 2.3416326389559360e-09 5.1963666348667041e-12
5.4271985773115416e-01 2.3376619422782166e-09 5.1962872695267918e-12
5.7226874953897899e-01 2.3336935225386946e-09 5.1962076983247949e-12
6.0342645848263032e-01 2.3297275436709115e-09 5.1961282784260615e-12
6.3628057812038186e-01 2.3257642723422697e-09 5.1960496002602061e-12
6.7092347112396478e-01 2.3218030914891045e-09 5.1959702858573311e-12
7.0745252893742150e-01 2.3178442102425032e-09 5.1958908243720278e-12
7.4597044557333747e-01 2.3138874791207216e-09 5.1958108421267147e-12
7.8658550631615165e-01 2.3099332026334617e-09 5.1957310288616328e-12
8.2941189214420374e-01 2.3059810565512583e-09 5.1956506626507407e-12
8.7457000072631674e-01 2.3020312625228562e-09 5.1955702320971022e-12
9.2218678489534889e-01 2.2980842241042371e-09 5.1954906438660568e-12
9.7239610955023947e-01 2.2941394450771354e-09 5.1954107777871487e-12
1.0253391279899378e+00 2.2901963100571860e-09 5.1953292307250380e-12
1.0811646787371754e+00 2.2862561624636112e-09 5.1952490500959097e-12
1.1400297039676939e+00 2.2823177118226333e-09 5.1951673012638221e-12
1.2020996907212216e+00 2.2783821497263476e-09 5.1950866872522666e-12
1.2675491361346198e+00 2.2744485356306395e-09 5.1950050639514965e-12
1.3365620380050707e+00 2.2705176972835569e-09 5.1949243145794576e-12
1.4093324120624389e+00 2.2665890509600103e-09 5.1948431183918079e-12
1.4860648374050263e+00 2.2626624040771919e-09 5.1947610045647620e-12
1.5669750316320596e+00 2.2587382606405080e-09 5.1946791536158699e-12
1.6522904572898345e+00 2.2548165721244869e-09 5.1945974170730804e-12
1.7422509613363701e+00 2.2508971353318060e-09 5.1945153607868182e-12
1.8371094494223386e+00 2.2469800063371837e-09 5.1944330747144008e-12
1.9371325968838164e+00 2.2430655634818338e-09 5.1943514553319069e-12
2.0426015984457377e+00 2.2391530613335413e-09 5.1942687608906461e-12
2.1538129587436354e+00 2.2352429790120641e-09 5.1941861067102158e-12
2.2710793258861028e+00 2.2313350561516752e-09 5.1941028946585486e-12
2.3947303704013048e+00 2.2274298816908617e-09 5.1940204601467269e-12
2.5251137120385958e+00 2.2235267042012824e-09 5.1939370679117866e-12
2.6625958970307009e+00 2.2196261003726322e-09 5.1938540588505745e-12
2.8075634285638760e+00 2.2157277769546971e-09 5.1937707421075200e-12
2.9604238533529372e+00 2.2118317570410068e-09 5.1936871750131592e-12
3.1216069073759329e+00 2.2079375487367246e-09 5.1936021899493602e-12
3.2915657239893954e+00 2.2040468587908354e-09 5.1935197916024436e-12
3.4707781078205540e+00 2.2001582750850762e-09 5.1934366717543584e-12
3.6597478780178410e+00 2.1962714348210947e-09 5.1933519642801874e-12
3.8590062846358637e+00 2.1923871623510883e-09 5.1932675906457670e-12
4.0691135021368536e+00 2.1885053894115279e-09 5.1931834055831584e-12
4.2906602042071560e+00 2.1846259797275391e-09 5.1930990845531186e-12
4.5242692243161393e+00 2.1807487755864805e-09 5.1930142404654780e-12
4.7705973066856968e+00 2.1768737703648187e-09 5.1929288708192688e-12
5.0303369525930179e+00 2.1730016156855070e-09 5.1928444840043788e-12
5.3042183671969889e+00 2.1691312834779676e-09 5.1927586642179905e-12
5.5930115123614472e+00 2.1652640929751377e-09 5.1926745540514738e-12
5.8975282712462151e+00 2.1613987945572194e-09 5.1925891460317211e-12
6.2186247307514337e+00 2.1575359431917584e-09 5.1925037665670097e-12
6.5572035882316602e+00 2.1536752211048355e-09 5.1924176590892973e-12
6.9142166892457739e+00 2.1498169496581289e-09 5.1923315963368174e-12
7.2906677034771263e+00 2.1459614131515877e-09 5.1922462318634864e-12
7.6876149463465300e+00 2.1421075198971416e-09 5.1921589560596345e-12
8.1061743542507596e+00 2.1382567626887267e-09 5.1920733677817199e-12
8.5475226217906108e+00 2.1344081621757261e-09 5.1919870726848744e-12
9.0129005098083947e+00 2.1305617410703312e-09 5.1919001480744958e-12
9.5036163335344437e+00 2.1267178618052202e-09 5.1918134569073606e-12
1.0021049640649229e+01 2.1228759615091524e-09 5.1917256342577469e-12
1.0566655089600888e+01 2.1190367003507456e-09 5.1916382646541428e-12
1.1141966539081515e+01 2.1152002896974704e-09 5.1915518890160022e-12
1.1748601360158631e+01 2.1113656202803975e-09 5.1914637577219309e-12
1.2388264983184888e+01 2.1075338873320458e-09 5.1913768310075860e-12
1.3062755692268411e+01 2.1037042306869356e-09 5.1912889696295723e-12
1.3773969680782738e+01 2.0998771177093983e-09 5.1912013276473591e-12
1.4523906382128466e+01 2.0960523151121914e-09 5.1911133266013368e-12
1.5314674090733487e+01 2.0922296389019649e-09 5.1910245073311737e-12
1.6148495889093716e+01 2.0884098286315117e-09 5.1909366896135630e-12
1.7027715897517123e+01 2.0845921206808437e-09 5.1908479803632342e-12
1.7954805864141075e+01 2.0807768752366557e-09 5.1907592732782510e-12
1.8932372113749061e+01 2.0769639881137482e-09 5.1906703024638305e-12
1.9963162874922567e+01 2.0731533688839852e-09 5.1905808389865049e-12
2.1050076006126407e+01 2.0693456327512956e-09 5.1904924088649304e-12
2.2196167142448278e+01 2.0655396764549894e-09 5.1904022585738101e-12
2.3404658285894744e+01 2.0617363122842393e-09 5.1903124149021084e-12
2.4678946863394390e+01 2.0579358870324012e-09 5.1902237278102001e-12
2.6022615277972172e+01 2.0541370342875566e-09 5.1901327930889094e-12
2.7439440979946735e+01 2.0503412282719718e-09 5.1900432898149561e-12
2.8933407086462999e+01 2.0465475905720768e-09 5.1899530178076200e-12
3.0508713579215648e+01 2.0427565473101416e-09 5.1898630299634767e-12
3.2169789111842888e+01 2.0389674206467371e-09 5.1897716155771762e-12
3.3921303460185221e+01 2.0351813013374485e-09 5.1896815406494032e-12
3.5768180650409519e+01 2.0313977237415220e-09 5.1895916111622696e-12
3.7715612801906886e+01 2.0276157441619842e-09 5.1894994312663598e-12
3.9769074723879655e+01 2.0238364606656362e-09 5.1894077825615869e-12
4.1934339306653307e+01 2.0200599001512844e-09 5.1893167320344975e-12
4.4217493750983181e+01 2.0162854106052831e-09 5.1892246137025540e-12
4.6624956680980226e+01 2.0125139648787518e-09 5.1891339171459067e-12
4.9163496188766828e+01 2.0087444584786199e-09 5.1890417906398783e-12
5.1840248861590368e+01 2.0049770622163216e-09 5.1889486916858381e-12
5.4662739844886438e+01 2.0012124658270868e-09 5.1888563634445139e-12
5.7638903997693276e+01 1.9974507446359602e-09 5.1887650156640097e-12
6.0777108199893668e+01 1.9936909454777770e-09 5.1886721817817683e-12
6.4086174873994892e+01 1.9899337413422987e-09 5.1885795908744137e-12
6.7575406787574806e+01 1.9861786626549380e-09 5.1884860178697738e-12
7.1254613206119032e+01 1.9824263464599456e-09 5.1883931207281332e-12
7.5134137469775325e+01 1.9786761675517585e-09 5.1882992807650151e-12
7.9224886071549179e+01 1.9749291206497964e-09 5.1882070482983320e-12
8.3538359318690269e+01 1.9711833323539885e-09 5.1881115608724780e-12
8.8086683663464967e+01 1.9674411860582115e-09 5.1880190335454484e-12
9.2882645794209949e+01 1.9637007372919539e-09 5.1879243807555438e-12
9.7939728582504216e+01 1.9599630151390046e-09 5.1878302798986879e-12
1.0327214898751866e+02 1.9562276351370736e-09 5.1877357203962587e-12
1.0889489802410455e+02 1.9524951228880881e-09 5.1876420929577957e-12
1.1482378290697991e+02 1.9487648062756225e-09 5.1875476279337639e-12
1.2107547148949791e+02 1.9450367272746540e-09 5.1874524087486716e-12
1.2766753912192422e+02 1.9413108015528960e-09 5.1873562051884185e-12
1.3461851806095885e+02 1.9375877355739637e-09 5.1872608905480826e-12
1.4194794956940319e+02 1.9338671882200444e-09 5.1871655840398820e-12
1.4967643885244468e+02 1.9301492138773351e-09 5.1870703887756444e-12
1.5782571298499778e+02 1.9264333190612197e-09 5.1869739879585056e-12
1.6641868199295490e+02 1.9227200390519744e-09 5.1868778337408088e-12
1.7547950326006023e+02 1.9190091118180362e-09 5.1867811883606521e-12
1.8503364944147958e+02 1.9153010024218625e-09 5.1866853128349113e-12
1.9510798007498610e+02 1.9115953786004853e-09 5.1865893006518628e-12
2.0573081709108646e+02 1.9078915819343657e-09 5.1864913872683422e-12
2.1693202443436292e+02 1.9041909804156860e-09 5.1863952539373299e-12
2.2874309201987776e+02 1.9004924751617174e-09 5.1862978980638721e-12
2.4119722426066116e+02 1.8967963466557373e-09 5.1862001232547417e-12
2.5432943341516105e+02 1.8931030067926316e-09 5.1861030024611156e-12
2.6817663801708488e+02 1.8894113749464678e-09 5.1860036059245862e-12
2.8277776666434141e+02 1.8857232798613990e-09 5.1859069108723185e-12
2.9817386745887410e+02 1.8820373708508201e-09 5.1858092394823408e-12
3.1440822340504531e+02 1.8783535734479157e-09 5.1857103529300627e-12
3.3152647409099797e+02 1.8746723692368346e-09 5.1856115844348013e-12
3.4957674399506635e+02 1.8709938322982112e-09 5.1855131387430000e-12
3.6860977777795637e+02 1.8673174782541585e-09 5.1854136591777611e-12
3.8867908294103137e+02 1.8636439350616732e-09 5.1853148869981266e-12
4.0984108025176704e+02 1.8599731124652157e-09 5.1852165676952949e-12
4.3215526235925330e+02 1.8563040272021568e-09 5.1851159756300193e-12
4.5568436104567343e+02 1.8526377440964796e-09 5.1850160394712241e-12
4.8049452358394382e+02 1.8489744731753660e-09 5.1849173588037327e-12
5.0665549869730989e+02 1.8453131640181960e-09 5.1848170117645048e-12
5.3424083264369210e+02 1.8416542372487334e-09 5.1847161419318939e-12
5.6332807597601789e+02 1.8379979826904843e-09 5.1846155517258255e-12
5.9399900155982414e+02 1.8343441844493198e-09 5.1845146530940000e-12
6.2633983446102582e+02 1.8306928523981443e-09 5.1844134555036439e-12
6.6044149435014776e+02 1.8270444282175633e-09 5.1843132008704101e-12
6.9639985110446923e+02 1.8233981173296631e-09 5.1842116408519349e-12
7.3431599432667963e+02 1.8197543349889768e-09 5.1841099589291217e-12
7.7429651753772259e+02 1.8161132332489276e-09 5.1840085584490108e-12
8.1645381784279539e+02 1.8124743327157066e-09 5.1839060762923231e-12
8.6090641191292821e+02 1.8088382757547394e-09 5.1838043352890604e-12
9.0777926917049388e+02 1.8052046234052501e-09 5.1837020943320064e-12
9.5720416311530494e+02 1.8015733894259216e-09 5.1835993769218672e-12
1.0093200417790001e+03 1.7979448394309799e-09 5.1834969381065000e-12
1.0642734183491496e+03 1.7943184951499123e-09 5.1833933974392267e-12
1.1222187830612743e+03 1.7906949422880261e-09 5.1832904346891652e-12
1.1833190375167032e+03 1.7870739918781807e-09 5.1831874891761551e-12
1.2477459526472740e+03 1.7834550250176707e-09 5.1830827977091776e-12
1.3156806516143624e+03 1.7798391337571734e-09 5.1829794919174118e-12
1.3873141189997796e+03 1.7762256823580971e-09 5.1828757277013871e-12
1.4628477377200675e+03 1.7726144177522088e-09 5.1827707588386383e-12
1.5424938551735845e+03 1.7690063830392943e-09 5.1826676122766184e-12
1.6264763802120160e+03 1.7654003460065149e-09 5.1825627234106270e-12
1.7150314126145286e+03 1.7617971372792581e-09 5.1824584729194809e-12
1.8084079068342655e+03 1.7581957903646149e-09 5.1823520432384883e-12
1.9068683718831257e+03 1.7545973294892880e-09 5.1822464284008364e-12
2.0106896093224450e+03 1.7510017743253997e-09 5.1821416793863034e-12
2.1201634914342371e+03 1.7474085443528049e-09 5.1820360962932649e-12
2.2355977817607336e+03 1.7438178796197398e-09 5.1819303625957447e-12
2.3573170003189471e+03 1.7402292371556475e-09 5.1818228760835095e-12
2.4856633359226812e+03 1.7366438624390131e-09 5.1817173066665526e-12
2.6209976081767163e+03 1.7330607104330531e-09 5.1816105768951993e-12
2.7637002818477235e+03 1.7294800313669365e-09 5.1815034005274969e-12
2.9141725364635299e+03 1.7259022774200826e-09 5.1813971165523603e-12
3.0728373941477162e+03 1.7223265007900438e-09 5.1812889118216624e-12
3.2401409088602582e+03 1.7187537885538776e-09 5.1811819989155023e-12
3.4165534203874308e+03 1.7151832463557790e-09 5.1810737223550346e-12
3.6025708766064290e+03 1.7116155443454504e-09 5.1809660796159849e-12
3.7987162277418888e+03 1.7080503638869377e-09 5.1808581027791793e-12
4.0055408965340557e+03 1.7044875726523051e-09 5.1807493865028751e-12
4.2236263284515635e+03 1.7009274164456745e-09 5.1806406782000080e-12
4.4535856263070773e+03 1.6973697147444820e-09 5.1805313988974433e-12
4.6960652738710723e+03 1.6938149012860912e-09 5.1804228740977700e-12
4.9517469533294443e+03 1.6902623139931464e-09 5.1803130825965286e-12
5.2213494616941553e+03 1.6867127367988037e-09 5.1802044351540017e-12
5.5056307315548811e+03 1.6831653361843600e-09 5.1800943314341901e-12
5.8053899618522037e+03 1.6796204713381337e-09 5.1799838933779359e-12
6.1214698646627248e+03 1.6760785199301019e-09 5.1798742810200584e-12
6.4547590343127440e+03 1.6725388139056009e-09 5.1797633869821022e-12
6.8061944454801924e+03 1.6690019177849123e-09 5.1796530113812711e-12
7.1767640873084420e+03 1.6654673746388691e-09 5.1795416998402650e-12
7.5675097409366663e+03 1.6619353920764950e-09 5.1794300826422804e-12
7.9795299082554156e+03 1.6584058235126159e-09 5.1793177055705538e-12
8.4139829001213275e+03 1.6548792924208619e-09 5.1792065015113399e-12
8.8720900927123021e+03 1.6513551942904262e-09 5.1790945887442514e-12
9.3551393611779786e+03 1.6478338517352910e-09 5.1789829567358306e-12
9.8644887002388878e+03 1.6443149090348951e-09 5.1788704882388512e-12
1.0401570041911964e+04 1.6407984842994900e-09 5.1787575669859069e-12
1.0967893281096298e+04 1.6372849231037901e-09 5.1786452371054749e-12
1.1565050520335280e+04 1.6337736675714795e-09 5.1785317727775539e-12
1.2194720545688764e+04 1.6302652844115354e-09 5.1784189227571679e-12
1.2858673546298734e+04 1.6267592393591375e-09 5.1783050054639011e-12
1.3558776090915720e+04 1.6232556017069417e-09 5.1781902163156698e-12
1.4296996375376841e+04 1.6197549403617356e-09 5.1780764041172289e-12
1.5075409755788251e+04 1.6162570201475642e-09 5.1779627598365235e-12
1.5896204582966071e+04 1.6127612873850994e-09 5.1778475461555553e-12
1.6761688354539794e+04 1.6092682007938984e-09 5.1777322051262641e-12
1.7674294202012141e+04 1.6057779635115186e-09 5.1776173741352655e-12
1.8636587731012936e+04 1.6022904452974007e-09 5.1775026364804288e-12
1.9651274233977740e+04 1.5988052338303535e-09 5.1773866771790374e-12
2.0721206295526426e+04 1.5953226936318265e-09 5.1772706337205061e-12
2.1849391811924903e+04 1.5918426414814024e-09 5.1771539288350358e-12
2.3039002447173145e+04 1.5883653299964394e-09 5.1770373374686806e-12
2.4293382549492828e+04 1.5848908109235606e-09 5.1769210729924423e-12
2.5616058553282357e+04 1.5814188240222383e-09 5.1768042655398499e-12
2.7010748892969284e+04 1.5779494825519160e-09 5.1766872552419419e-12
2.8481374456631718e+04 1.5744826066352220e-09 5.1765694786954412e-12
3.0032069608778002e+04 1.5710186499348566e-09 5.1764523765341042e-12
3.1667193813270336e+04 1.5675567913014377e-09 5.1763332729169790e-12
3.3391343889071090e+04 1.5640982313136767e-09 5.1762161074948591e-12
3.5209366933263591e+04 1.5606420717319123e-09 5.1760979126943133e-12
3.7126373947678730e+04 1.5571886357546151e-09 5.1759797480645236e-12
3.9147754207437589e+04 1.5537372680568221e-09 5.1758594296220035e-12
4.1279190411800540e+04 1.5502890598440363e-09 5.1757405859326509e-12
4.3526674659920900e+04 1.5468434301470961e-09 5.1756212474748139e-12
4.5896525296411928e+04 1.5434001473968745e-09 5.1755006559512897e-12
4.8395404674086341e+04 1.5399595743253581e-09 5.1753800205932516e-12
5.1030337883806606e+04 1.5365220248276358e-09 5.1752603545188636e-12
5.3808732504097847e+04 1.5330869801828211e-09 5.1751399627722625e-12
5.6738399426046744e+04 1.5296543357771314e-09 5.1750184404209628e-12
5.9827574812033905e+04 1.5262247552489819e-09 5.1748980407889466e-12
6.3084943250026576e+04 1.5227971314472428e-09 5.1747750031866950e-12
6.6519662168532072e+04 1.5193730003736485e-09 5.1746545301631630e-12
7.0141387580843875e+04 1.5159510279765203e-09 5.1745320679303052e-12
7.3960301230957193e+04 1.5125319127354377e-09 5.1744100114774399e-12
7.7987139217472242e+04 1.5091157235702528e-09 5.1742885635914641e-12
8.2233222175948409e+04 1.5057015248362513e-09 5.1741645490139426e-12
8.6710487104569489e+04 1.5022902698061810e-09 5.1740412034852996e-12
9.1431520922584212e+04 1.4988819783727552e-09 5.1739185827702845e-12
9.6409595855867097e+04 1.4954760659904690e-09 5.1737946780144430e-12
1.0165870674908289e+05 1.4920729375440659e-09 5.1736708862485377e-12
1.0719361040934350e+05 1.4886723060079167e-09 5.1735461711210287e-12
1.1302986709196681e+05 1.4852744866616991e-09 5.1734216674667080e-12
1.1918388424497117e+05 1.4818790646641873e-09 5.1732958894890857e-12
1.2567296263527310e+05 1.4784872680335590e-09 5.1731731010175085e-12
1.3251534498627606e+05 1.4750969128015839e-09 5.1730457200911092e-12
1.3973026726357380e+05 1.4717099851184290e-09 5.1729206372837485e-12
1.4733801275295130e+05 1.4683254145397282e-09 5.1727941039129898e-12
1.5535996908271866e+05 1.4649438769070739e-09 5.1726684833390533e-12
1.6381868835067426e+05 1.4615648203284304e-09 5.1725418523364358e-12
1.7273795052473634e+05 1.4581887191403728e-09 5.1724158316696917e-12
1.8214283029548853e+05 1.4548146596322036e-09 5.1722872250072083e-12
1.9205976756856416e+05 1.4514435525712072e-09 5.1721592274958252e-12
2.0251664179506569e+05 1.4480752649749483e-09 5.1720313547981117e-12
2.1354285034896614e+05 1.4447100811606862e-09 5.1719046054784261e-12
2.2516939117184104e+05 1.4413470527367501e-09 5.1717756151236298e-12
2.3742894991727942e+05 1.4379870101793988e-09 5.1716473332358272e-12
2.5035599183994022e+05 1.4346294205407695e-09 5.1715178449876641e-12
2.6398685868760891e+05 1.4312747066230946e-09 5.1713886446689230e-12
2.7835987086862337e+05 1.4279226563624491e-09 5.1712589499964075e-12
2.9351543518190039e+05 1.4245734242725226e-09 5.1711293647039012e-12
3.0949615841243480e+05 1.4212269589026558e-09 5.1709996380199847e-12
3.2634696711160248e+05 1.4178825352803922e-09 5.1708671563010602e-12
3.4411523389901273e+05 1.4145416450111152e-09 5.1707373192433479e-12
3.6285091064099787e+05 1.4112031303466587e-09 5.1706059347006395e-12
3.8260666888010915e+05 1.4078676323682803e-09 5.1704752739389701e-12
4.0343804791045049e+05 1.4045345280436889e-09 5.1703430938732906e-12
4.2540361091509782e+05 1.4012043223323192e-09 5.1702112359085307e-12
4.4856510960456554e+05 1.3978768533143069e-09 5.1700790795298458e-12
4.7298765781918669e+05 1.3945518220831038e-09 5.1699455416946455e-12
4.9873991458341031e+05 1.3912297973075779e-09 5.1698126763434295e-12
5.2589427712669014e+05 1.3879104961943448e-09 5.1696794292302355e-12
5.5452708441355720e+05 1.3845941063818183e-09 5.1695465310694740e-12
5.8471883175507723e+05 1.3812803477467477e-09 5.1694128970135883e-12
6.1655439710505074e+05 1.3779689407886282e-09 5.1692774829850496e-12
6.5012327967710164e+05 1.3746605380001194e-09 5.1691427014669372e-12
6.8551985155349527e+05 1.3713550457156035e-09 5.1690082038073793e-12
7.2284362299306237e+05 1.3680521248102742e-09 5.1688727404787751e-12
7.6219952218401979e+05 1.3647520815309393e-09 5.1687373998504869e-12
8.0369819022823963e+05 1.3614545567993815e-09 5.1686008619482953e-12
8.4745629218618374e+05 1.3581599744359226e-09 5.1684646803069031e-12
8.9359684505697002e+05 1.3548679868740744e-09 5.1683275495340088e-12
9.4224956361565623e+05 1.3515790877564708e-09 5.1681913457323850e-12
9.9355122507990547e+05 1.3482925448910652e-09 5.1680532476000314e-12
1.0476460536313256e+06 1.3450090647190694e-09 5.1679159519133283e-12
1.1046861258723973e+06 1.3417283033590309e-09 5.1677781282554325e-12
1.1648317983588802e+06 1.3384501824230422e-09 5.1676395023067653e-12
1.2282521584096651e+06 1.3351748878688152e-09 5.1675007232522602e-12
1.2951254994613500e+06 1.3319024358482598e-09 5.1673618702211165e-12
1.3656398223039389e+06 1.3286327309981859e-09 5.1672225586516211e-12
1.4399933636068425e+06 1.3253656971861011e-09 5.1670825143260219e-12
1.5183951532208910e+06 1.3221015629613640e-09 5.1669425616869005e-12
1.6010656018232624e+06 1.3188403803906840e-09 5.1668029322095392e-12
1.6882371205572332e+06 1.3155818802640849e-09 5.1666625598020967e-12
1.7801547744087919e+06 1.3123256850644676e-09 5.1665199529557531e-12
1.8770769711570181e+06 1.3090727837038388e-09 5.1663789689860127e-12
1.9792761878349499e+06 1.3058225852221522e-09 5.1662372842041122e-12
2.0870397367432904e+06 1.3025752208882537e-09 5.1660953991108016e-12
2.2006705731705301e+06 1.2993304614287865e-09 5.1659524156637655e-12
2.3204881470900243e+06 1.2960885797241186e-09 5.1658093854768485e-12
2.4468293012286467e+06 1.2928495121458275e-09 5.1656660552610431e-12
2.5800492180315475e+06 1.2896132451543082e-09 5.1655223456936316e-12
2.7205224181852867e+06 1.2863797760901465e-09 5.1653782500282584e-12
2.8686438135066042e+06 1.2831492399010212e-09 5.1652342804645517e-12
3.0248298171565435e+06 1.2799212404979880e-09 5.1650888720661894e-12
3.1895195143013960e+06 1.2766964207322196e-09 5.1649445721350125e-12
3.3631758965112618e+06 1.2734740829000288e-09 5.1647985566576996e-12
3.5462871633665906e+06 1.2702549795319726e-09 5.1646538613119045e-12
3.7393680949320365e+06 1.2670382035935820e-09 5.1645068065714374e-12
3.9429614989558170e+06 1.2638243596606232e-09 5.1643598275402663e-12
4.1576397368631894e+06 1.2606135776797887e-09 5.1642134317612457e-12
4.3840063328342382e+06 1.2574054532388876e-09 5.1640659940321313e-12
4.6226976704891594e+06 1.2541999902212134e-09 5.1639174881254057e-12
4.8743847819514293e+06 1.2509977024949382e-09 5.1637700015640926e-12
5.1397752343180180e+06 1.2477980848590116e-09 5.1636214863154340e-12
5.4196151188402362e+06 1.2446012989478788e-09 5.1634725601024427e-12
5.7146911484076018e+06 1.2414074445940134e-09 5.1633236444718154e-12
6.0258328692308692e+06 1.2382163818015957e-09 5.1631741481675923e-12
6.3539149929425484e+06 1.2350279520399515e-09 5.1630233841896699e-12
6.6998598556705974e+06 1.2318426843594593e-09 5.1628735501725183e-12
7.0646400109986691e+06 1.2286597142303745e-09 5.1627210498703623e-12
7.4492809641027637e+06 1.2254803224547556e-09 5.1625711631615471e-12
7.8548640547502749e+06 1.2223033751133370e-09 5.1624192016660626e-12
8.2825294972665943e+06 1.2191294125421894e-09 5.1622673861360548e-12
8.7334795860158876e+06 1.2159582798131422e-09 5.1621150808184411e-12
9.2089820754067712e+06 1.2127901968574234e-09 5.1619631507773395e-12
9.7103737439260930e+06 1.2096246398632710e-09 5.1618094079745056e-12
1.0239064152219526e+07 1.2064618775677564e-09 5.1616549798968676e-12
1.0796539605784351e+07 1.2033024072104520e-09 5.1615019384842574e-12
1.1384367333415154e+07 1.2001454527435656e-09 5.1613469898649965e-12
1.2004199893148551e+07 1.1969913862371339e-09 5.1611916875193934e-12
1.2657779818093661e+07 1.1938404309619527e-09 5.1610370080263054e-12
1.3346944515209695e+07 1.1906922323849877e-09 5.1608814143183410e-12
1.4073631430801310e+07 1.1875467749693462e-09 5.1607247970963171e-12
1.4839883497255001e+07 1.1844043837759925e-09 5.1605685503827755e-12
1.5647854876327641e+07 1.1812646433405918e-09 5.1604109051118828e-12
1.6499817015133692e+07 1.1781281981487115e-09 5.1602545787967862e-12
1.7398165031856988e+07 1.1749941650372956e-09 5.1600957786607785e-12
1.8345424449137587e+07 1.1718633636556205e-09 5.1599380297271954e-12
1.9344258294065226e+07 1.1687354157622190e-09 5.1597796845676527e-12
2.0397474584737882e+07 1.1656104407494196e-09 5.1596212548847609e-12
2.1508034224432960e+07 1.1624878983152063e-09 5.1594603420976101e-12
2.2679059325584851e+07 1.1593686355568269e-09 5.1593006570897820e-12
2.3913841986968443e+07 1.1562522597936984e-09 5.1591404593084238e-12
2.5215853548764639e+07 1.1531387645176393e-09 5.1589797151137422e-12
2.6588754351527527e+07 1.1500281184363250e-09 5.1588182670073635e-12
2.8036404026486192e+07 1.1469204767868226e-09 5.1586567959038403e-12
2.9562872346113235e+07 1.1438156913257663e-09 5.1584946247277251e-12
3.1172450665461622e+07 1.1407137320877267e-09 5.1583316060583948e-12
3.2869663986435719e+07 1.1376149244115177e-09 5.1581691845616751e-12
3.4659283678914249e+07 1.1345188317554819e-09 5.1580053816643716e-12
3.6546340894484706e+07 1.1314254854706700e-09 5.1578403218338729e-12
3.8536140710503161e+07 1.1283354972033574e-09 5.1576767473347736e-12
4.0634277044239335e+07 1.1252483389187052e-09 5.1575122876397996e-12
4.2846648379036143e+07 1.1221640924441603e-09 5.1573472661741752e-12
4.5179474346696280e+07 1.1190827335124988e-09 5.1571815773214466e-12
4.7639313212710924e+07 1.1160042734827948e-09 5.1570152589550725e-12
5.0233080313487984e+07 1.1129287326667661e-09 5.1568483525689455e-12
5.2968067497414537e+07 1.1098561585652290e-09 5.1566811307946757e-12
5.5851963624403112e+07 1.1067866447249324e-09 5.1565139518997758e-12
5.8892876181558132e+07 1.1037199557161026e-09 5.1563457283283869e-12
6.2099354075725533e+07 1.1006562590270450e-09 5.1561772305570890e-12
6.5480411667003877e+07 1.0975955521520672e-09 5.1560084206017501e-12
6.9045554110785156e+07 1.0945375825907671e-09 5.1558381328933230e-12
7.2804804079562917e+07 1.0914828077417253e-09 5.1556684475169430e-12
7.6768729939638168e+07 1.0884309896858099e-09 5.1554982796394717e-12
8.0948475461930037e+07 1.0853818742331959e-09 5.1553263886405491e-12
8.5355791150418848e+07 1.0823361137947172e-09 5.1551558439363534e-12
9.0003067276298910e+07 1.0792929044512125e-09 5.1549828210502638e-12
9.4903368710703716e+07 1.0762529953349218e-09 5.1548108760987435e-12
1.0007047165393128e+08 1.0732159427652272e-09 5.1546378741344144e-12
1.0551890236443061e+08 1.0701820590207323e-09 5.1544652807525828e-12
1.1126397799641813e+08 1.0671507910686181e-09 5.1542904534431778e-12
1.1732184966094270e+08 1.0641226536905278e-09 5.1541158263528740e-12
1.2370954783144647e+08 1.0610976698760610e-09 5.1539415128208239e-12
1.3044503022147383e+08 1.0580755100044266e-09 5.1537658980454375e-12
1.3754723226913166e+08 1.0550564778842557e-09 5.1535904319827496e-12
1.4503612037021896e+08 1.0520402124204849e-09 5.1534133498785538e-12
1.5293274800968382e+08 1.0490268923763260e-09 5.1532355117901161e-12
1.6125931494921601e+08 1.0460169756978837e-09 5.1530591100248302e-12
1.7003922963735473e+08 1.0430097704566481e-09 5.1528807778376861e-12
1.7929717501758263e+08 1.0400056659933873e-09 5.1527023820614202e-12
1.8905917791939661e+08 1.0370045924852764e-09 5.1525235978738494e-12
1.9935268222744042e+08 1.0340063101690816e-09 5.1523431931860448e-12
2.1020662603440687e+08 1.0310113061933326e-09 5.1521635524585154e-12
2.2165152299459052e+08 1.0280191119599107e-09 5.1519823754243632e-12
2.3371954810682288e+08 1.0250301076273348e-09 5.1518014985914099e-12
2.4644462816793215e+08 1.0220440354375614e-09 5.1516196551859636e-12
2.5986253715102521e+08 1.0190611536160202e-09 5.1514380801711344e-12
2.7401099677673924e+08 1.0160811181223371e-09 5.1512550710937700e-12
2.8892978256018037e+08 1.0131040289143109e-09 5.1510710624003954e-12
3.0466083563168669e+08 1.0101301064188723e-09 5.1508871942123429e-12
3.2124838064578933e+08 1.0071591815781547e-09 5.1507025784940728e-12
3.3873905010982001e+08 1.0041913730200775e-09 5.1505177884273269e-12
3.5718201548172414e+08 1.0012267023727689e-09 5.1503329467394225e-12
3.7662912540560567e+08 9.9826497935943452e-10 5.1501470285872397e-12
3.9713505147363406e+08 9.9530607820212548e-10 5.1499594056967756e-12
4.1875744192411095e+08 9.9235054488186479e-10 5.1497728267141236e-12
4.4155708370774847e+08 9.8939792974595194e-10 5.1495849821499844e-12
4.6559807337782282e+08 9.8644820087455085e-10 5.1493956900851941e-12
4.9094799728458595e+08 9.8350185059830898e-10 5.1492074776988595e-12
5.1767812158052939e+08 9.8055852515096265e-10 5.1490185109586165e-12
5.4586359257068169e+08 9.7761803313436797e-10 5.1488277132147118e-12
5.7558364797114778e+08 9.7468078961076374e-10 5.1486372858201563e-12
6.0692183966981542e+08 9.7174650787846624e-10 5.1484456929183596e-12
6.3996626861550295e+08 9.6881542335325252e-10 5.1482541617333534e-12
6.7480983249582887e+08 9.6588736239871489e-10 5.1480617508818533e-12
7.1155048690017390e+08 9.6296237575433917e-10 5.1478686984479858e-12
7.5029152070188046e+08 9.6004031646868335e-10 5.1476742232040152e-12
7.9114184643389118e+08 9.5712155330790869e-10 5.1474802576672348e-12
8.3421630647419107e+08 9.5420584124423994e-10 5.1472854849403374e-12
8.7963599590177405e+08 9.5129335237179168e-10 5.1470908017096318e-12
9.2752860293080497e+08 9.4838377797807308e-10 5.1468945190050718e-12
9.7802876788007462e+08 9.4547721495038904e-10 5.1466971456917076e-12
1.0312784616868277e+09 9.4257408432072764e-10 5.1465009699893963e-12
1.0874273850291896e+09 9.3967380250777576e-10 5.1463027511827798e-12
1.1466333891791487e+09 9.3677646861474972e-10 5.1461030386196231e-12
1.2090629197692714e+09 9.3388277673859317e-10 5.1459055892414560e-12
1.2748914847207596e+09 9.3099183785582609e-10 5.1457055464545502e-12
1.3443041476482182e+09 9.2810403304890450e-10 5.1455049384342608e-12
1.4174960481283822e+09 9.2521952288269700e-10 5.1453046803035818e-12
1.4946729502953134e+09 9.2233777186007384e-10 5.1451017311872683e-12
1.5760518213043725e+09 9.1945945209700499e-10 5.1448998505969788e-12
1.6618614412912605e+09 9.1658409425984116e-10 5.1446963623431952e-12
1.7523430465407972e+09 9.1371209176326239e-10 5.1444934792565014e-12
1.8477510076736257e+09 9.1084320798193941e-10 5.1442897986040834e-12
1.9483535447574966e+09 9.0797718334220957e-10 5.1440839152245078e-12
2.0544334813533497e+09 9.0511461640523115e-10 5.1438791204756076e-12
2.1662890396162553e+09 9.0225506097727477e-10 5.1436729136505877e-12
2.2842346786862960e+09 8.9939864450659346e-10 5.1434659816482963e-12
2.4086019787264185e+09 8.9654556343690106e-10 5.1432594137438794e-12
2.5397405730926509e+09 8.9369532485503327e-10 5.1430503826605699e-12
2.6780191312570610e+09 8.9084834615750376e-10 5.1428412243045938e-12
2.8238263952470212e+09 8.8800464360570658e-10 5.1426320388504110e-12
2.9775722725142846e+09 8.8516396815864651e-10 5.1424213860278328e-12
3.1396889883063350e+09 8.8232649240948962e-10 5.1422101735047699e-12
3.3106323007797847e+09 8.7949222165667888e-10 5.1419984901840525e-12
3.4908827822716551e+09 8.7666134515932486e-10 5.1417873603698017e-12
3.6809471703306627e+09 8.7383324147930151e-10 5.1415731667775901e-12
3.8813597923068213e+09 8.7100847271788428e-10 5.1413591540626997e-12
4.0926840675039330e+09 8.6818698811952276e-10 5.1411449852299410e-12
4.3155140911184158e+09 8.6536849368855342e-10 5.1409289474056314e-12
4.5504763044170132e+09 8.6255353367220628e-10 5.1407141972759527e-12
4.7982312558488741e+09 8.5974148987089095e-10 5.1404970813824526e-12
5.0594754580432367e+09 8.5693278756488241e-10 5.1402800770205232e-12
5.3349433459127874e+09 8.5412730037680155e-10 5.1400624007241546e-12
5.6254093413681126e+09 8.5132468121044283e-10 5.1398419879932371e-12
5.9316900304472446e+09 8.4852563642560790e-10 5.1396230049371616e-12
6.2546464589810696e+09 8.4572969089804218e-10 5.1394026032826594e-12
6.5951865532485962e+09 8.4293713689491242e-10 5.1391824851354385e-12
6.9542676724268751e+09 8.4014753664921763e-10 5.1389600383487234e-12
7.3328993000114126e+09 8.3736144018645716e-10 5.1387385091449138e-12
7.7321458817737932e+09 8.3457842511171440e-10 5.1385153440759824e-12
8.1531298182341242e+09 8.3179852241774107e-10 5.1382906473357125e-12
8.5970346200619068e+09 8.2902182554005946e-10 5.1380651216267928e-12
9.0651082352753639e+09 8.2624860875465056e-10 5.1378402399757035e-12
9.5586665575932178e+09 8.2347864754213716e-10 5.1376146645882015e-12
1.0079097125802334e+10 8.2071184702172703e-10 5.1373878115905288e-12
1.0627863024540552e+10 8.1794815707381046e-10 5.1371592985666562e-12
1.1206506997461287e+10 8.1518770696984508e-10 5.1369299402320055e-12
1.1816655784343666e+10 8.1243068558942337e-10 5.1367008359332175e-12
1.2460024694340038e+10 8.0967690459540829e-10 5.1364708503720498e-12
1.3138422428218910e+10 8.0692642316913148e-10 5.1362402523699578e-12
1.3853756163158981e+10 8.0417917002800351e-10 5.1360086566320927e-12
1.4608036914389492e+10 8.0143507902433197e-10 5.1357755216716776e-12
1.5403385188750713e+10 7.9869430603050472e-10 5.1355418795912656e-12
1.6242036946066940e+10 7.9595693739511553e-10 5.1353082240711622e-12
1.7126349885092970e+10 7.9322271278307425e-10 5.1350728436292588e-12
1.8058810071704189e+10 7.9049190214551379e-10 5.1348374760406790e-12
1.9042038927964653e+10 7.8776411062509924e-10 5.1345995489339509e-12
2.0078800601722210e+10 7.8503989365733114e-10 5.1343626070756947e-12
2.1172009737447495e+10 7.8231902224218970e-10 5.1341251321530323e-12
2.2324739670163456e+10 7.7960108625286042e-10 5.1338844210791171e-12
2.3540231065501984e+10 7.7688684058781355e-10 5.1336453923019109e-12
2.4821901030175152e+10 7.7417571973333514e-10 5.1334043416724028e-12
2.6173352718476028e+10 7.7146775356380627e-10 5.1331613487525869e-12
2.7598385461813496e+10 7.6876324455636641e-10 5.1329184594558827e-12
2.9101005449758999e+10 7.6606213346356385e-10 5.1326751926986657e-12
3.0685436992634083e+10 7.6336434914360200e-10 5.1324310711337913e-12
3.2356134397298294e+10 7.6066977744562674e-10 5.1321853373769006e-12
3.4117794489527351e+10 7.5797860979805441e-10 5.1319391951432744e-12
3.5975369818182686e+10 7.5529084194012845e-10 5.1316926010445213e-12
3.7934082578294289e+10 7.5260617251651467e-10 5.1314435037840457e-12
3.9999439292200218e+10 7.4992499028679606e-10 5.1311944654705076e-12
4.2177246290013206e+10 7.4724736006198447e-10 5.1309458887664512e-12
4.4473626032935661e+10 7.4457281956586903e-10 5.1306946696324061e-12
4.6895034325314690e+10 7.4190165272022212e-10 5.1304426719202810e-12
4.9448278463820824e+10 7.3923383571465030e-10 5.1301896737150838e-12
5.2140536374778709e+10 7.3656925500520789e-10 5.1299348185337770e-12
5.4979376793445724e+10 7.3390848667082675e-10 5.1296822296298843e-12
5.7972780541970299e+10 7.3125077603343300e-10 5.1294265116968398e-12
6.1129162965850883e+10 7.2859651877601304e-10 5.1291703725963079e-12
6.4457397591965492e+10 7.2594569474872664e-10 5.1289136550768266e-12
6.7966841074688461e+10 7.2329821714076636e-10 5.1286557611477892e-12
7.1667359500219559e+10 7.2065402450015805e-10 5.1283961833787629e-12
7.5569356123076706e+10 7.1801321218442106e-10 5.1281355824895129e-12
7.9683800612730759e+10 7.1537580209520483e-10 5.1278740373213810e-12
8.4022259892598175e+10 7.1274180315304273e-10 5.1276116296201619e-12
8.8596930658091339e+10 7.1011131054942503e-10 5.1273489619247914e-12
9.3420673665148117e+10 7.0748414953121142e-10 5.1270847616876274e-12
9.8507049885627274e+10 7.0486021624546001e-10 5.1268182579569673e-12
1.0387035863122380e+11 7.0223991744869840e-10 5.1265523110873572e-12
1.0952567775307294e+11 6.9962300717622602e-10 5.1262851499208867e-12
1.1548890603005894e+11 6.9700962911293209e-10 5.1260177408240365e-12
1.2177680786499924e+11 6.9439966426110857e-10 5.1257492606418341e-12
1.2840706041435027e+11 6.9179284623847725e-10 5.1254776252873680e-12
1.3539830328393405e+11 6.8918967513006823e-10 5.1252065027694893e-12
1.4277019093040054e+11 6.8659003158244328e-10 5.1249350016240808e-12
1.5054344791572852e+11 6.8399389180492763e-10 5.1246629019037079e-12
1.5873992717011826e+11 6.8140088836249628e-10 5.1243874058761330e-12
1.6738267142705637e+11 6.7881143220817686e-10 5.1241115823945102e-12
1.7649597800326947e+11 6.7622532520338035e-10 5.1238338820246050e-12
1.8610546710569095e+11 6.7364287347174944e-10 5.1235565531674479e-12
1.9623815385745319e+11 6.7106376346173086e-10 5.1232771654195884e-12
2.0692252424541422e+11 6.6848812387154724e-10 5.1229967315120638e-12
2.1818861520271078e+11 6.6591621921756254e-10 5.1227171313680457e-12
2.3006809905148083e+11 6.6334742618400316e-10 5.1224336493339073e-12
2.4259437254315720e+11 6.6078237216286263e-10 5.1221510399582715e-12
2.5580265074663593e+11 6.5822076255762850e-10 5.1218669924993105e-12
2.6973006604827295e+11 6.5566253738443912e-10 5.1215809781498139e-12
2.8441577254203955e+11 6.5310779122683304e-10 5.1212936877534711e-12
2.9990105610328113e+11 6.5055651953369966e-10 5.1210050299631493e-12
3.1622945045556238e+11 6.4800914580131781e-10 5.1207182842921078e-12
3.3344685955686871e+11 6.4546464564825883e-10 5.1204254377318525e-12
3.5160168664923895e+11 6.4292440931017902e-10 5.1201372904283548e-12
3.7074497033463983e+11 6.4038722437303230e-10 5.1198442829091890e-12
3.9093052805959839e+11 6.3785359463660055e-10 5.1195503851519931e-12
4.1221510741201111e+11 6.3532331012920468e-10 5.1192538440423421e-12
4.3465854565543579e+11 6.3279677801564846e-10 5.1189578316031496e-12
4.5832393794937555e+11 6.3027383505448200e-10 5.1186610269325969e-12
4.8327781472849103e+11 6.2775439037381671e-10 5.1183626748402046e-12
5.0959032873937177e+11 6.2523842975808807e-10 5.1180626190082207e-12
5.3733545226071362e+11 6.2272605565644504e-10 5.1177616212498494e-12
5.6659118506131030e+11 6.2021706864202465e-10 5.1174579969122967e-12
5.9743977368055591e+11 6.1771205084054771e-10 5.1171564705095967e-12
6.2996794264783765e+11 6.1521012818677362e-10 5.1168498164288351e-12
6.6426713829090576e+11 6.1271228005759780e-10 5.1165460999017495e-12
7.0043378581862109e+11 6.1021753503189140e-10 5.1162371920426493e-12
7.3856956040078540e+11 6.0772665413924321e-10 5.1159293944939119e-12
7.7878167300722412e+11 6.0523916446644170e-10 5.1156187351880104e-12
8.2118317180958911e+11 6.0275546724595745e-10 5.1153084105046738e-12
8.6589325999329456e+11 6.0027523574750160e-10 5.1149957362062825e-12
9.1303763087302234e+11 5.9779853609697243e-10 5.1146811633186209e-12
9.6274882125386938e+11 5.9532558895512422e-10 5.1143666202802078e-12
1.0151665840316482e+12 5.9285603862134510e-10 5.1140488134638816e-12
1.0704382810796855e+12 5.9039030749025658e-10 5.1137315022811165e-12
1.1287192975267495e+12 5.8792811491441124e-10 5.1134121367996459e-12
1.1901734785907185e+12 5.8546950534356545e-10 5.1130910779749613e-12
1.2549735901960811e+12 5.8301459694903887e-10 5.1127692778027390e-12
1.3233018046701333e+12 5.8056328002873020e-10 5.1124457301334171e-12
1.3953502128834680e+12 5.7811561762474032e-10 5.1121209324932090e-12
1.4713213642743269e+12 5.7567158480590627e-10 5.1117946435291060e-12
1.5514288362751394e+12 5.7323111923350407e-10 5.1114662188284512e-12
1.6358978347420244e+12 5.7079449140669900e-10 5.1111379963311325e-12
1.7249658270751748e+12 5.6836143009335214e-10 5.1108076511068129e-12
1.8188832098102078e+12 5.6593194788009608e-10 5.1104749829660500e-12
1.9179140125570181e+12 5.6350605903814216e-10 5.1101402185334299e-12
2.0223366402653120e+12 5.6108414420684551e-10 5.1098066582429724e-12
2.1324446559034851e+12 5.5866557869758691e-10 5.1094687869963001e-12
2.2485476057511025e+12 5.5625092129647583e-10 5.1091313518121855e-12
2.3709718896253740e+12 5.5383984801900312e-10 5.1087914939268409e-12
2.5000616784877510e+12 5.5143261470726253e-10 5.1084514829341502e-12
2.6361798820105679e+12 5.4902887609418797e-10 5.1081080655102244e-12
2.7797091688237554e+12 5.4662896252274766e-10 5.1077641812304003e-12
2.9310530423097334e+12 5.4423264406889375e-10 5.1074177226237140e-12
3.0906369749711943e+12 5.4184022602008981e-10 5.1070713819539175e-12
3.2589096045603740e+12 5.3945136106756880e-10 5.1067220439834560e-12
3.4363439953328193e+12 5.3706631588701070e-10 5.1063719373129115e-12
3.6234389679712769e+12 5.3468488599905386e-10 5.1060191362640439e-12
3.8207205019185664e+12 5.3230735933633637e-10 5.1056664170083706e-12
4.0287432140616250e+12 5.2993346618194626e-10 5.1053110136521394e-12
4.2480919179242104e+12 5.2756329969164806e-10 5.1049536258307669e-12
4.4793832677509922e+12 5.2519691685892797e-10 5.1045951492273708e-12
4.7232674921055068e+12 5.2283428944037088e-10 5.1042348783367068e-12
4.9804302218554854e+12 5.2047555035441150e-10 5.1038741586413427e-12
5.2515944176843584e+12 5.1812037223963541e-10 5.1035097137201360e-12
5.5375224025483330e+12 5.1576901954298969e-10 5.1031439962641610e-12
5.8390180047921016e+12 5.1342145610958518e-10 5.1027768547234315e-12
6.1569288179486963e+12 5.1107766834369327e-10 5.1024077523143554e-12
6.4921485835762812e+12 5.0873761702386866e-10 5.1020365119740565e-12
6.8456197038304580e+12 5.0640127662812246e-10 5.1016625172814086e-12
7.2183358908364688e+12 5.0406934430097166e-10 5.1012928185568991e-12
7.6113449603084102e+12 5.0174078895394282e-10 5.1009171709162772e-12
8.0257517772699473e+12 4.9941575901302190e-10 5.1005366744644200e-12
8.4627213621575566e+12 4.9709501648566735e-10 5.1001591827636170e-12
8.9234821660381387e+12 4.9477764197241998e-10 5.0997753030186898e-12
9.4093295241496113e+12 4.9246424516795557e-10 5.0993907748176788e-12
9.9216292974720723e+12 4.9015502602257738e-10 5.0990081789744428e-12
1.0461821712568066e+13 4.8784943933960290e-10 5.0986214156302743e-12
1.1031425410486582e+13 4.8554776760340903e-10 5.0982335849928776e-12
1.1632041716112955e+13 4.8324911498591409e-10 5.0978350588570392e-12
1.2265359139968473e+13 4.8095546924502362e-10 5.0974466561374054e-12
1.2933158125113730e+13 4.7866576608477574e-10 5.0970572317907301e-12
1.3637316052502092e+13 4.7637925213593857e-10 5.0966584735552383e-12
1.4379812518854193e+13 4.7409650338136883e-10 5.0962566353378331e-12
1.5162734901891410e+13 4.7181825763834945e-10 5.0958594101846061e-12
1.5988284228573066e+13 4.6954348391621269e-10 5.0954556395519189e-12
1.6858781362836553e+13 4.6727291215486125e-10 5.0950531859911329e-12
1.7776673530233535e+13 4.6500621790517021e-10 5.0946488165434430e-12
1.8744541197806703e+13 4.6274291047404913e-10 5.0942361347178759e-12
1.9765105328547922e+13 4.6048384434576425e-10 5.0938252739770716e-12
2.0841235030831336e+13 4.5822850884472431e-10 5.0934101767146286e-12
2.1975955624328672e+13 4.5597736511054375e-10 5.0929961108260207e-12
2.3172457145079219e+13 4.5373021460861760e-10 5.0925803859380075e-12
2.4434103313627176e+13 4.5148650978844321e-10 5.0921568535445907e-12
2.5764440991437656e+13 4.4924673665768190e-10 5.0917307122370896e-12
2.7167210152175102e+13 4.4701172064839038e-10 5.0913123502962779e-12
2.8646354395879418e+13 4.4478064269360494e-10 5.0908909118691896e-12
3.0206032035594164e+13 4.4255246517562586e-10 5.0904549901469174e-12
3.1850627787617676e+13 4.4032882426227525e-10 5.0900236131898329e-12
3.3584765098240977e+13 4.3810910447236604e-10 5.0895893275960926e-12
3.5413319141625055e+13 4.3589433487312999e-10 5.0891641841007333e-12
3.7341430525362578e+13 4.3368272200636474e-10 5.0887268647684516e-12
3.9374519742249008e+13 4.3147482735738192e-10 5.0882842283330171e-12
4.1518302408895281e+13 4.2927101793688712e-10 5.0878393460709166e-12
4.3778805334020836e+13 4.2707202763670260e-10 5.0874025912874288e-12
4.6162383461600289e+13 4.2487566467077034e-10 5.0869462597090665e-12
4.8675737736493711e+13 4.2268416592274316e-10 5.0864978369058526e-12
5.1325933942791734e+13 4.2049614686210855e-10 5.0860406600481563e-12
5.4120422567828195e+13 4.1831300416240138e-10 5.0855905889636669e-12
5.7067059747709508e+13 4.1613357159584458e-10 5.0851338558787540e-12
6.0174129353243148e+13 4.1395808536589232e-10 5.0846743720906326e-12
6.3450366278352750e+13 4.1178717516407656e-10 5.0842178595170541e-12
6.6904980996457758e+13 4.0961972082860328e-10 5.0837514944953207e-12
7.0547685453843266e+13 4.0745671694807580e-10 5.0832880231618309e-12
7.4388720372821156e+13 4.0529728309576611e-10 5.0828140415723723e-12
7.8438884041437547e+13 4.0314324082909856e-10 5.0823556601594408e-12
8.2709562670659750e+13 4.0099134743573518e-10 5.0818689481051334e-12
8.7212762404395109e+13 3.9884432165007054e-10 5.0813890348820035e-12
9.1961143072318984e+13 3.9670276517329439e-10 5.0809250597292210e-12
9.6968053780410188e+13 3.9456306865445824e-10 5.0804281737576096e-12
1.0224757043924692e+14 3.9242945961214021e-10 5.0799552987236242e-12
1.0781453533556164e+14 3.9029836012359807e-10 5.0794579092384602e-12
1.1368459885831477e+14 3.8817211667542101e-10 5.0789671674790849e-12
1.1987426349657530e+14 3.8604997379913896e-10 5.0784722077038694e-12
1.2640093023291141e+14 3.8393182466691003e-10 5.0779730699826138e-12
1.3328294746271305e+14 3.8181806760100905e-10 5.0774753201370932e-12
1.4053966257696753e+14 3.7970886873223762e-10 5.0769784256918889e-12
1.4819147635351850e+14 3.7760363526607596e-10 5.0764770848998960e-12
1.5625990030969719e+14 3.7550175930202399e-10 5.0759592446300191e-12
1.6476761717757712e+14 3.7340503423337244e-10 5.0754530105160229e-12
1.7373854467185931e+14 3.7131200348926289e-10 5.0749369820140352e-12
1.8319790272966162e+14 3.6922340260107604e-10 5.0744210493344915e-12
1.9317228441123400e+14 3.6713886437435636e-10 5.0739012409718106e-12
2.0368973066094444e+14 3.6505908454074430e-10 5.0733833728868466e-12
2.1477980913868231e+14 3.6298320425509809e-10 5.0728591612880937e-12
2.2647369734331853e+14 3.6091121701426915e-10 5.0723290917234363e-12
2.3880427026190125e+14 3.5884431681904757e-10 5.0718048497869249e-12
2.5180619279098438e+14 3.5678101597210354e-10 5.0712690272706075e-12
2.6551601718994141e+14 3.5472194554301457e-10 5.0707295103490338e-12
2.7997228584019716e+14 3.5266629245257506e-10 5.0701742714250107e-12
2.9521563959929156e+14 3.5061571547038108e-10 5.0696288500982703e-12
3.1128893205438338e+14 3.4856917544606770e-10 5.0690723148644833e-12
3.2823734999637956e+14 3.4652860562452600e-10 5.0685410470055467e-12
3.4610854045341775e+14 3.4448978863531951e-10 5.0679662981975740e-12
3.6495274464078031e+14 3.4245699409070251e-10 5.0674161938790950e-12
3.8482293920384925e+14 3.4042856519543455e-10 5.0668603789137432e-12
4.0577498515116806e+14 3.3840335429827704e-10 5.0662892054517537e-12
4.2786778489628656e+14 3.3638300590474232e-10 5.0657178807965634e-12
4.5116344784992956e+14 3.3436765041588587e-10 5.0651544276214010e-12
4.7572746502795350e+14 3.3235623207611382e-10 5.0645822841993239e-12
5.0162889316601375e+14 3.3034827054286033e-10 5.0639916483122820e-12
5.2894054885852400e+14 3.2834451439523758e-10 5.0633914334957567e-12
5.5773921326769862e+14 3.2634757333833877e-10 5.0628300091032496e-12
5.8810584797814712e+14 3.2435240799753450e-10 5.0622225264184314e-12
6.2012582260392138e+14 3.2236171624835999e-10 5.0616114230595945e-12
6.5388915478779500e+14 3.2037882874930027e-10 5.0610520048756510e-12
6.8949076326755312e+14 3.1839800037932780e-10 5.0604526437531371e-12
7.2703073472071338e+14 3.1642037664298986e-10 5.0598274175376454e-12
7.6661460513782962e+14 3.1444823722448676e-10 5.0592158659861058e-12
8.0835365651548788e+14 3.1248088956138932e-10 5.0586052021939948e-12
8.5236522970297212e+14 3.1051845421625017e-10 5.0579997717802870e-12
8.9877305428218888e+14 3.0855845421573787e-10 5.0573514379670861e-12
9.4770759640821650e+14 3.0660336687911923e-10 5.0567116294691913e-12
9.9930642558832038e+14 3.0465405157964528e-10 5.0560912859313635e-12
1.0537146014306734e+15 3.0270886918999891e-10 5.0554581415341830e-12
1.1110850814498954e+15 3.0076631513969872e-10 5.0547868511321004e-12
1.1715791510759875e+15 2.9883184346798400e-10 5.0541762358823300e-12
1.2353668770755070e+15 2.9689845051432452e-10 5.0534982575201773e-12
1.3026275856596350e+15 2.9497112045185696e-10 5.0528442820032844e-12
1.3735503666233858e+15 2.9304832199657205e-10 5.0521864577461491e-12
1.4483346049330478e+15 2.9112994707197315e-10 5.0515215055982355e-12
1.5271905412564528e+15 2.8921904218715655e-10 5.0509038763736057e-12
1.6103398630118432e+15 2.8731027733061813e-10 5.0502392316226419e-12
1.6980163275968850e+15 2.8540334500648161e-10 5.0495171162621903e-12
1.7904664195500988e+15 2.8350223766596474e-10 5.0488161416127938e-12
1.8879500434919325e+15 2.8160730481144176e-10 5.0481388799701911e-12
1.9907412547937240e+15 2.7971677355801233e-10 5.0474512920374716e-12
2.0991290300286092e+15 2.7783201173282874e-10 5.0467806670311044e-12
2.2134180793703702e+15 2.7594721217727549e-10 5.0460228793883906e-12
2.3339297032240115e+15 2.7407063926971928e-10 5.0453227322322761e-12
2.4610026954965700e+15 2.7220174262241131e-10 5.0446716907621486e-12
2.5949942960471740e+15 2.7033419200156681e-10 5.0439563788024901e-12
2.7362811949942265e+15 2.6847140649101069e-10 5.0432394123636039e-12
2.8852605917030445e+15 2.6661147668003818e-10 5.0424881072494355e-12
3.0423513114309505e+15 2.6475956772269166e-10 5.0417811192943022e-12
3.2079949827693960e+15 2.6291081126311562e-10 5.0410461651918844e-12
3.3826572791927840e+15 2.6106634598234260e-10 5.0402991854577038e-12
3.5668292282047040e+15 2.5922718489372163e-10 5.0395564914384823e-12
3.7610285917618680e+15 2.5739172259487989e-10 5.0387901757826072e-12
3.9658013218563680e+15 2.5556163545542857e-10 5.0380299939953405e-12
4.1817230953487840e+15 2.5373628845425897e-10 5.0372630409147131e-12
4.4094009323664115e+15 2.5191610272473614e-10 5.0364975807550061e-12
4.6494749028168530e+15 2.5010350356941729e-10 5.0357759104644606e-12
4.9026199258143540e+15 2.4828911855464130e-10 5.0349321577488929e-12
5.1695476670773930e+15 2.4648045673912286e-10 5.0340947371716391e-12
5.4510085396322580e+15 2.4467962510507739e-10 5.0333145301078321e-12
5.7477938134464180e+15 2.4288816555471835e-10 5.0326023424983773e-12
6.0607378399230520e+15 2.4109673472467744e-10 5.0318035225230764e-12
6.3907203975102310e+15 2.3931008133778935e-10 5.0309964796819790e-12
6.7386691650190540e+15 2.3752290616743126e-10 5.0300798174620753e-12
7.1055623296036280e+15 2.3574820977914978e-10 5.0292953576387776e-12
7.4924313367355200e+15 2.3397149473011341e-10 5.0283736524996574e-12
7.9003637899025930e+15 2.3220796482015928e-10 5.0276065010590786e-12
8.3305065081849420e+15 2.3044118195710658e-10 5.0266687046936745e-12
8.7840687503034430e+15 2.2868405377794234e-10 5.0258276750107336e-12
9.2623256142042820e+15 2.2693228215689359e-10 5.0249918370050009e-12
9.7666216217377760e+15 2.2518201143036798e-10 5.0240531393437306e-12
1.0298374498507718e+16 2.2343921096948732e-10 5.0231776441304805e-12
1.0859079159518228e+16 2.2170179723786500e-10 5.0223052302541425e-12
1.1450311911823766e+16 2.1997039135747798e-10 5.0214577399523629e-12
1.2073734885994698e+16 2.1824302454859983e-10 5.0205780418108765e-12
1.2731100708859598e+16 2.1651831158726567e-10 5.0196303261027786e-12
1.3424257430659568e+16 2.1479964985368169e-10 5.0186942594549579e-12
1.4155153720463992e+16 2.1308467004164200e-10 5.0177022668093602e-12
1.4925844344458780e+16 2.1137853506761360e-10 5.0168171133536811e-12
1.5738495942501824e+16 2.0967708625019420e-10 5.0159174772983371e-12
1.6595393119190678e+16 2.0798025190170748e-10 5.0150040667634531e-12
1.7498944866564330e+16 2.0628721757248734e-10 5.0140418777021714e-12
1.8451691336492212e+16 2.0459977771314510e-10 5.0130758195061651e-12
1.9456310981796512e+16 2.0291618477791120e-10 5.0120833615550343e-12
2.0515628086175220e+16 2.0123868790256755e-10 5.0110980588224253e-12
2.1632620704101808e+16 1.9956785209185486e-10 5.0101502504875100e-12
2.2810429033020492e+16 1.9790078983629329e-10 5.0091590466953116e-12
2.4052364241369864e+16 1.9623728324001072e-10 5.0081081280793461e-12
2.5361917777262064e+16 1.9457965513809861e-10 5.0070670313248490e-12
2.6742771183976032e+16 1.9292718884708729e-10 5.0060138190094378e-12
2.8198806449868304e+16 1.9127975999440909e-10 5.0049446506178410e-12
2.9734116921794772e+16 1.8963861401992321e-10 5.0039002592916211e-12
3.1353018812719172e+16 1.8800601480637316e-10 5.0028763416528874e-12
3.3060063335871324e+16 1.8637289418324628e-10 5.0017906424690854e-12
3.4860049499553528e+16 1.8474749486971374e-10 5.0006935230565773e-12
3.6758037598577224e+16 1.8312777896657560e-10 4.9996584555249441e-12
3.8759363440253968e+16 1.8151215284355879e-10 4.9985386903219290e-12
4.0869653344927744e+16 1.7989992285935320e-10 4.9973466263473314e-12
4.3094839963234608e+16 1.7829785074903247e-10 4.9962236666377412e-12
4.5441178954538200e+16 1.7669644810256201e-10 4.9950849380214128e-12
4.7915266573444880e+16 1.7510287765200226e-10 4.9939425217326364e-12
5.0524058213833672e+16 1.7351141202134565e-10 4.9926353743522608e-12
5.3274887962525360e+16 1.7192951701012580e-10 4.9914953666321844e-12
5.6175489217581544e+16 1.7035967828065129e-10 4.9905552668293048e-12
5.9234016429173792e+16 1.6878770819096986e-10 4.9893652035681411e-12
6.2459068024163224e+16 1.6722180503740598e-10 4.9881872668768206e-12
6.5859710578831112e+16 1.6565799473027234e-10 4.9868829048140780e-12
6.9445504307705968e+16 1.6410423373836118e-10 4.9857191007922760e-12
7.3226529940169696e+16 1.6255482552296929e-10 4.9845057128732480e-12
7.7213417060367968e+16 1.6101121249351813e-10 4.9833300500685283e-12
8.1417373990132352e+16 1.5946772452642953e-10 4.9819411328281460e-12
8.5850219298887888e+16 1.5793377319703067e-10 4.9806513343877428e-12
9.0524415029159296e+16 1.5640536035487053e-10 4.9793477302415601e-12
9.5453101731072352e+16 1.5488067927519037e-10 4.9778893601435873e-12
1.0065013540432611e+17 1.5336423665623672e-10 4.9765813402338939e-12
1.0613012645152877e+17 1.5185380794912663e-10 4.9752739971622664e-12
1.1190848075236029e+17 1.5034969795025997e-10 4.9739783078853771e-12
1.1800144297407262e+17 1.4885116441389407e-10 4.9726666323945687e-12
1.2442614224007202e+17 1.4735824118827368e-10 4.9713392567823778e-12
1.3120064028495030e+17 1.4587125097969712e-10 4.9700462795136533e-12
1.3834398223139224e+17 1.4438772907155764e-10 4.9686200885012039e-12
1.4587625013164790e+17 1.4291097224877710e-10 4.9672107032308065e-12
1.5381861942414179e+17 1.4143796079550478e-10 4.9657118573210780e-12
1.6219341846391674e+17 1.3997420813473067e-10 4.9643295740563467e-12
1.7102419129424294e+17 1.3851165876068512e-10 4.9627671518018347e-12
1.8033576383592518e+17 1.3706266137667788e-10 4.9614298182626063e-12
1.9015431368030867e+17 1.3561536535988509e-10 4.9599741469466117e-12
2.0050744368225734e+17 1.3417012672238952e-10 4.9583326366920786e-12
2.1142425955997382e+17 1.3272936253829613e-10 4.9565900057032633e-12
2.2293545171978032e+17 1.3128307895646829e-10 4.9545055524171457e-12
2.3507338153597770e+17 1.2986759679388188e-10 4.9531433062617014e-12
2.4787217232823968e+17 1.2843496825400588e-10 4.9511241611273927e-12
2.6136780529239178e+17 1.2699556890278492e-10 4.9483858930082447e-12
2.7559822065423491e+17 1.2558629676544751e-10 4.9466259179325102e-12
2.9060342433073978e+17 1.2423246129151862e-10 4.9468757023935852e-12
3.0642560039857683e+17 1.2283807936507316e-10 4.9450884212239106e-12
3.2310922968603155e+17 1.2145423585633775e-10 4.9436447195679841e-12
3.4070121482181446e+17 1.2006953394538360e-10 4.9418316953644026e-12
3.5925101209227456e+17 1.1865496723916242e-10 4.9384976826722649e-12
3.7881077047764595e+17 1.1730995693688361e-10 4.9378911120640216e-12
3.9943547825833920e+17 1.1594360513330075e-10 4.9359758048649995e-12
4.2118311760326080e+17 1.1457788945215516e-10 4.9335749234431071e-12
4.4411482757489824e+17 1.1321780405191817e-10 4.9315427466025905e-12
4.6829507600937562e+17 1.1189445976944654e-10 4.9306470833405596e-12
4.9379184075460563e+17 1.1053953144396837e-10 4.9278551185161936e-12
5.2067680077623565e+17 1.0921741788221052e-10 4.9266739872348562e-12
5.4902553766841920e+17 1.0787389360740012e-10 4.9239266981202637e-12
5.7891774813610906e+17 1.0655278789966871e-10 4.9219251187328433e-12
6.1043746804615539e+17 1.0524595435832344e-10 4.9203601091942203e-12
6.4367330867697830e+17 1.0390382227705524e-10 4.9166592615573002e-12
6.7871870583122342e+17 1.0260750405726890e-10 4.9147515685414315e-12
7.1567218251143667e+17 1.0134652707781807e-10 4.9142763094692832e-12
7.5463762589746560e+17 1.0003547995006206e-10 4.9109889699517091e-12
7.9572457940416333e+17 9.8739477689119155e-11 4.9080953854294193e-12
8.3904855064032218e+17 9.7463837284804208e-11 4.9058886684208468e-12
8.8473133613491277e+17 9.6194577972318568e-11 4.9036409556687750e-12
9.3290136374313242e+17 9.4932171547487475e-11 4.9013875219404950e-12
9.8369405369529882e+17 9.3685437875601514e-11 4.8994986862188417e-12
1.0372521993031688e+18 9.2437072355097143e-11 4.8972247200557738e-12
1.0937263683943164e+18 9.1177369308224778e-11 4.8940787688245403e-12
1.1532753266029978e+18 8.9942097310058304e-11 4.8916818726084119e-12
1.2160664837072980e+18 8.8716481305866907e-11 4.8893784391985465e-12
1.2822763642678042e+18 8.7500577538949669e-11 4.8871300926099794e-12
1.3520911038903511e+18 8.6286930437465497e-11 4.8847013277310563e-12
1.4257069725084539e+18 8.5062789931937960e-11 4.8813921445084466e-12
1.5033309261563584e+18 8.3869830729535440e-11 4.8792391699056584e-12
1.5851811887836557e+18 8.2663495169327190e-11 4.8759375363772523e-12
1.6714878657477000e+18 8.1499072005655728e-11 4.8747927087963986e-12
1.7624935907078231e+18 8.0298202247675226e-11 4.8706763226426866e-12
1.8584542077405622e+18 7.9124928642922081e-11 4.8678861647029055e-12
1.9596394905933125e+18 7.7975465523747471e-11 4.8659539611151350e-12
2.0663339010981110e+18 7.6774566629987278e-11 4.8607917767906325e-12
2.1788373888784392e+18 7.5633269561584429e-11 4.8584396568228303e-12
2.2974662345963264e+18 7.4489352761987542e-11 4.8555046588892273e-12
2.4225539391111593e+18 7.3338662404793905e-11 4.8517282636826633e-12
2.5544521610496072e+18 7.2217989876265167e-11 4.8491753136733758e-12
2.6935317054220155e+18 7.1104634705078742e-11 4.8464858902256408e-12
2.8401835660655606e+18 6.9986745931176367e-11 4.8432419156172057e-12
2.9948200248435620e+18 6.8866006383981439e-11 4.8392342042497585e-12
3.1578758106921656e+18 6.7779816290634116e-11 4.8370321045690448e-12
3.3298093217724406e+18 6.6684457665397956e-11 4.8336298768697232e-12
3.5111039141631708e+18 6.5576429367704628e-11 4.8284519149107222e-12
3.7022692607185357e+18 6.4513179194627661e-11 4.8264270022155039e-12
3.9038427839092367e+18 6.3438207211642789e-11 4.8225142758400656e-12
4.1163911666765691e+18 6.2368698407068632e-11 4.8183436145421852e-12
4.3405119455464013e+18 6.1264399715977621e-11 4.8111726041320635e-12
4.5768351904810583e+18 6.0212417026683396e-11 4.8070105471166193e-12
