# #Parameters: delta_c =0.4, gamma = 0.2, gstar = 107.5#Columns: mPBH [Msun, fPBH]
1.2017875319946750e+21 0.0000000000000000e+00
1.0597028585497762e+21 0.0000000000000000e+00
9.3441654079628339e+20 0.0000000000000000e+00
8.2394254641210786e+20 0.0000000000000000e+00
7.2652964727009457e+20 0.0000000000000000e+00
6.4063365905903872e+20 0.0000000000000000e+00
5.6489296295268424e+20 0.0000000000000000e+00
4.9810692129752003e+20 0.0000000000000000e+00
4.3921684516589693e+20 0.0000000000000000e+00
3.8728921207311866e+20 0.0000000000000000e+00
3.4150086782660267e+20 0.0000000000000000e+00
3.0112597792758917e+20 0.0000000000000000e+00
2.6552452167965812e+20 0.0000000000000000e+00
2.3413214661328552e+20 0.0000000000000000e+00
2.0645122239926249e+20 0.0000000000000000e+00
1.8204295243808827e+20 0.0000000000000000e+00
1.6052041807864077e+20 0.0000000000000000e+00
1.4154244520344560e+20 0.0000000000000000e+00
1.2480819595395917e+20 0.0000000000000000e+00
1.1005239986416935e+20 0.0000000000000000e+00
9.7041148806692733e+19 0.0000000000000000e+00
8.5568189093063361e+19 0.0000000000000000e+00
7.5451651950778286e+19 0.0000000000000000e+00
6.6531170548786061e+19 0.0000000000000000e+00
5.8665337870657536e+19 0.0000000000000000e+00
5.1729465137769210e+19 0.0000000000000000e+00
4.5613605249141416e+19 0.0000000000000000e+00
4.0220809905598472e+19 0.0000000000000000e+00
3.5465592790272598e+19 0.0000000000000000e+00
3.1272574443866554e+19 0.0000000000000000e+00
2.7575287353308070e+19 0.0000000000000000e+00
2.4315122312120582e+19 0.0000000000000000e+00
2.1440399350270337e+19 0.0000000000000000e+00
1.8905548505915830e+19 0.0000000000000000e+00
1.6670387452695941e+19 0.0000000000000000e+00
1.4699484531540683e+19 0.0000000000000000e+00
1.2961597089818122e+19 0.0000000000000000e+00
1.1429176224397365e+19 0.0000000000000000e+00
1.0077930077840656e+19 0.0000000000000000e+00
8.8864387651176018e+18 0.0000000000000000e+00
7.8358148266796913e+18 0.0000000000000000e+00
6.9094038254142597e+18 0.0000000000000000e+00
6.0925203413565563e+18 0.0000000000000000e+00
5.3722151791609764e+18 0.0000000000000000e+00
4.7370700981166541e+18 0.0000000000000000e+00
4.1770168107777633e+18 0.0000000000000000e+00
3.6831773809842452e+18 0.0000000000000000e+00
3.2477234912703089e+18 0.0000000000000000e+00
2.8637523487751214e+18 0.0000000000000000e+00
2.5251772625222057e+18 0.0000000000000000e+00
2.2266311575044178e+18 0.0000000000000000e+00
1.9633814960845210e+18 0.0000000000000000e+00
1.7312552580498207e+18 0.0000000000000000e+00
1.5265727901085020e+18 0.0000000000000000e+00
1.3460894762132178e+18 0.0000000000000000e+00
1.1869443040729085e+18 0.0000000000000000e+00
1.0466145125318287e+18 0.0000000000000000e+00
9.2287560088830566e+17 0.0000000000000000e+00
8.1376606622301926e+17 0.0000000000000000e+00
7.1755630975472576e+17 0.0000000000000000e+00
6.3272121932854323e+17 0.0000000000000000e+00
5.5791599341582150e+17 0.0000000000000000e+00
4.9195482338886829e+17 0.0000000000000000e+00
4.3379209614303437e+17 0.0000000000000000e+00
3.8250581909108102e+17 0.0000000000000000e+00
3.3728300478369203e+17 0.0000000000000000e+00
2.9740678347386950e+17 0.0000000000000000e+00
2.6224503933424925e+17 0.0000000000000000e+00
2.3124039018923171e+17 0.0000000000000000e+00
2.0390135192114832e+17 0.0000000000000000e+00
1.7979454748908298e+17 0.0000000000000000e+00
1.5853783705811360e+17 0.0000000000000000e+00
1.3979426033812941e+17 0.0000000000000000e+00
1.2326669510648888e+17 0.0000000000000000e+00
1.0869314724169462e+17 0.0000000000000000e+00
9.5842597605934896e+16 0.0000000000000000e+00
8.4511339941489120e+16 0.0000000000000000e+00
7.4519751729513456e+16 0.0000000000000000e+00
6.5709446823030240e+16 0.0000000000000000e+00
5.7940764717800560e+16 0.0000000000000000e+00
5.1090556661129784e+16 0.0000000000000000e+00
4.5050233504118536e+16 0.0000000000000000e+00
3.9724044352010176e+16 0.0000000000000000e+00
3.5027558725887836e+16 0.0000000000000000e+00
3.0886328175027108e+16 0.0000000000000000e+00
2.7234706123850644e+16 0.0000000000000000e+00
2.4014807245758232e+16 0.0000000000000000e+00
2.1175589867880728e+16 0.0000000000000000e+00
1.8672046861083856e+16 0.0000000000000000e+00
1.6464492189251314e+16 0.0000000000000000e+00
1.4517931808263552e+16 0.0000000000000000e+00
1.2801508942194434e+16 0.0000000000000000e+00
1.1288014943272082e+16 0.0000000000000000e+00
9.9534579817815840e+15 0.0000000000000000e+00
8.7766827288034890e+15 0.0000000000000000e+00
7.7390350030180860e+15 0.0000000000000000e+00
6.8240660655741950e+15 0.0000000000000000e+00
6.0172718755194600e+15 0.0000000000000000e+00
5.3058631724824690e+15 0.0000000000000000e+00
4.6785627419694120e+15 0.0000000000000000e+00
4.1254266495347720e+15 0.0000000000000000e+00
3.6376866100394820e+15 0.0000000000000000e+00
3.2076109932418270e+15 0.0000000000000000e+00
2.8283822623890440e+15 0.0000000000000000e+00
2.4939889029722725e+15 0.0000000000000000e+00
2.1991301285049838e+15 0.0000000000000000e+00
1.9391318527258525e+15 0.0000000000000000e+00
1.7098725962216215e+15 0.0000000000000000e+00
1.5077181529455305e+15 0.0000000000000000e+00
1.3294639809683460e+15 0.0000000000000000e+00
1.1722844042430655e+15 0.0000000000000000e+00
1.0336878201322550e+15 0.0000000000000000e+00
9.1147720265006800e+14 0.0000000000000000e+00
8.0371527531832488e+14 0.0000000000000000e+00
7.0869380155852988e+14 0.0000000000000000e+00
6.2490650581271638e+14 0.0000000000000000e+00
5.5102519614009625e+14 0.0000000000000000e+00
4.8587870978611406e+14 0.0000000000000000e+00
4.2843434797017238e+14 0.0000000000000000e+00
3.7778150559720819e+14 0.0000000000000000e+00
3.3311723639214250e+14 0.0000000000000000e+00
2.9373352463646494e+14 0.0000000000000000e+00
2.5900606173915800e+14 0.0000000000000000e+00
2.2838434972873531e+14 0.0000000000000000e+00
2.0138297478746394e+14 0.0000000000000000e+00
1.7757391249627197e+14 0.0000000000000000e+00
1.5657974281347516e+14 0.0000000000000000e+00
1.3806766723151797e+14 0.0000000000000000e+00
1.2174423327199834e+14 0.0000000000000000e+00
1.0735068269193783e+14 0.0000000000000000e+00
9.4658849661306297e+13 0.0000000000000000e+00
8.3467543889916375e+13 0.0000000000000000e+00
7.3599361369198500e+13 0.0000000000000000e+00
6.4897872172901742e+13 0.0000000000000000e+00
5.7225140737877688e+13 0.0000000000000000e+00
5.0459539316564422e+13 0.0000000000000000e+00
4.4493819940133117e+13 0.0000000000000000e+00
3.9233414329153664e+13 0.0000000000000000e+00
3.4594934802049605e+13 0.0000000000000000e+00
3.0504852417821117e+13 0.0000000000000000e+00
2.6898331399020805e+13 0.0000000000000000e+00
2.3718201358314520e+13 0.0000000000000000e+00
2.0914051036415973e+13 0.0000000000000000e+00
1.8441429185374605e+13 0.0000000000000000e+00
1.6261139929658828e+13 0.0000000000000000e+00
1.4338621435135412e+13 0.0000000000000000e+00
1.2643398036636826e+13 0.0000000000000000e+00
1.1148597139270406e+13 0.0000000000000000e+00
9.8305232354141758e+12 0.0000000000000000e+00
8.6682822847379590e+12 0.0000000000000000e+00
7.6434505029412041e+12 0.0000000000000000e+00
6.7397823088635664e+12 0.0000000000000000e+00
5.9429528003603701e+12 0.0000000000000000e+00
5.2403306766841934e+12 0.0000000000000000e+00
4.6207780077493174e+12 0.0000000000000000e+00
4.0744736762318057e+12 0.0000000000000000e+00
3.5927576937183379e+12 0.0000000000000000e+00
3.1679939230114214e+12 0.0000000000000000e+00
2.7934490304717178e+12 0.0000000000000000e+00
2.4631857495565176e+12 0.0000000000000000e+00
2.1719687635731609e+12 0.0000000000000000e+00
1.9151817157057183e+12 0.0000000000000000e+00
1.6887540307620681e+12 0.0000000000000000e+00
1.4890963886235010e+12 0.0000000000000000e+00
1.3130438265251240e+12 0.0000000000000000e+00
1.1578055682274922e+12 0.0000000000000000e+00
1.0209207847739243e+12 0.0000000000000000e+00
9.0021958555532971e+11 0.0000000000000000e+00
7.9378862131488708e+11 0.0000000000000000e+00
6.9994075383318164e+11 0.0000000000000000e+00
6.1718831149913635e+11 0.0000000000000000e+00
5.4421950681548785e+11 0.0000000000000000e+00
4.7987764201024988e+11 0.0000000000000000e+00
4.2314277312259631e+11 0.0000000000000000e+00
3.7311554190319214e+11 0.0000000000000000e+00
3.2900291923307581e+11 0.0000000000000000e+00
2.9010563406648523e+11 0.0000000000000000e+00
2.5580708862189459e+11 0.0000000000000000e+00
2.2556358410541299e+11 0.0000000000000000e+00
1.9889570202522131e+11 0.0000000000000000e+00
1.7538070447407886e+11 0.0000000000000000e+00
1.5464583290957159e+11 0.0000000000000000e+00
1.3636239920469586e+11 0.0000000000000000e+00
1.2024057530042860e+11 0.0000000000000000e+00
1.0602479886610971e+11 0.0000000000000000e+00
9.3489722138404907e+10 0.0000000000000000e+00
8.2436639720048721e+10 0.0000000000000000e+00
7.2690338712018478e+10 0.0000000000000000e+00
6.4096321247588676e+10 0.0000000000000000e+00
5.6518355400025444e+10 0.0000000000000000e+00
4.9836315641028404e+10 0.0000000000000000e+00
4.3944278616979973e+10 0.0000000000000000e+00
3.8748844057343430e+10 0.0000000000000000e+00
3.4167654198336506e+10 0.0000000000000000e+00
3.0128088251857399e+10 0.0000000000000000e+00
2.6566111224454514e+10 0.0000000000000000e+00
2.3425258837874584e+10 0.0000000000000000e+00
2.0655742460202278e+10 0.0000000000000000e+00
1.8213659859005199e+10 0.0000000000000000e+00
1.6060299265383434e+10 0.0000000000000000e+00
1.4161525716982649e+10 0.0000000000000000e+00
1.2487239952310617e+10 0.0000000000000000e+00
1.1010901278778759e+10 0.0000000000000000e+00
9.7091068509961338e+09 0.0000000000000000e+00
8.5612206900573902e+09 0.0000000000000000e+00
7.5490465630570936e+09 0.0000000000000000e+00
6.6565395373334713e+09 0.0000000000000000e+00
5.8695516370136042e+09 0.0000000000000000e+00
5.1756075700212831e+09 0.0000000000000000e+00
4.5637069703829470e+09 0.0000000000000000e+00
4.0241500209870515e+09 0.0000000000000000e+00
3.5483836925776968e+09 0.0000000000000000e+00
3.1288661615709429e+09 0.0000000000000000e+00
2.7589472574517331e+09 0.0000000000000000e+00
2.4327630446099701e+09 0.0000000000000000e+00
2.1451428675321491e+09 0.0000000000000000e+00
1.8915273858337507e+09 0.0000000000000000e+00
1.6678962998278840e+09 0.0000000000000000e+00
1.4707046209396310e+09 0.0000000000000000e+00
1.2968264767278333e+09 0.0000000000000000e+00
1.1435055597145343e+09 0.0000000000000000e+00
1.0083114345393484e+09 0.0000000000000000e+00
8.8910101082202566e+08 0.0000000000000000e+00
7.8398457100299406e+08 0.0000000000000000e+00
6.9129581463695383e+08 0.0000000000000000e+00
6.0956544428314304e+08 0.0000000000000000e+00
5.3749787427722573e+08 0.0000000000000000e+00
4.7395069317338210e+08 0.0000000000000000e+00
4.1791655429631013e+08 0.0000000000000000e+00
3.6850720733307874e+08 0.0000000000000000e+00
3.2493941783445710e+08 0.0000000000000000e+00
2.8652255142234248e+08 0.0000000000000000e+00
2.5264762588881385e+08 0.0000000000000000e+00
2.2277765764121509e+08 0.0000000000000000e+00
1.9643914946561870e+08 0.0000000000000000e+00
1.7321458467312872e+08 0.0000000000000000e+00
1.5273580864661536e+08 0.0000000000000000e+00
1.3467819287248778e+08 0.0000000000000000e+00
1.1875548894604920e+08 0.0000000000000000e+00
1.0471529097637729e+08 0.0000000000000000e+00
9.2335034461008444e+07 0.0000000000000000e+00
8.1418468204790726e+07 0.0000000000000000e+00
7.1792543355944127e+07 0.0000000000000000e+00
6.3304670244481988e+07 0.0000000000000000e+00
5.5820299538542524e+07 0.0000000000000000e+00
4.9220789375239067e+07 0.0000000000000000e+00
4.3401524655897677e+07 0.0000000000000000e+00
3.8270258692846015e+07 0.0000000000000000e+00
3.3745650919623666e+07 0.0000000000000000e+00
2.9755977484468143e+07 0.0000000000000000e+00
2.6237994287473917e+07 0.0000000000000000e+00
2.3135934438344635e+07 0.0000000000000000e+00
2.0400624242491022e+07 0.0000000000000000e+00
1.7988703702131029e+07 0.0000000000000000e+00
1.5861939175815694e+07 0.0000000000000000e+00
1.3986617300693590e+07 0.0000000000000000e+00
1.2333010570001841e+07 0.0000000000000000e+00
1.0874906094144322e+07 0.0000000000000000e+00
9.5891900753020830e+06 0.0000000000000000e+00
8.4554814086886272e+06 0.0000000000000000e+00
7.4558086023158133e+06 0.0000000000000000e+00
6.5743248938191598e+06 0.0000000000000000e+00
5.7970570483884718e+06 0.0000000000000000e+00
5.1116838557621287e+06 0.0000000000000000e+00
4.5073408150300812e+06 0.0000000000000000e+00
3.9744479111193009e+06 0.0000000000000000e+00
3.5045577528831903e+06 0.0000000000000000e+00
3.0902216654878338e+06 0.0000000000000000e+00
2.7248716143981572e+06 0.0000000000000000e+00
2.4027160892293770e+06 0.0000000000000000e+00
2.1186482970196037e+06 0.0000000000000000e+00
1.8681652096081472e+06 0.0000000000000000e+00
1.6472961818626679e+06 0.0000000000000000e+00
1.4525400092149870e+06 0.0000000000000000e+00
1.2808094267447104e+06 0.0000000000000000e+00
1.1293821700131299e+06 0.0000000000000000e+00
9.9585782186610857e+05 0.0000000000000000e+00
8.7811976114372362e+05 0.0000000000000000e+00
7.7430161010953994e+05 0.0000000000000000e+00
6.8275764872588927e+05 0.0000000000000000e+00
6.0203672678371135e+05 0.0000000000000000e+00
5.3085926034343021e+05 0.0000000000000000e+00
4.6809694783557253e+05 0.0000000000000000e+00
4.1275488428180793e+05 0.0000000000000000e+00
3.6395579011195002e+05 0.0000000000000000e+00
3.2092610457293759e+05 0.0000000000000000e+00
2.8298372328320466e+05 0.0000000000000000e+00
2.4952718554880092e+05 0.0000000000000000e+00
2.2002614003913329e+05 0.0000000000000000e+00
1.9401293768470883e+05 0.0000000000000000e+00
1.7107521852792508e+05 0.0000000000000000e+00
1.5084937501404627e+05 0.0000000000000000e+00
1.3301478810277782e+05 0.0000000000000000e+00
1.1728874483158678e+05 0.0000000000000000e+00
1.0342195676423363e+05 0.0000000000000000e+00
9.1194608283184352e+04 0.0000000000000000e+00
8.0412872083653943e+04 0.0000000000000000e+00
7.0905836633045416e+04 0.0000000000000000e+00
6.2522796890053680e+04 0.0000000000000000e+00
5.5130865336028677e+04 0.0000000000000000e+00
4.8612865448807963e+04 0.0000000000000000e+00
4.2865474226459119e+04 0.0000000000000000e+00
3.7797584316319539e+04 0.0000000000000000e+00
3.3328859785889064e+04 0.0000000000000000e+00
2.9388462641720653e+04 0.0000000000000000e+00
2.5913929909161801e+04 0.0000000000000000e+00
2.2850183472463494e+04 0.0000000000000000e+00
2.0148656979296749e+04 0.0000000000000000e+00
1.7766525969412673e+04 0.0000000000000000e+00
1.5666029023480320e+04 0.0000000000000000e+00
1.3813869170993767e+04 0.0000000000000000e+00
1.2180686068391933e+04 0.0000000000000000e+00
1.0740590580390135e+04 0.0000000000000000e+00
9.4707543867269123e+03 0.0000000000000000e+00
8.3510481087947956e+03 0.0000000000000000e+00
7.3637222197573928e+03 0.0000000000000000e+00
6.4931256799541825e+03 0.0000000000000000e+00
5.7254578374181920e+03 0.0000000000000000e+00
5.0485496606443294e+03 0.0000000000000000e+00
4.4516708357222187e+03 0.0000000000000000e+00
3.9253596699474060e+03 0.0000000000000000e+00
3.4612731055506474e+03 0.0000000000000000e+00
3.0520544659717343e+03 0.0000000000000000e+00
2.6912168381974657e+03 0.0000000000000000e+00
2.3730402425474408e+03 0.0000000000000000e+00
2.0924809598476772e+03 0.0000000000000000e+00
1.8450915786513401e+03 0.0000000000000000e+00
1.6269504950993421e+03 0.0000000000000000e+00
1.4345997478557454e+03 0.0000000000000000e+00
1.2649902026810710e+03 0.0000000000000000e+00
1.1154332177116694e+03 0.0000000000000000e+00
9.8355802324604554e+02 0.0000000000000000e+00
8.6727414042436931e+02 0.0000000000000000e+00
7.6473824306414326e+02 0.0000000000000000e+00
6.7432493734757793e+02 0.0000000000000000e+00
5.9460099616159971e+02 0.0000000000000000e+00
5.2430263965476161e+02 1.4331122587928870e-310
4.6231550186344259e+02 8.7974911523956044e-251
4.0765696583939376e+02 4.3424411151911416e-203
3.5946058725599261e+02 5.8707883229920869e-165
3.1696235957691971e+02 2.1251268691043573e-134
2.7948860306351850e+02 7.5773542336177252e-110
2.4644528563789873e+02 4.5531902078722703e-90
2.1730860631673920e+02 4.3282303631453586e-74
1.9161669194479362e+02 3.8147252524895561e-61
1.6896227560517627e+02 1.2619844114955352e-50
1.4898624064496823e+02 4.7426377750531280e-42
1.3137192797633105e+02 4.8735565420519090e-35
1.1584011641279835e+02 2.7519213743484880e-29
1.0214459646925815e+02 1.4881237269236879e-24
9.0068267461744156e+01 1.2001124538314352e-20
7.9419696038466967e+01 2.0561850185193678e-17
7.0030081588074196e+01 9.9349210313474682e-15
6.1750580420970316e+01 1.6989170995261959e-12
5.4449946306731825e+01 1.2340794240152924e-10
4.8012449965557636e+01 4.4103708616803844e-09
4.2336044533623244e+01 8.7298885979624996e-08
3.7330747921396963e+01 1.0531283218220817e-06
3.2917216422146183e+01 8.3651009004031081e-06
2.9025486959540505e+01 4.6573534044999069e-05
2.5593868036534506e+01 1.9118443503795250e-04
2.2567961804900506e+01 6.0277802593252316e-04
1.9899801753311181e+01 1.5085256817612997e-03
1.7547092344648505e+01 3.0768468183920606e-03
1.5472538549304266e+01 5.2232841203450116e-03
1.3643254646273082e+01 7.5031429322191638e-03
1.2030242920378463e+01 9.2372806462534020e-03
1.0607933991970969e+01 9.8400427620112009e-03
9.3537814924250942e+00 9.1319046546899218e-03
8.2479046602529937e+00 7.4158880959472187e-03
7.2727731922874392e+00 5.2822481508699283e-03
6.4129293542090924e+00 3.3016617839504731e-03
5.6547429453305638e+00 1.8087227390132063e-03
4.9861952333497461e+00 8.6601339003904577e-04
4.3966884340179577e+00 3.6086070073111990e-04
3.8768777156045853e+00 1.3012365264860988e-04
3.4185230651005725e+00 4.0320073629783870e-05
3.0143586679525356e+00 1.0646246477639759e-05
2.6579777307406269e+00 2.3722334343648750e-06
2.3437309210160446e+00 4.4114819660875540e-07
2.0666368143709595e+00 6.7615602085155386e-08
1.8223029291527075e+00 8.4232439613953605e-09
1.6068560970686783e+00 8.3975469746624649e-10
1.4168810659198565e+00 6.5862192800634866e-11
1.2493663611971746e+00 3.9880198313924305e-12
1.1016565483410665e+00 1.8262048638328544e-13
9.7141013892818162e-01 6.1829655596433398e-15
8.5656247351632087e-01 1.5099756988136930e-16
7.5529299276815143e-01 2.5891347575664321e-18
6.6599637803745770e-01 3.0267203334202397e-20
5.8725710393974662e-01 2.3361019309943332e-22
5.1782699951605726e-01 1.1495619374136548e-24
4.5660546229052834e-01 3.4718154113078351e-27
4.0262201157605015e-01 6.1738054696456955e-30
3.5502090446391305e-01 6.1788369001293666e-33
3.1304757063081351e-01 3.3132895945218418e-36
2.7603665092858304e-01 9.0230652234524437e-40
2.4340145014486736e-01 1.1772460280872412e-43
2.1462463674054710e-01 6.9059659729880602e-48
1.8925004213654442e-01 1.6998073839594640e-52
1.6687542955275853e-01 1.6281573471360387e-57
1.4714611777114389e-01 5.5912397178893263e-63
1.2974935874711124e-01 6.2959115270456206e-69
1.1440937994347816e-01 2.1092007711680177e-75
1.0088301279826302e-01 1.8910091210907763e-82
8.8955838029035464e-02 4.0429176502209322e-90
7.8438786669387597e-02 1.8178873480354327e-98
6.9165142957311077e-02 1.4993162237366214e-107
6.0987901565442072e-02 1.9541658637877666e-117
5.3777437280101051e-02 3.4220713294535144e-128
4.7419450189017824e-02 6.7468763333022955e-140
4.1813153804947094e-02 1.2352775770039348e-152
3.6869677403409816e-02 1.7027027016766906e-166
3.2510657248501690e-02 1.4057018444475324e-181
2.8666994374943928e-02 5.4166250473533910e-198
2.5277759234810331e-02 7.4222377249517520e-216
2.2289225845438639e-02 2.6882220479893545e-235
1.9654020127891823e-02 1.8617872786988300e-256
1.7330368935475175e-02 1.7318058899281918e-279
1.5281437867943023e-02 1.4713096352236309e-304
1.3474747374465051e-02 0.0000000000000000e+00
1.1881657889441245e-02 0.0000000000000000e+00
1.0476915839568824e-02 0.0000000000000000e+00
9.2382533254852846e-03 0.0000000000000000e+00
8.1460351321626691e-03 0.0000000000000000e+00
7.1829474724804925e-03 0.0000000000000000e+00
6.3337235299543507e-03 0.0000000000000000e+00
5.5849014499397510e-03 0.0000000000000000e+00
4.9246109429983611e-03 0.0000000000000000e+00
4.3423851176748402e-03 0.0000000000000000e+00
3.8289945598673782e-03 0.0000000000000000e+00
3.3763010286255533e-03 0.0000000000000000e+00
2.9771284491699286e-03 0.0000000000000000e+00
2.6251491581202415e-03 0.0000000000000000e+00
2.3147835976982606e-03 0.0000000000000000e+00
2.0411118688622421e-03 0.0000000000000000e+00
1.7997957413180823e-03 0.0000000000000000e+00
1.5870098841139783e-03 0.0000000000000000e+00
1.3993812266890591e-03 0.0000000000000000e+00
1.2339354891309133e-03 0.0000000000000000e+00
1.0880500340419942e-03 0.0000000000000000e+00
9.5941229262527144e-04 0.0000000000000000e+00
8.4598310596161526e-04 0.0000000000000000e+00
7.4596440036649517e-04 0.0000000000000000e+00
6.5777068441766015e-04 0.0000000000000000e+00
5.8000391582588241e-04 0.0000000000000000e+00
5.1143133973990365e-04 0.0000000000000000e+00
4.5096594717935649e-04 0.0000000000000000e+00
3.9764924382381354e-04 0.0000000000000000e+00
3.5063605600970830e-04 0.0000000000000000e+00
3.0918113308047877e-04 0.0000000000000000e+00
2.7262733371117648e-04 0.0000000000000000e+00
2.4039520893766046e-04 0.0000000000000000e+00
2.1197381676118048e-04 0.0000000000000000e+00
1.8691262272183868e-04 0.0000000000000000e+00
1.6481435804930917e-04 0.0000000000000000e+00
1.4532872217855048e-04 0.0000000000000000e+00
1.2814682980308970e-04 0.0000000000000000e+00
1.1299631444090054e-04 0.0000000000000000e+00
9.9637010894819926e-05 0.0000000000000000e+00
8.7857148166073780e-05 0.0000000000000000e+00
7.7469992471208745e-05 0.0000000000000000e+00
6.8310887147672857e-05 0.0000000000000000e+00
6.0234642524799607e-05 0.0000000000000000e+00
5.3113234384542724e-05 0.0000000000000000e+00
4.6833774528102601e-05 0.0000000000000000e+00
4.1296721277955594e-05 0.0000000000000000e+00
3.6414301548251539e-05 0.0000000000000000e+00
3.2109119470334830e-05 0.0000000000000000e+00
2.8312929517378655e-05 0.0000000000000000e+00
2.4965554679774756e-05 0.0000000000000000e+00
2.2013932542241911e-05 0.0000000000000000e+00
1.9411274141125620e-05 0.0000000000000000e+00
1.7116322268132333e-05 0.0000000000000000e+00
1.5092697463164787e-05 0.0000000000000000e+00
1.3308321328976484e-05 0.0000000000000000e+00
1.1734908026053356e-05 0.0000000000000000e+00
1.0347515886928511e-05 0.0000000000000000e+00
9.1241520421398368e-06 0.0000000000000000e+00
8.0454237903851783e-06 0.0000000000000000e+00
7.0942311864102130e-06 0.0000000000000000e+00
6.2554959735471902e-06 0.0000000000000000e+00
5.5159225639593874e-06 0.0000000000000000e+00
4.8637872776607376e-06 0.0000000000000000e+00
4.2887524993377756e-06 0.0000000000000000e+00
3.7817028069990795e-06 0.0000000000000000e+00
3.3346004747703981e-06 0.0000000000000000e+00
2.9403580592740777e-06 0.0000000000000000e+00
2.5927260498375946e-06 0.0000000000000000e+00
2.2861938015691681e-06 0.0000000000000000e+00
2.0159021808959587e-06 0.0000000000000000e+00
1.7775665388261418e-06 0.0000000000000000e+00
1.5674087909116765e-06 0.0000000000000000e+00
1.3820975272461820e-06 0.0000000000000000e+00
1.2186952031250159e-06 0.0000000000000000e+00
1.0746115732362309e-06 0.0000000000000000e+00
9.4756263122401746e-07 0.0000000000000000e+00
8.3553440373642702e-07 0.0000000000000000e+00
7.3675102502236759e-07 0.0000000000000000e+00
6.4964658599831726e-07 0.0000000000000000e+00
5.7284031153733245e-07 0.0000000000000000e+00
5.0511467249216522e-07 0.0000000000000000e+00
4.4539608548522996e-07 0.0000000000000000e+00
3.9273789451966466e-07 0.0000000000000000e+00
3.4630536463674595e-07 0.0000000000000000e+00
3.0536244973983465e-07 0.0000000000000000e+00
2.6926012482919903e-07 0.0000000000000000e+00
2.3742609769081644e-07 0.0000000000000000e+00
2.0935573694934328e-07 0.0000000000000000e+00
1.8460407267729755e-07 0.0000000000000000e+00
1.6277874275444494e-07 0.0000000000000000e+00
1.4353377316348206e-07 0.0000000000000000e+00
1.2656409362753462e-07 0.0000000000000000e+00
1.1160070165168977e-07 0.0000000000000000e+00
9.8406398309165400e-08 0.0000000000000000e+00
8.6772028176002885e-08 0.0000000000000000e+00
7.6513163809956860e-08 0.0000000000000000e+00
6.7467182216079815e-08 0.0000000000000000e+00
5.9490686955300757e-08 0.0000000000000000e+00
5.2457235031376320e-08 0.0000000000000000e+00
4.6255332522964282e-08 0.0000000000000000e+00
4.0786667187668140e-08 0.0000000000000000e+00
3.5964550021377636e-08 0.0000000000000000e+00
3.1712541068598250e-08 0.0000000000000000e+00
2.7963237700172141e-08 0.0000000000000000e+00
2.4657206150238803e-08 0.0000000000000000e+00
2.1742039375205526e-08 0.0000000000000000e+00
1.9171526299965716e-08 0.0000000000000000e+00
1.6904919282292896e-08 0.0000000000000000e+00
1.4906288183291336e-08 0.0000000000000000e+00
1.3143950804667391e-08 0.0000000000000000e+00
1.1589970664136672e-08 0.0000000000000000e+00
1.0219714147731855e-08 0.0000000000000000e+00
9.0114600190086434e-09 0.0000000000000000e+00
7.9460550951136620e-09 0.0000000000000000e+00
7.0066106315066249e-09 0.0000000000000000e+00
6.1782346024419847e-09 0.0000000000000000e+00
5.4477956333364925e-09 0.0000000000000000e+00
4.8037148428889446e-09 0.0000000000000000e+00
4.2357822952435005e-09 0.0000000000000000e+00
3.7349951526073719e-09 0.0000000000000000e+00
3.2934149627249413e-09 0.0000000000000000e+00
2.9040418189375114e-09 0.0000000000000000e+00
2.5607033980194607e-09 0.0000000000000000e+00
2.2579571168253213e-09 0.0000000000000000e+00
1.9910038567393091e-09 0.0000000000000000e+00
1.7556118882914424e-09 0.0000000000000000e+00
1.5480497899978735e-09 0.0000000000000000e+00
1.3650272980576874e-09 0.0000000000000000e+00
1.2036431492589522e-09 0.0000000000000000e+00
1.0613390903020482e-09 0.0000000000000000e+00
9.3585932449885770e-10 0.0000000000000000e+00
8.2521475299870255e-10 0.0000000000000000e+00
7.2765144369466731e-10 0.0000000000000000e+00
6.4162282798131937e-10 0.0000000000000000e+00
5.6576518462799285e-10 0.0000000000000000e+00
4.9887602213939842e-10 0.0000000000000000e+00
4.3989501692168214e-10 0.0000000000000000e+00
3.8788720508690422e-10 0.0000000000000000e+00
3.4202816145316668e-10 0.0000000000000000e+00
3.0159093079861687e-10 0.0000000000000000e+00
2.6593450420435404e-10 0.0000000000000000e+00
2.3449365781373517e-10 0.0000000000000000e+00
2.0676999293258632e-10 0.0000000000000000e+00
1.8232403543852914e-10 0.0000000000000000e+00
1.6076826925958973e-10 0.0000000000000000e+00
1.4176099348919100e-10 0.0000000000000000e+00
1.2500090576078482e-10 0.0000000000000000e+00
1.1022232601810698e-10 0.0000000000000000e+00
9.7190984968473933e-11 0.0000000000000000e+00
8.5700310457886264e-11 0.0000000000000000e+00
7.5568152899782407e-11 0.0000000000000000e+00
6.6633897849074882e-11 0.0000000000000000e+00
5.8755919950159379e-11 0.0000000000000000e+00
5.1809337898990506e-11 0.0000000000000000e+00
4.5684034831020449e-11 0.0000000000000000e+00
4.0282912754277621e-11 0.0000000000000000e+00
3.5520353356943092e-11 0.0000000000000000e+00
3.1320860790239638e-11 0.0000000000000000e+00
2.7617864912084326e-11 0.0000000000000000e+00
2.4352666020591675e-11 0.0000000000000000e+00
2.1473504349388982e-11 0.0000000000000000e+00
1.8934739574440105e-11 0.0000000000000000e+00
1.6696127325956264e-11 0.0000000000000000e+00
1.4722181236695801e-11 0.0000000000000000e+00
1.2981610413881056e-11 0.0000000000000000e+00
1.1446823417560707e-11 0.0000000000000000e+00
1.0093490882511001e-11 0.0000000000000000e+00
8.9001598503773202e-12 0.0000000000000000e+00
7.8479136984728032e-12 0.0000000000000000e+00
6.9200722744395408e-12 0.0000000000000000e+00
6.1019274833241962e-12 0.0000000000000000e+00
5.3805101356058777e-12 0.0000000000000000e+00
4.7443843602654258e-12 0.0000000000000000e+00
4.1834663239412117e-12 0.0000000000000000e+00
3.6888643825162326e-12 0.0000000000000000e+00
3.2527381312292103e-12 0.0000000000000000e+00
2.8681741189778641e-12 0.0000000000000000e+00
2.5290762566446807e-12 0.0000000000000000e+00
2.2300691822026836e-12 0.0000000000000000e+00
1.9664130507507941e-12 0.0000000000000000e+00
1.7339283987341656e-12 0.0000000000000000e+00
1.5289298913007701e-12 0.0000000000000000e+00
1.3481679025613410e-12 0.0000000000000000e+00
1.1887770026853815e-12 0.0000000000000000e+00
1.0482305352536482e-12 0.0000000000000000e+00
9.2430056482927409e-13 0.0000000000000000e+00
8.1502255983887380e-13 0.0000000000000000e+00
7.1866425091822402e-13 0.0000000000000000e+00
6.3369817106652543e-13 0.0000000000000000e+00
5.5877744231742396e-13 0.0000000000000000e+00
4.9271442509817363e-13 0.0000000000000000e+00
4.3446189182761467e-13 0.0000000000000000e+00
3.8309642631798307e-13 0.0000000000000000e+00
3.3780378582856207e-13 0.0000000000000000e+00
2.9786599373128739e-13 0.0000000000000000e+00
2.6264995818180517e-13 0.0000000000000000e+00
2.3159743637985091e-13 0.0000000000000000e+00
2.0421618533284666e-13 0.0000000000000000e+00
1.8007215884505306e-13 0.0000000000000000e+00
1.5878262703941782e-13 0.0000000000000000e+00
1.4001010934306940e-13 0.0000000000000000e+00
1.2345702476248972e-13 0.0000000000000000e+00
1.0886097464476033e-13 0.0000000000000000e+00
9.5990583147501798e-14 0.0000000000000000e+00
8.4641829480819379e-14 0.0000000000000000e+00
7.4634813780132334e-14 0.0000000000000000e+00
6.5810905342698488e-14 0.0000000000000000e+00
5.8030228021798514e-14 0.0000000000000000e+00
5.1169442917192751e-14 0.0000000000000000e+00
4.5119793213156111e-14 0.0000000000000000e+00
3.9785380170983183e-14 0.0000000000000000e+00
3.5081642947072477e-14 0.0000000000000000e+00
3.0934018138740492e-14 0.0000000000000000e+00
2.7276757808965841e-14 0.0000000000000000e+00
2.4051887253444415e-14 0.0000000000000000e+00
2.1208285988529478e-14 0.0000000000000000e+00
1.8700877391932810e-14 0.0000000000000000e+00
1.6489914150405455e-14 0.0000000000000000e+00
1.4540348187355438e-14 0.0000000000000000e+00
1.2821275082522618e-14 0.0000000000000000e+00
1.1305444176685192e-14 0.0000000000000000e+00
9.9688265955993905e-15 0.0000000000000000e+00
8.7902343455087199e-15 0.0000000000000000e+00
7.7509844421479022e-15 0.0000000000000000e+00
6.8346027490284103e-15 0.0000000000000000e+00
6.0265628302671463e-15 0.0000000000000000e+00
5.3140556782646403e-15 0.0000000000000000e+00
4.6857866659699973e-15 0.0000000000000000e+00
4.1317965050288554e-15 0.0000000000000000e+00
3.6433033716516145e-15 0.0000000000000000e+00
3.2125636975907454e-15 0.0000000000000000e+00
2.8327494194915601e-15 0.0000000000000000e+00
2.4978397407801858e-15 0.0000000000000000e+00
2.2025256903029134e-15 0.0000000000000000e+00
1.9421259647862859e-15 0.0000000000000000e+00
1.7125127210563346e-15 0.0000000000000000e+00
1.5100461416788118e-15 0.0000000000000000e+00
1.3315167367589184e-15 0.0000000000000000e+00
1.1740944672710506e-15 0.0000000000000000e+00
1.0352838834245180e-15 0.0000000000000000e+00
9.1288456692055339e-16 0.0000000000000000e+00
8.0495625003368658e-16 0.0000000000000000e+00
7.0978805858670668e-16 0.0000000000000000e+00
6.2587139126033546e-16 0.0000000000000000e+00
5.5187600532207331e-16 0.0000000000000000e+00
4.8662892968623874e-16 0.0000000000000000e+00
4.2909587103605625e-16 0.0000000000000000e+00
3.7836481825876662e-16 0.0000000000000000e+00
3.3363158529194428e-16 0.0000000000000000e+00
2.9418706320705508e-16 0.0000000000000000e+00
2.5940597945083580e-16 0.0000000000000000e+00
2.2873698605667504e-16 0.0000000000000000e+00
2.0169391970476347e-16 0.0000000000000000e+00
1.7784809508590810e-16 0.0000000000000000e+00
1.5682150940388111e-16 0.0000000000000000e+00
1.3828085029435782e-16 0.0000000000000000e+00
1.2193221217431849e-16 0.0000000000000000e+00
1.0751643726571475e-16 0.0000000000000000e+00
9.4805007439592106e-17 0.0000000000000000e+00
8.3596421758362979e-17 0.0000000000000000e+00
7.3713002293206383e-17 0.0000000000000000e+00
6.4998077582605049e-17 0.0000000000000000e+00
5.7313499084321556e-17 0.0000000000000000e+00
5.0537451251753293e-17 0.0000000000000000e+00
4.4562520520091773e-17 0.0000000000000000e+00
3.9293992591972555e-17 0.0000000000000000e+00
3.4648351031263429e-17 0.0000000000000000e+00
3.0551953364772280e-17 0.0000000000000000e+00
2.6939863705518703e-17 0.0000000000000000e+00
2.3754823392364958e-17 0.0000000000000000e+00
2.0946343328635801e-17 0.0000000000000000e+00
1.8469903631533790e-17 0.0000000000000000e+00
1.6286247905226011e-17 0.0000000000000000e+00
1.4360760950459631e-17 0.0000000000000000e+00
1.2662920046186299e-17 0.0000000000000000e+00
1.1165811104945116e-17 0.0000000000000000e+00
9.8457020321206416e-18 0.0000000000000000e+00
8.6816665259877722e-18 0.0000000000000000e+00
7.6552523550443594e-18 0.0000000000000000e+00
6.7501888541778134e-18 0.0000000000000000e+00
5.9521290029116330e-18 0.0000000000000000e+00
5.2484219971675161e-18 0.0000000000000000e+00
4.6279127093644353e-18 0.0000000000000000e+00
4.0807648579050859e-18 0.0000000000000000e+00
3.5983050829409567e-18 0.0000000000000000e+00
3.1728854567145181e-18 0.0000000000000000e+00
2.7977622489981403e-18 0.0000000000000000e+00
2.4669890258265130e-18 0.0000000000000000e+00
2.1753223869282725e-18 0.0000000000000000e+00
1.9181388476123740e-18 0.0000000000000000e+00
1.6913615475245428e-18 0.0000000000000000e+00
1.4913956244645748e-18 0.0000000000000000e+00
1.3150712288141358e-18 0.0000000000000000e+00
1.1595932752421536e-18 0.0000000000000000e+00
1.0224971351547168e-18 0.0000000000000000e+00
9.0160956752812789e-19 0.0000000000000000e+00
7.9501426880305336e-19 0.0000000000000000e+00
7.0102149573822698e-19 0.0000000000000000e+00
6.1814127968664402e-19 0.0000000000000000e+00
5.4505980768857553e-19 0.0000000000000000e+00
4.8061859597552914e-19 0.0000000000000000e+00
4.2379612574455231e-19 0.0000000000000000e+00
3.7369165009428172e-19 0.0000000000000000e+00
3.2951091543096725e-19 0.0000000000000000e+00
2.9055357100101627e-19 0.0000000000000000e+00
2.5620206696651594e-19 0.0000000000000000e+00
2.2591186503670417e-19 0.0000000000000000e+00
1.9920280647475414e-19 0.0000000000000000e+00
1.7565150064593205e-19 0.0000000000000000e+00
1.5488461345085548e-19 0.0000000000000000e+00
1.3657294925237574e-19 0.0000000000000000e+00
1.2042623248312914e-19 0.0000000000000000e+00
1.0618850621202637e-19 0.0000000000000000e+00
9.3634074728037891e-20 0.0000000000000000e+00
8.2563925823292032e-20 0.0000000000000000e+00
7.2802576061691309e-20 0.0000000000000000e+00
6.4195289024436247e-20 0.0000000000000000e+00
5.6605622436200132e-20 0.0000000000000000e+00
4.9913265289139859e-20 0.0000000000000000e+00
4.4012130678927210e-20 0.0000000000000000e+00
3.8808674120552906e-20 0.0000000000000000e+00
3.4220410685920680e-20 0.0000000000000000e+00
3.0174607456967928e-20 0.0000000000000000e+00
2.6607130567158854e-20 0.0000000000000000e+00
2.3461428554702642e-20 0.0000000000000000e+00
2.0687635911661293e-20 0.0000000000000000e+00
1.8241782618461802e-20 0.0000000000000000e+00
1.6085097133386647e-20 0.0000000000000000e+00
1.4183391788072103e-20 0.0000000000000000e+00
1.2506520846330504e-20 0.0000000000000000e+00
1.1027902635477970e-20 0.0000000000000000e+00
9.7240981750145527e-21 0.0000000000000000e+00
8.5744396230991059e-21 0.0000000000000000e+00
7.5607026509748198e-21 0.0000000000000000e+00
6.6668175518385174e-21 0.0000000000000000e+00
5.8786145046680582e-21 0.0000000000000000e+00
5.1835989549411867e-21 0.0000000000000000e+00
4.5707535515945758e-21 0.0000000000000000e+00
4.0303635005366282e-21 0.0000000000000000e+00
3.5538625662262995e-21 0.0000000000000000e+00
3.1336972801443204e-21 0.0000000000000000e+00
2.7632072035951765e-21 0.0000000000000000e+00
2.4365193467726278e-21 0.0000000000000000e+00
2.1484550704244102e-21 0.0000000000000000e+00
1.8944479943269775e-21 0.0000000000000000e+00
1.6704716112590625e-21 0.0000000000000000e+00
1.4729754590142726e-21 0.0000000000000000e+00
1.2988288386553096e-21 0.0000000000000000e+00
1.1452711868340647e-21 0.0000000000000000e+00
1.0098683154820218e-21 0.0000000000000000e+00
8.9047382518517578e-22 0.0000000000000000e+00
7.8519508056991065e-22 0.0000000000000000e+00
6.9236320834359139e-22 0.0000000000000000e+00
6.1050664240012435e-22 0.0000000000000000e+00
5.3832779662911034e-22 0.0000000000000000e+00
4.7468249564699343e-22 0.0000000000000000e+00
4.1856183738715272e-22 0.0000000000000000e+00
3.6907620003581410e-22 0.0000000000000000e+00
3.2544113979239507e-22 0.0000000000000000e+00
2.8696495590638889e-22 0.0000000000000000e+00
2.5303772587229636e-22 0.0000000000000000e+00
2.2312163696918087e-22 0.0000000000000000e+00
1.9674246088084317e-22 0.0000000000000000e+00
1.7348203625270404e-22 0.0000000000000000e+00
1.5297164001934550e-22 0.0000000000000000e+00
1.3488614242526865e-22 0.0000000000000000e+00
1.1893885308459280e-22 0.0000000000000000e+00
1.0487697637965995e-22 0.0000000000000000e+00
9.2477604157798942e-23 0.0000000000000000e+00
8.1544182202656467e-23 0.0000000000000000e+00
7.1903394466770089e-23 0.0000000000000000e+00
6.3402415674425846e-23 0.0000000000000000e+00
5.5906488743175849e-23 0.0000000000000000e+00
4.9296788621440863e-23 0.0000000000000000e+00
4.3468538679844329e-23 0.0000000000000000e+00
3.8329349797428326e-23 0.0000000000000000e+00
3.3797755814019568e-23 0.0000000000000000e+00
2.9801922132807333e-23 0.0000000000000000e+00
2.6278507001979216e-23 0.0000000000000000e+00
2.3171657424501546e-23 0.0000000000000000e+00
2.0432123779254959e-23 0.0000000000000000e+00
1.8016479118553015e-23 0.0000000000000000e+00
1.5886430766380550e-23 0.0000000000000000e+00
1.4008213304846668e-23 0.0000000000000000e+00
1.2352053326500032e-23 0.0000000000000000e+00
1.0891697467792662e-23 0.0000000000000000e+00
9.6039962420998344e-24 0.0000000000000000e+00
8.4685370752370547e-24 0.0000000000000000e+00
7.4673207263755085e-24 0.0000000000000000e+00
6.5844759649936895e-24 0.0000000000000000e+00
5.8060079809407224e-24 0.0000000000000000e+00
5.1195765394186046e-24 0.0000000000000000e+00
4.5143003642096676e-24 0.0000000000000000e+00
3.9805846482408825e-24 0.0000000000000000e+00
3.5099689571907844e-24 0.0000000000000000e+00
3.0949931151162482e-24 0.0000000000000000e+00
2.7290789461236128e-24 0.0000000000000000e+00
2.4064259974599477e-24 0.0000000000000000e+00
2.1219195910314315e-24 0.0000000000000000e+00
1.8710497457871078e-24 0.0000000000000000e+00
1.6498396857292610e-24 0.0000000000000000e+00
1.4547828002628310e-24 0.0000000000000000e+00
1.2827870575831383e-24 0.0000000000000000e+00
1.1311259899453980e-24 0.0000000000000000e+00
9.9739547383688465e-25 0.0000000000000000e+00
8.7947561993365941e-25 0.0000000000000000e+00
7.7549716872304317e-25 0.0000000000000000e+00
6.8381185909716332e-25 0.0000000000000000e+00
6.0296630020181851e-25 0.0000000000000000e+00
5.3167893235879659e-25 0.0000000000000000e+00
4.6881971184720903e-25 0.0000000000000000e+00
4.1339219750798120e-25 0.0000000000000000e+00
3.6451775520943282e-25 0.0000000000000000e+00
3.2142162978379969e-25 0.0000000000000000e+00
2.8342066364783269e-25 0.0000000000000000e+00
2.4991246742358033e-25 0.0000000000000000e+00
2.2036587089269797e-25 0.0000000000000000e+00
1.9431250291323427e-25 0.0000000000000000e+00
1.7133936682414283e-25 0.0000000000000000e+00
1.5108229364328114e-25 0.0000000000000000e+00
1.3322016927926423e-25 0.0000000000000000e+00
1.1746984424726711e-25 0.0000000000000000e+00
1.0358164519781187e-25 0.0000000000000000e+00
9.1335417107568206e-26 0.0000000000000000e+00
8.0537033393150081e-26 0.0000000000000000e+00
7.1015318626402972e-26 0.0000000000000000e+00
6.2619335070249448e-26 0.0000000000000000e+00
5.5215990021373272e-26 0.0000000000000000e+00
4.8687926031474832e-26 0.0000000000000000e+00
4.2931660562977746e-26 0.0000000000000000e+00
3.7855945589122020e-26 0.0000000000000000e+00
3.3380321134897004e-26 0.0000000000000000e+00
2.9433839829615371e-26 0.0000000000000000e+00
2.5953942252812033e-26 0.0000000000000000e+00
2.2885465245501232e-26 0.0000000000000000e+00
2.0179767466589740e-26 0.0000000000000000e+00
1.7793958332819320e-26 0.0000000000000000e+00
1.5690218119426758e-26 0.0000000000000000e+00
1.3835198443795945e-26 0.0000000000000000e+00
1.2199493628595078e-26 0.0000000000000000e+00
1.0757174564479597e-26 0.0000000000000000e+00
9.4853776831731429e-27 0.0000000000000000e+00
8.3639425253476588e-27 0.0000000000000000e+00
7.3750921580506634e-27 0.0000000000000000e+00
6.5031513756700053e-27 0.0000000000000000e+00
5.7342982173740636e-27 0.0000000000000000e+00
5.0563448620925875e-27 0.0000000000000000e+00
4.4585444277987949e-27 0.0000000000000000e+00
3.9314206124835342e-27 0.0000000000000000e+00
3.4666174762984552e-27 0.0000000000000000e+00
3.0567669836238379e-27 0.0000000000000000e+00
2.6953722053434253e-27 0.0000000000000000e+00
2.3767043298554620e-27 0.0000000000000000e+00
2.0957118502429541e-27 0.0000000000000000e+00
1.8479404880436990e-27 0.0000000000000000e+00
1.6294625842552518e-27 0.0000000000000000e+00
1.4368148382844553e-27 0.0000000000000000e+00
1.2669434078830991e-27 0.0000000000000000e+00
1.1171554997963397e-27 0.0000000000000000e+00
9.8507668374116220e-28 0.0000000000000000e+00
8.6861325305867215e-28 0.0000000000000000e+00
7.6591903538283867e-28 0.0000000000000000e+00
6.7536612721031364e-28 0.0000000000000000e+00
5.9551908845700636e-28 0.0000000000000000e+00
5.2511218793509267e-28 0.0000000000000000e+00
4.6302933904677323e-28 0.0000000000000000e+00
4.0828640763636690e-28 0.0000000000000000e+00
3.6001561154588182e-28 0.0000000000000000e+00
3.1745176457647143e-28 0.0000000000000000e+00
2.7992014679583928e-28 0.0000000000000000e+00
2.4682580891223573e-28 0.0000000000000000e+00
2.1764414116863446e-28 0.0000000000000000e+00
1.9191255725561639e-28 0.0000000000000000e+00
1.6922316141675217e-28 0.0000000000000000e+00
1.4921628250588121e-28 0.0000000000000000e+00
1.3157477249843195e-28 0.0000000000000000e+00
1.1601897907711297e-28 0.0000000000000000e+00
1.0230231259762188e-28 0.0000000000000000e+00
9.0207337162182940e-29 0.0000000000000000e+00
7.9542323836783418e-29 0.0000000000000000e+00
7.0138211373876375e-29 0.0000000000000000e+00
6.1845926262109751e-29 0.0000000000000000e+00
5.4534019620621233e-29 0.0000000000000000e+00
4.8086583478083714e-29 0.0000000000000000e+00
4.2401413405446913e-29 0.0000000000000000e+00
3.7388388376541617e-29 0.0000000000000000e+00
3.2968042174168679e-29 0.0000000000000000e+00
2.9070303695671120e-29 0.0000000000000000e+00
2.5633386189389211e-29 0.0000000000000000e+00
2.2602807814224000e-29 0.0000000000000000e+00
1.9930527996266993e-29 0.0000000000000000e+00
1.7574185892073431e-29 0.0000000000000000e+00
1.5496428886730746e-29 0.0000000000000000e+00
1.3664320482112251e-29 0.0000000000000000e+00
1.2048818189186230e-29 0.0000000000000000e+00
1.0624313147961339e-29 0.0000000000000000e+00
9.3682241771439274e-30 0.0000000000000000e+00
8.2606398184022551e-30 0.0000000000000000e+00
7.2840027009448128e-30 0.0000000000000000e+00
6.4228312229732923e-30 0.0000000000000000e+00
5.6634741381205614e-30 0.0000000000000000e+00
4.9938941565884950e-30 0.0000000000000000e+00
4.4034771306441172e-30 0.0000000000000000e+00
3.8828637996910377e-30 0.0000000000000000e+00
3.4238014277471184e-30 0.0000000000000000e+00
3.0190129814947341e-30 0.0000000000000000e+00
2.6620817751194546e-30 0.0000000000000000e+00
2.3473497533338195e-30 0.0000000000000000e+00
2.0698278001730786e-30 0.0000000000000000e+00
1.8251166517834193e-30 0.0000000000000000e+00
1.6093371595156992e-30 0.0000000000000000e+00
1.4190687978586282e-30 0.0000000000000000e+00
1.2512954424428392e-30 0.0000000000000000e+00
1.1033575585912011e-30 0.0000000000000000e+00
9.7291004251056168e-31 0.0000000000000000e+00
8.5788504682606351e-31 0.0000000000000000e+00
7.5645920116993288e-31 0.0000000000000000e+00
6.6702470820741828e-31 0.0000000000000000e+00
5.8816385691532251e-31 0.0000000000000000e+00
5.1862654909918202e-31 0.0000000000000000e+00
4.5731048290043882e-31 0.0000000000000000e+00
4.0324367916351701e-31 0.0000000000000000e+00
3.5556907367183690e-31 0.0000000000000000e+00
3.1353093100953084e-31 0.0000000000000000e+00
2.7646286468217919e-31 0.0000000000000000e+00
2.4377727359203839e-31 0.0000000000000000e+00
2.1495602741541457e-31 0.0000000000000000e+00
1.8954225322719452e-31 0.0000000000000000e+00
1.6713309317450500e-31 0.0000000000000000e+00
1.4737331839458172e-31 0.0000000000000000e+00
1.2994969794493976e-31 0.0000000000000000e+00
1.1458603348245035e-31 0.0000000000000000e+00
1.0103878098127215e-31 0.0000000000000000e+00
8.9093190085376871e-32 0.0000000000000000e+00
7.8559899896857295e-32 0.0000000000000000e+00
6.9271937236617257e-32 0.0000000000000000e+00
6.1082069794054388e-32 0.0000000000000000e+00
5.3860472207980475e-32 0.0000000000000000e+00
4.7492668081607970e-32 0.0000000000000000e+00
4.1877715308548312e-32 0.0000000000000000e+00
3.6926605943685608e-32 0.0000000000000000e+00
3.2560855253770720e-32 0.0000000000000000e+00
2.8711257581426931e-32 0.0000000000000000e+00
2.5316789300599518e-32 0.0000000000000000e+00
2.2323641473147425e-32 0.0000000000000000e+00
1.9684366872296334e-32 0.0000000000000000e+00
1.7357127851620493e-32 0.0000000000000000e+00
1.5305033136803631e-32 0.0000000000000000e+00
1.3495553027040211e-32 0.0000000000000000e+00
1.1900003735875020e-32 0.0000000000000000e+00
1.0493092697283450e-32 0.0000000000000000e+00
9.2525176292046664e-33 0.0000000000000000e+00
8.1586129989022661e-33 0.0000000000000000e+00
7.1940382859425725e-33 0.0000000000000000e+00
6.3435031011484651e-33 0.0000000000000000e+00
5.5935248041300328e-33 0.0000000000000000e+00
4.9322147771557670e-33 0.0000000000000000e+00
4.3490899673907662e-33 0.0000000000000000e+00
3.8349067100777590e-33 0.0000000000000000e+00
3.3815141984341562e-33 0.0000000000000000e+00
2.9817252774787665e-33 0.0000000000000000e+00
2.6292025136173037e-33 0.0000000000000000e+00
2.3183577339682957e-33 0.0000000000000000e+00
2.0442634429311753e-33 0.0000000000000000e+00
1.8025747117773781e-33 0.0000000000000000e+00
1.5894603030617046e-33 0.0000000000000000e+00
1.4015419380414677e-33 0.0000000000000000e+00
1.2358407443741888e-33 0.0000000000000000e+00
1.0897300351851371e-33 0.0000000000000000e+00
9.6089367096076676e-34 0.0000000000000000e+00
8.4728934422330858e-34 0.0000000000000000e+00
7.4711620497671563e-34 0.0000000000000000e+00
6.5878631372437743e-34 0.0000000000000000e+00
5.8089946953309591e-34 0.0000000000000000e+00
5.1222101411931651e-34 0.0000000000000000e+00
4.5166226010897936e-34 0.0000000000000000e+00
3.9826323322071271e-34 0.0000000000000000e+00
3.5117745480249925e-34 0.0000000000000000e+00
3.0965852349522276e-34 0.0000000000000000e+00
