# k_modes P_scalar P_tensor
4.5674915240450651e-05 2.6787965329240222e-09 9.3053942603826614e-12
4.8640607780895892e-05 2.6730087917231738e-09 9.3050894207166677e-12
5.1798864055683070e-05 2.6672272035064666e-09 9.3047834145628618e-12
5.5162187313641362e-05 2.6614520053232037e-09 9.3044771354516612e-12
5.8743892645101441e-05 2.6556831921974099e-09 9.3041705296360765e-12
6.2558159695125525e-05 2.6499206443659092e-09 9.3038631743753002e-12
6.6620088799429760e-05 2.6441645270718880e-09 9.3035556545359227e-12
7.0945760765237637e-05 2.6384145543866393e-09 9.3032469638260168e-12
7.5552300533730685e-05 2.6326703402802004e-09 9.3029357724575008e-12
8.0457944976129674e-05 2.6269329682827593e-09 9.3026258313913458e-12
8.5682115091807094e-05 2.6212020243309397e-09 9.3023156988779669e-12
9.1245492894253473e-05 2.6154771232808809e-09 9.3020040467711890e-12
9.7170103289284535e-05 2.6097583370812679e-09 9.3016911077664133e-12
1.0347940126963666e-04 2.6040459920295621e-09 9.3013780419298904e-12
1.1019836477114568e-04 2.5983403497080711e-09 9.3010657333261626e-12
1.1735359355811925e-04 2.5926405947311610e-09 9.3007513510589514e-12
1.2497341452938042e-04 2.5869465204420485e-09 9.3004340987857293e-12
1.3308799386187834e-04 2.5812596115126300e-09 9.3001192973108429e-12
1.4172945643583509e-04 2.5755787882320314e-09 9.2998030853109935e-12
1.5093201301421853e-04 2.5699046579645083e-09 9.2994876531889471e-12
1.6073209568003664e-04 2.5642359648376591e-09 9.2991684199530610e-12
1.7116850206763435e-04 2.5585742500470884e-09 9.2988510356828206e-12
1.8228254895899231e-04 2.5529181908944076e-09 9.2985306338151785e-12
1.9411823585310339e-04 2.5472690069546895e-09 9.2982116535107722e-12
2.0672241915597884e-04 2.5416255673210138e-09 9.2978900123629458e-12
2.2014499768089154e-04 2.5359889560678662e-09 9.2975696164398323e-12
2.3443911019323089e-04 2.5303582762349188e-09 9.2972472521555780e-12
2.4966134578203249e-04 2.5247339623413112e-09 9.2969244264276867e-12
2.6587196789102714e-04 2.5191162411583644e-09 9.2966020182374804e-12
2.8313515289612177e-04 2.5135046715297713e-09 9.2962784004909769e-12
3.0151924417382605e-04 2.5078991250530580e-09 9.2959530818822594e-12
3.2109702266645222e-04 2.5022995447570979e-09 9.2956258786446665e-12
3.4194599501523326e-04 2.4967075124861464e-09 9.2953026178329030e-12
3.6414870040205586e-04 2.4911203303046026e-09 9.2949732895347817e-12
3.8779303731455828e-04 2.4855397808616214e-09 9.2946445277187434e-12
4.1297261152823647e-04 2.4799659970334425e-09 9.2943167967261242e-12
4.3978710668317962e-04 2.4743982359895514e-09 9.2939873504520709e-12
4.6834267892251744e-04 2.4688368284984075e-09 9.2936574229574503e-12
4.9875237715491958e-04 2.4632818335988117e-09 9.2933272340550508e-12
5.3113659060492540e-04 2.4577329665668102e-09 9.2929957041119342e-12
5.6562352542291331e-04 2.4521906854004369e-09 9.2926645641547368e-12
6.0234971224157005e-04 2.4466540769753434e-09 9.2923303512919483e-12
6.4146054668822339e-04 2.4411241429419900e-09 9.2919968803302753e-12
6.8311086499288462e-04 2.4356006924792056e-09 9.2916633886187686e-12
7.2746555697077620e-04 2.4300829142869511e-09 9.2913268024285759e-12
7.7470021880608482e-04 2.4245718146106742e-09 9.2909909825115661e-12
8.2500184822125681e-04 2.4190675335610766e-09 9.2906564106562304e-12
8.7856958478394040e-04 2.4135684416746309e-09 9.2903168785382753e-12
9.3561549828239082e-04 2.4080765661632204e-09 9.2899801510816494e-12
9.9636542829044188e-04 2.4025901021201145e-09 9.2896392985943047e-12
1.0610598782457986e-03 2.3971106173609556e-09 9.2893003650178172e-12
1.1299549675812355e-03 2.3916368787283769e-09 9.2889585435859826e-12
1.2033234456780917e-03 2.3861698215826751e-09 9.2886174964411776e-12
1.2814557716562223e-03 2.3807097203275467e-09 9.2882782570948661e-12
1.3646612642751914e-03 2.3752544114303761e-09 9.2879324439769876e-12
1.4532693264990557e-03 2.3698066028720566e-09 9.2875905774774289e-12
1.5476307495726808e-03 2.3643644664835954e-09 9.2872455275126805e-12
1.6481191017723282e-03 2.3589286406255408e-09 9.2868997946156987e-12
1.7551322073284116e-03 2.3534993320449517e-09 9.2865541830704731e-12
1.8690937213753876e-03 2.3480764792895628e-09 9.2862084196016147e-12
1.9904548071638288e-03 2.3426596219260113e-09 9.2858607578665856e-12
2.1196959221746205e-03 2.3372487170501168e-09 9.2855109732069926e-12
2.2573287202063532e-03 2.3318450378875947e-09 9.2851640712675449e-12
2.4038980769660995e-03 2.3264468610663752e-09 9.2848133010295610e-12
2.5599842471826836e-03 2.3210549464733885e-09 9.2844616315544357e-12
2.7262051617822883e-03 2.3156699801018280e-09 9.2841117745094192e-12
2.9032188742206828e-03 2.3102908288305731e-09 9.2837592187198061e-12
3.0917261656568992e-03 2.3049180812451890e-09 9.2834063615618567e-12
3.2924733192819960e-03 2.2995514201906566e-09 9.2830518529923840e-12
3.5062550747862074e-03 2.2941911871453737e-09 9.2826971283809178e-12
3.7339177746609693e-03 2.2888374249300686e-09 9.2823422866411938e-12
3.9763627147917186e-03 2.2834893137680587e-09 9.2819840924582881e-12
4.2345497126061900e-03 2.2781480481345839e-09 9.2816273062195177e-12
4.5095009069041651e-03 2.2728127063195695e-09 9.2812682587482875e-12
4.8023048044118473e-03 2.2674837721520028e-09 9.2809088551724852e-12
5.1141205890807891e-03 2.2621614528973316e-09 9.2805499443596493e-12
5.4461827111915752e-03 2.2568452513024722e-09 9.2801895285243835e-12
5.7998057744299862e-03 2.2515353709359633e-09 9.2798283948450172e-12
6.1763897402831993e-03 2.2462316843203921e-09 9.2794660971518326e-12
6.5774254703597941e-03 2.2409340691688946e-09 9.2791020109589341e-12
7.0045006285749771e-03 2.2356429524525236e-09 9.2787379829878846e-12
7.4593059665674167e-03 2.2303583004968733e-09 9.2783738346653695e-12
7.9436420172308651e-03 2.2250796578483246e-09 9.2780076984650770e-12
8.4594262228598928e-03 2.2198075624147097e-09 9.2776417713115458e-12
9.0087005261291920e-03 2.2145412962962691e-09 9.2772731044800961e-12
9.5936394539585593e-03 2.2092815241740599e-09 9.2769044196254989e-12
1.0216558726266898e-02 2.2040284944598845e-09 9.2765367994060441e-12
1.0879924423696303e-02 2.1987809702987120e-09 9.2761650056169299e-12
1.1586362750600699e-02 2.1935402675985752e-09 9.2757946526696897e-12
1.2338670431949571e-02 2.1883055442204908e-09 9.2754220838591937e-12
1.3139825785307245e-02 2.1830776860068552e-09 9.2750511073815711e-12
1.3993000511720857e-02 2.1778553411134878e-09 9.2746759771595144e-12
1.4901572252195695e-02 2.1726397071666477e-09 9.2743017720188411e-12
1.5869137959468309e-02 2.1674302280481952e-09 9.2739261196288800e-12
1.6899528138014531e-02 2.1622273157917959e-09 9.2735507646617410e-12
1.7996822008667802e-02 2.1570307152282885e-09 9.2731746305825131e-12
1.9165363657882718e-02 2.1518397492824289e-09 9.2727948463584279e-12
2.0409779235577446e-02 2.1466559025785454e-09 9.2724177281854771e-12
2.1734995269639866e-02 2.1414774860282465e-09 9.2720360055964147e-12
2.3146258169602450e-02 2.1363058062579120e-09 9.2716553475112428e-12
2.4649154996699712e-02 2.1311405867010404e-09 9.2712744959550219e-12
2.6249635582534528e-02 2.1259811613762953e-09 9.2708906668107587e-12
2.7954036083919248e-02 2.1208283541383539e-09 9.2705073294411621e-12
2.9769104067143375e-02 2.1156820860452767e-09 9.2701241876398372e-12
3.1702025220973505e-02 2.1105417348734426e-09 9.2697385051181445e-12
3.3760451804140612e-02 2.1054077621236018e-09 9.2693523450694349e-12
3.5952532939935063e-02 2.1002798272268422e-09 9.2689641321694309e-12
3.8286946877843127e-02 2.0951586935489710e-09 9.2685772643546889e-12
4.0772935349946179e-02 2.0900435304892589e-09 9.2681880927753415e-12
4.3420340158095712e-02 2.0849344614611969e-09 9.2677971345586081e-12
4.6239642136710418e-02 2.0798319554900275e-09 9.2674064633251134e-12
4.9242002645444372e-02 2.0747357890618141e-09 9.2670150945982568e-12
5.2439307755993238e-02 2.0696456196443782e-09 9.2666214760751034e-12
5.5844215307969014e-02 2.0645618366767507e-09 9.2662273715390811e-12
5.9470205020133560e-02 2.0594842662796272e-09 9.2658319939848091e-12
6.3331631855377366e-02 2.0544130095532564e-09 9.2654357855595940e-12
6.7443782850709205e-02 2.0493480864119516e-09 9.2650388249798460e-12
7.1822937637243262e-02 2.0442894608486197e-09 9.2646409590760609e-12
7.6486432889775191e-02 2.0392371339790877e-09 9.2642421735010253e-12
8.1452730961097758e-02 2.0341914623085993e-09 9.2638441166463020e-12
8.6741492972773934e-02 2.0291510134385943e-09 9.2634402798075189e-12
9.2373656651725089e-02 2.0241177754685337e-09 9.2630396330007751e-12
9.8371519220784839e-02 2.0190907770790136e-09 9.2626378113804734e-12
1.0475882567137189e-01 2.0140699980564869e-09 9.2622347172908113e-12
1.1156086276774824e-01 2.0090551134781601e-09 9.2618288474987800e-12
1.1880455915501464e-01 2.0040467688990038e-09 9.2614231565171328e-12
1.2651859196716259e-01 1.9990448089768159e-09 9.2610169245041298e-12
1.3473350035723569e-01 1.9940487661086527e-09 9.2606079949807950e-12
1.4348180639905303e-01 1.9890597330797651e-09 9.2602014332480017e-12
1.5279814383913717e-01 1.9840763684848452e-09 9.2597909989384327e-12
1.6271939520856049e-01 1.9790993148787559e-09 9.2593796653065647e-12
1.7328483783752480e-01 1.9741284074378997e-09 9.2589666739216305e-12
1.8453629935073393e-01 1.9691643567346427e-09 9.2585553426373415e-12
1.9651832325914745e-01 1.9642061021154968e-09 9.2581407041096837e-12
2.0927834530368339e-01 1.9592542562536016e-09 9.2577256227422221e-12
2.2286688124899373e-01 1.9543087976818777e-09 9.2573100064606847e-12
2.3733772687077348e-01 1.9493696017164930e-09 9.2568932515717777e-12
2.5274817092833646e-01 1.9444366669504057e-09 9.2564753364342685e-12
2.6915922196559172e-01 1.9395100924724170e-09 9.2560567792876679e-12
2.8663584983831242e-01 1.9345895692282856e-09 9.2556360667261462e-12
3.0524724292387245e-01 1.9296753284067860e-09 9.2552142829513380e-12
3.2506708203173096e-01 1.9247674923371491e-09 9.2547920053521598e-12
3.4617383209904229e-01 1.9198659798940735e-09 9.2543688758778871e-12
3.6865105282619220e-01 1.9149709511031619e-09 9.2539456515278479e-12
3.9258772948204040e-01 1.9100817896127905e-09 9.2535193680412999e-12
4.1807862518848932e-01 1.9051989814003274e-09 9.2530923536050214e-12
4.4522465607905198e-01 1.9003224806654103e-09 9.2526643766591995e-12
4.7413329081662819e-01 1.8954522814794886e-09 9.2522354381956399e-12
5.0491897605215053e-01 1.8905886882261157e-09 9.2518069557540345e-12
5.3770358950844332e-01 1.8857310923044069e-09 9.2513760430011374e-12
5.7261692248302876e-01 1.8808795302227519e-09 9.2509427928189706e-12
6.0979719368004381e-01 1.8760346896034295e-09 9.2505106024691772e-12
6.4939159640549704e-01 1.8711958595300411e-09 9.2500760087931971e-12
6.9155688129215753e-01 1.8663629995460597e-09 9.2496387883999796e-12
7.3645997686102171e-01 1.8615371879325659e-09 9.2492042237171194e-12
7.8427865037612676e-01 1.8567173468285002e-09 9.2487670365980111e-12
8.3520221160894659e-01 1.8519034665258039e-09 9.2483271233318206e-12
8.8943226229853078e-01 1.8470960769328185e-09 9.2478871980563070e-12
9.4718349427441439e-01 1.8422953699932289e-09 9.2474481166111461e-12
1.0086845394020194e+00 1.8375004960244917e-09 9.2470057159453722e-12
1.0741788747153715e+00 1.8327119732900615e-09 9.2465625357748393e-12
1.1439257863204955e+00 1.8279295194458476e-09 9.2461171785707664e-12
1.2182013958854863e+00 1.8231535301464340e-09 9.2456716574103810e-12
1.2972997537810251e+00 1.8183837477236722e-09 9.2452246323778023e-12
1.3815340031990186e+00 1.8136198577149388e-09 9.2447745029803804e-12
1.4712376198579546e+00 1.8088633020945997e-09 9.2443286725865524e-12
1.5667657322028896e+00 1.8041122078131156e-09 9.2438775583732240e-12
1.6684965273266079e+00 1.7993674371851541e-09 9.2434255599322534e-12
1.7768327481778519e+00 1.7946291295592743e-09 9.2429733755847085e-12
1.8922032879839785e+00 1.7898970700183127e-09 9.2425199813222578e-12
2.0150648882001563e+00 1.7851710343104247e-09 9.2420641850859508e-12
2.1459039467071723e+00 1.7804511750409816e-09 9.2416067591013766e-12
2.2852384434163309e+00 1.7757382131423105e-09 9.2411514846928508e-12
2.4336199909047074e+00 1.7710309286695890e-09 9.2406920514581860e-12
2.5916360181991087e+00 1.7663302408367383e-09 9.2402331968759140e-12
2.7599120963540478e+00 1.7616357324527522e-09 9.2397728506556262e-12
2.9391144150305570e+00 1.7569470402812642e-09 9.2393091082999985e-12
3.1299524198803610e+00 1.7522648905419120e-09 9.2388457927860977e-12
3.3331816211765455e+00 1.7475888035712361e-09 9.2383803835619202e-12
3.5496065848099301e+00 1.7429193833697437e-09 9.2379161321052166e-12
3.7800841174920956e+00 1.7382558538027154e-09 9.2374489925898408e-12
4.0255266587750960e+00 1.7335984345692429e-09 9.2369801668368059e-12
4.2869058933165141e+00 1.7289475498339805e-09 9.2365119413463302e-12
4.5652565976904560e+00 1.7243023658604600e-09 9.2360399647388531e-12
4.8616807369737725e+00 1.7196632737459310e-09 9.2355663537894807e-12
5.1773518273253600e+00 1.7150303494791259e-09 9.2350916155209574e-12
5.5135195818297333e+00 1.7104040710332612e-09 9.2346184038945880e-12
5.8715148579972096e+00 1.7057837168207918e-09 9.2341429728658092e-12
6.2527549265076017e+00 1.7011696309950305e-09 9.2336672577865183e-12
6.6587490820556576e+00 1.6965609175063802e-09 9.2331865821282921e-12
7.0911046185112570e+00 1.6919589750161618e-09 9.2327086678869113e-12
7.5515331920494013e+00 1.6873624202584440e-09 9.2322261907364843e-12
8.0418575974409983e+00 1.6827722558349979e-09 9.2317447508092564e-12
8.5640189843313639e+00 1.6781876639736633e-09 9.2312601443231924e-12
9.1200845420747481e+00 1.6736090779597983e-09 9.2307750481506034e-12
9.7122556835486424e+00 1.6690362825623483e-09 9.2302885066032877e-12
1.0342876760346810e+01 1.6644691702364057e-09 9.2298003085617017e-12
1.1014444343853558e+01 1.6599080188998851e-09 9.2293123230728127e-12
1.1729617108942492e+01 1.6553523507971920e-09 9.2288223593272017e-12
1.2491226359428019e+01 1.6508020773529307e-09 9.2283304351943192e-12
1.3302287236939199e+01 1.6462573512753378e-09 9.2278378850060565e-12
1.4166010657590752e+01 1.6417179350815342e-09 9.2273441175712437e-12
1.5085816023707293e+01 1.6371832508497225e-09 9.2268464863185155e-12
1.6065344760925736e+01 1.6326538068682460e-09 9.2263487437881586e-12
1.7108474734267496e+01 1.6281294908905297e-09 9.2258512017692499e-12
1.8219335600252812e+01 1.6236098315282511e-09 9.2253521353018201e-12
1.9402325155834678e+01 1.6190940832691001e-09 9.2248485785745445e-12
2.0662126748876105e+01 1.6145831276276451e-09 9.2243468169958427e-12
2.2003727819097847e+01 1.6100763169427370e-09 9.2238448219597756e-12
2.3432439642897656e+01 1.6055724853932537e-09 9.2233375560150045e-12
2.4953918360209649e+01 1.6010725988941327e-09 9.2228324821431319e-12
2.6574187366647010e+01 1.5965750675707559e-09 9.2223227994846227e-12
2.8299661159576193e+01 1.5920806877328002e-09 9.2218155123995725e-12
3.0137170732527835e+01 1.5875876472660535e-09 9.2213032088744421e-12
3.2093990618477569e+01 1.5830962125177605e-09 9.2207904018440414e-12
3.4177867689059354e+01 1.5786056181862923e-09 9.2202764849195050e-12
3.6397051823724162e+01 1.5741152211253475e-09 9.2197618485008609e-12
3.8760328570261422e+01 1.5696241388051654e-09 9.2192459885755121e-12
4.1277053925982010e+01 1.5651310922137424e-09 9.2187269937503242e-12
4.3957191377259150e+01 1.5606354233034663e-09 9.2182068466467281e-12
4.6811351344063276e+01 1.5561359281682867e-09 9.2176857985863161e-12
4.9850833185647531e+01 1.5516312148924583e-09 9.2171628374441272e-12
5.3087669933682101e+01 1.5471201345812638e-09 9.2166404979126106e-12
5.6534675929929826e+01 1.5426003490316452e-09 9.2161146717702413e-12
6.0205497557057768e+01 1.5380701928593924e-09 9.2155873177097418e-12
6.4114667263422930e+01 1.5335276215143364e-09 9.2150585337779337e-12
6.8277661095710698e+01 1.5289701743776434e-09 9.2145287329204280e-12
7.2710959967194256e+01 1.5243952528135431e-09 9.2139980601494421e-12
7.7432114904168216e+01 1.5197993219564119e-09 9.2134654140504577e-12
8.2459816528862561e+01 1.5151789830146332e-09 9.2129309394561728e-12
8.7813969053913340e+01 1.5105300336715988e-09 9.2123933986044106e-12
9.3515769081326155e+01 1.5058488025982715e-09 9.2118577998267536e-12
9.9587789517893313e+01 1.5011291199079385e-09 9.2113169139426937e-12
1.0605406893927430e+02 1.4963658160968172e-09 9.2107764637520219e-12
1.1294020675652682e+02 1.4915522086864407e-09 9.2102354740815912e-12
1.2027346456184293e+02 1.4866812461028968e-09 9.2096916250939903e-12
1.2808287405470756e+02 1.4817435883609927e-09 9.2091449606429506e-12
1.3639935197575306e+02 1.4767311708159427e-09 9.2085996482505752e-12
1.4525582250331752e+02 1.4716324279774200e-09 9.2080513035167205e-12
1.5468734759726703e+02 1.4664355866265754e-09 9.2075003832797277e-12
1.6473126580610054e+02 1.4611273649967488e-09 9.2069470177447415e-12
1.7542734008686006e+02 1.4556921361192323e-09 9.2063958987050537e-12
1.8681791522305636e+02 1.4501123851865138e-09 9.2058406166586382e-12
1.9894808546380762e+02 1.4443694341758383e-09 9.2052848514522659e-12
2.1186587304786343e+02 1.4384402044574810e-09 9.2047239831285894e-12
2.2562241831927111e+02 1.4323013213733953e-09 9.2041663743136274e-12
2.4027218218734032e+02 1.4259230569428111e-09 9.2036050956782703e-12
2.5587316173241948e+02 1.4192754962667351e-09 9.2030442800652162e-12
2.7248711981105276e+02 1.4123217243225280e-09 9.2024783957824230e-12
2.9017982956950226e+02 1.4050233850271407e-09 9.2019134262036010e-12
3.0902133483363883e+02 1.3973334658594094e-09 9.2013453010216544e-12
3.2908622740607029e+02 1.3892006794879903e-09 9.2007736950178252e-12
3.5045394236828901e+02 1.3805718244590362e-09 9.2002043455732715e-12
3.7320907255692259e+02 1.3713795514926558e-09 9.1996324636982263e-12
3.9744170345906741e+02 1.3615537276287362e-09 9.1990573947269464e-12
4.2324776985252038e+02 1.3510115216231050e-09 9.1984795850165836e-12
4.5072943560282812e+02 1.3396651097780750e-09 9.1979026909272429e-12
4.7999549812071916e+02 1.3274121938616473e-09 9.1973212454330641e-12
5.1116181908114021e+02 1.3141440408284716e-09 9.1967422950715735e-12
5.4435178310907236e+02 1.2997252221855944e-09 9.1961576261372721e-12
5.7969678624801452e+02 1.2840333323703532e-09 9.1955736257123780e-12
6.1733675614495371e+02 1.2669021614916547e-09 9.1949868545669409e-12
6.5742070601116677e+02 1.2481634364498692e-09 9.1943982701040661e-12
7.0010732455194648e+02 1.2276303818712249e-09 9.1938085553812016e-12
7.4556560420072913e+02 1.2050986559989813e-09 9.1932162901565537e-12
7.9397551014473493e+02 1.1803460151435397e-09 9.1926251465855707e-12
8.4552869279075503e+02 1.1531261697019892e-09 9.1920277203287361e-12
9.0042924649164502e+02 1.1231813674973056e-09 9.1914303983595954e-12
9.5889451753727235e+02 1.0902375432935957e-09 9.1908323991557379e-12
1.0211559646086772e+03 1.0540048753964970e-09 9.1902301739040461e-12
1.0874600751018932e+03 1.0141862431936560e-09 9.1896285518840976e-12
1.1580693409491021e+03 9.7048342598712508e-10 9.1890245362696825e-12
1.2332632978002675e+03 9.2259770380335577e-10 9.1884174914633316e-12
1.3133396316793096e+03 8.7028966285157161e-10 9.1878117665774826e-12
1.3986153574959383e+03 8.1331610401389582e-10 9.1872006602598918e-12
1.4894280740788126e+03 7.5153604599456271e-10 9.1865905135274022e-12
1.5861373006985330e+03 6.8491407495939548e-10 9.1859761464291144e-12
1.6891259003716777e+03 6.1356015462226236e-10 9.1853627296881224e-12
1.7988015955806061e+03 5.3785735213870362e-10 9.1847436157788813e-12
1.9155985824096015e+03 4.5845994339915110e-10 9.1841261491412215e-12
2.0399792494876294e+03 3.7649663751766719e-10 9.1835051788683626e-12
2.1724360085427743e+03 2.9369783383820451e-10 9.1828832479432344e-12
2.3134932438154101e+03 2.1256627019294859e-10 9.1822598379003623e-12
2.4637093880476323e+03 1.3668895921424634e-10 9.1816336699659933e-12
2.6236791332675839e+03 7.1094586248153235e-11 9.1810055632504444e-12
2.7940357851210383e+03 2.2691476326857918e-11 9.1803755810413931e-12
2.9754537700707301e+03 7.9871010874548728e-13 9.1797445771891137e-12
3.1686513053892736e+03 1.8041971380200182e-11 9.1791107349251371e-12
3.3743932425159123e+03 9.1230815289160412e-11 9.1784758966016059e-12
3.5934940950336527e+03 2.4265035140261061e-10 9.1778398357620611e-12
3.8268212632543632e+03 5.0182158093082659e-10 9.1772029199021757e-12
4.0752984681775511e+03 9.0744242017739245e-10 9.1765612436674943e-12
4.3399094084176413e+03 1.5103102162821105e-09 9.1759215413696018e-12
4.6217016545771621e+03 2.3770328147273822e-09 9.1752786481650106e-12
4.9217907964833112e+03 3.5935034870146449e-09 9.1746334842549596e-12
5.2413648597064566e+03 5.2730885275268374e-09 9.1739870843548466e-12
5.5816890088450391e+03 7.5607834093414973e-09 9.1733406030990953e-12
5.9441105561970680e+03 1.0646378405955109e-08 9.1726930300608690e-12
6.3300642956466681e+03 1.4774829850993938e-08 9.1720415291850628e-12
6.7410781828823538e+03 2.0262632490140683e-08 9.1713920453966088e-12
7.1787793844343832e+03 2.7519962933260288e-08 9.1707410540121349e-12
7.6449007194787937e+03 3.7070140467970733e-08 9.1700875577114360e-12
8.1412875199106320e+03 4.9596270412063321e-08 9.1694329565026265e-12
8.6699049358447937e+03 6.5973005327475507e-08 9.1687801026054550e-12
9.2328457154662738e+03 8.7329892787485969e-08 9.1681269379229097e-12
9.8323384900295878e+03 1.1511286573622451e-07 9.1674713749934543e-12
1.0470756596806696e+04 1.5118579808520222e-07 9.1668186682044434e-12
1.1150627474913244e+04 1.9796458715381356e-07 9.1661645225160873e-12
1.1874642671209593e+04 2.5850335057929544e-07 9.1655139288183061e-12
1.2645668495889626e+04 3.3674399188411923e-07 9.1648633540704719e-12
1.3466757369941650e+04 4.3781164076732381e-07 9.1642121502513391e-12
1.4341159909404969e+04 5.6814788129688405e-07 9.1635631498964239e-12
1.5272337794262605e+04 7.3613771440663155e-07 9.1629211000308659e-12
1.6263977472916940e+04 9.5251090262148685e-07 9.1622792040675924e-12
1.7320004756503127e+04 1.2309750493694052e-06 9.1616442367799798e-12
1.8444600360817392e+04 1.5889823585741159e-06 9.1610121978315170e-12
1.9642216457390361e+04 2.0489990441535397e-06 9.1603887379927646e-12
2.0917594299228225e+04 2.6397012466331961e-06 9.1597703938666986e-12
2.2275782991001459e+04 3.3979131800812585e-06 9.1591602209346024e-12
2.3722159477990168e+04 4.3708392845175849e-06 9.1585637002913681e-12
2.5262449832920527e+04 5.6178611912802760e-06 9.1579761146301919e-12
2.6902751924964985e+04 7.2155457558991855e-06 9.1574019629252367e-12
2.8649559560650712e+04 9.2610874063207862e-06 9.1568447747369557e-12
3.0509788192247950e+04 1.1878882873935362e-05 9.1563050851777282e-12
3.2490802295415608e+04 1.5226470924903456e-05 9.1557892179345355e-12
3.4600444524488841e+04 1.9503444173754553e-05 9.1552964063800824e-12
3.6847066760833761e+04 2.4965472556220817e-05 9.1548322374512127e-12
3.9239563177184289e+04 3.1934826135398585e-05 9.1543987507917976e-12
4.1787405448861748e+04 4.0813882499891710e-05 9.1540037228005951e-12
4.4500680251274440e+04 5.2121366359996652e-05 9.1536528241131831e-12
4.7390129192146545e+04 6.6505441325042958e-05 9.1533482898579508e-12
5.0467191336564407e+04 8.4779999038855030e-05 9.1531022419278864e-12
5.3744048493192931e+04 1.0796687619822407e-04 9.1529149570649428e-12
5.7233673440946128e+04 1.3733056219355846e-04 9.1528062158270508e-12
6.0949881287037133e+04 1.7446768790402035e-04 9.1527771015470629e-12
6.4907384159727859e+04 2.2135319151208560e-04 9.1528414301670257e-12
6.9121849452305803e+04 2.8044317029757033e-04 9.1530126181289777e-12
7.3609961848865554e+04 3.5472330347455444e-04 9.1533046474755547e-12
7.8389489377453152e+04 4.4788452271137620e-04 9.1537317012696182e-12
8.3479353752070223e+04 5.6445404747250860e-04 9.1543098330966485e-12
8.8899705282015639e+04 7.0985200054746319e-04 9.1550609512878484e-12
9.4672002645124070e+04 8.9052041318571210e-04 9.1560007262768807e-12
1.0081909784071631e+05 1.1145727244334534e-03 9.1571502148891995e-12
1.0736532665858287e+05 1.3910135711868734e-03 9.1585325063259186e-12
1.1433660502215679e+05 1.7308800730139085e-03 9.1601666154639798e-12
1.2176053158729557e+05 2.1466537443264170e-03 9.1620735398286774e-12
1.2966649700284358e+05 2.6527156083183149e-03 9.1642713817734525e-12
1.3808580026553321e+05 3.2654867777496253e-03 9.1667771938677901e-12
1.4705177262986120e+05 4.0023689155987054e-03 9.1696029536130451e-12
1.5659990956348818e+05 4.8831494835798270e-03 9.1727507725764090e-12
1.6676801127056105e+05 5.9282013167055612e-03 9.1762219410336281e-12
1.7759633233927708e+05 7.1582084631689755e-03 9.1799981528887294e-12
1.8912774110613071e+05 8.5925665281233847e-03 9.1840612421438580e-12
2.0140788936775262e+05 1.0250392057504665e-02 9.1883633014683536e-12
2.1448539311220995e+05 1.2144019434004658e-02 9.1928490299946961e-12
2.2841202498527808e+05 1.4283036175257923e-02 9.1974468406150244e-12
2.4324291925362500e+05 1.6666703298778441e-02 9.2020656472203497e-12
2.5903679007635018e+05 1.9285718709638858e-02 9.2065954960497770e-12
2.7585616394899081e+05 2.2117112751564923e-02 9.2109190554244376e-12
2.9376762724022055e+05 2.5120890152316295e-02 9.2149143689959455e-12
3.1284208980121609e+05 2.8245355343596845e-02 9.2184593214966250e-12
3.3315506569129706e+05 3.1419842042924584e-02 9.2214508777351064e-12
3.5478697213120654e+05 3.4558457683851830e-02 9.2238026191536395e-12
3.7782344786756224e+05 3.7566893042716112e-02 9.2254766602758075e-12
4.0235569220884534e+05 4.0342978004107133e-02 9.2264707992098648e-12
4.2848082607516227e+05 4.2786362260773238e-02 9.2268415170238511e-12
4.5630227649111242e+05 4.4805948696509550e-02 9.2266902038582893e-12
4.8593018604395608e+05 4.6328132020694648e-02 9.2261573594389305e-12
5.1748184892808209e+05 4.7304843656835731e-02 9.2254106970165829e-12
5.5108217530203599e+05 4.7717773182423505e-02 9.2246115853590610e-12
5.8686418579645688e+05 4.7579040889915096e-02 9.2238981475485465e-12
6.2496953813063330e+05 4.6929604780589773e-02 9.2233615055419066e-12
6.6554908792251081e+05 4.5832195943824573e-02 9.2230400061160170e-12
7.0876348591232637e+05 4.4363575973921904e-02 9.2229146500858529e-12
7.5478381396426761e+05 4.2605050250200296e-02 9.2229312349315324e-12
8.0379226236397505e+05 4.0635092825751590e-02 9.2230219732098652e-12
8.5598285109328490e+05 3.8524475364624063e-02 9.2231295864594478e-12
9.1156219793765910e+05 3.6334175831668029e-02 9.2232142757626168e-12
9.7075033646717272e+05 3.4115361100828440e-02 9.2232690263836268e-12
1.0337815871293687e+06 3.1910145204557053e-02 9.2232998854618613e-12
1.1009054849025605e+06 2.9752436362740296e-02 9.2233249536364249e-12
1.1723877671820747e+06 2.7668213281227611e-02 9.2233501087691678e-12
1.2485114258103913e+06 2.5675837314750705e-02 9.2233770735468813e-12
1.3295778274160442e+06 2.3786839469633596e-02 9.2234057089722792e-12
1.4159079064966736e+06 2.2007126218564887e-02 9.2234313812335079e-12
1.5078434359694414e+06 2.0338495966494313e-02 9.2234538063936263e-12
1.6057483802188744e+06 1.8779939110605510e-02 9.2234733265505088e-12
1.7100103359986998e+06 1.7328601663781199e-02 9.2234852594838604e-12
1.8210420668920786e+06 1.5980405804284375e-02 9.2234937765789421e-12
1.9392831374050216e+06 1.4730443418786770e-02 9.2234973061140127e-12
2.0652016531622184e+06 1.3573265167883491e-02 9.2234910064986642e-12
2.1992961140945544e+06 1.2503223299468404e-02 9.2234768536549561e-12
2.3420973879549261e+06 1.1514765426518100e-02 9.2234518885732597e-12
2.4941708119752677e+06 1.0602492102389682e-02 9.2234140533613984e-12
2.6561184309851965e+06 9.7610565316962276e-03 9.2233606555290347e-12
2.8285813808526038e+06 8.9848792177467281e-03 9.2232890154252901e-12
3.0122424266821463e+06 8.2691322929285514e-03 9.2231915684522205e-12
3.2078286658200859e+06 7.6098593524293609e-03 9.2230689283274762e-12
3.4161144063664358e+06 7.0033418944275005e-03 9.2229076548745735e-12
3.6379242325901771e+06 6.4445637450015799e-03 9.2227024166068940e-12
3.8741362693832465e+06 5.9283017270870828e-03 9.2224395088311508e-12
4.1256856586769936e+06 5.4533184709277113e-03 9.2221109148707351e-12
4.3935682615838125e+06 5.0183961824512534e-03 9.2216995119700388e-12
4.6788446009206502e+06 4.6179057935137038e-03 9.2211917103212781e-12
4.9826440597221404e+06 4.2470230767820121e-03 9.2205675708926851e-12
5.3061693523651566e+06 3.9121377179219948e-03 9.2198162723670563e-12
5.6507012860054392e+06 3.6089896879512324e-03 9.2189270414269863e-12
6.0176038311764309e+06 3.3173442161331694e-03 9.2178886976484088e-12
6.4083295216243370e+06 3.0409079348567387e-03 9.2167197091736121e-12
6.8244252047568792e+06 2.8099593630364953e-03 9.2154202245136922e-12
7.2675381654712493e+06 2.5912734100889253e-03 9.2140658470467642e-12
7.7394226476049470e+06 2.3693483706918651e-03 9.2126726756839900e-12
8.2419467988271816e+06 2.1731948977727791e-03 9.2112798766969653e-12
8.7771000664654542e+06 2.0027127105900575e-03 9.2099418729378348e-12
9.3470010735461451e+06 1.8343730990493833e-03 9.2086924659447991e-12
9.9539060062300656e+06 1.6818944494313146e-03 9.2075587965015375e-12
1.0600217545847895e+07 1.5516874437753651e-03 9.2065530036556604e-12
1.1288494380896658e+07 1.4322673785664190e-03 9.2056792933462351e-12
1.2021461336654339e+07 1.3153953829376749e-03 9.2049308153962539e-12
1.2802020162514897e+07 1.2077535540716069e-03 9.2042924679723930e-12
1.3633261019749718e+07 1.1113770077590330e-03 9.2037738754794040e-12
1.4518474715174595e+07 1.0230398793159511e-03 9.2033231102591982e-12
1.5461165729153831e+07 9.4070318446689497e-04 9.2029808194569211e-12
1.6465066089519048e+07 8.6426811099909486e-04 9.2026872880645414e-12
1.7534150146327090e+07 7.9424321283894865e-04 9.2024495570727561e-12
1.8672650305949852e+07 7.2998661378690603e-04 9.2022540498612407e-12
1.9885073786785446e+07 6.7081777024228715e-04 9.2020936878746128e-12
2.1176220462925199e+07 6.1629246584010689e-04 9.2019582937178613e-12
2.2551201866417814e+07 5.6612698333052488e-04 9.2018599672727499e-12
2.4015461423359036e+07 5.2001353888955000e-04 9.2017590270598118e-12
2.5574796003919680e+07 4.7761216423005331e-04 9.2016994094257068e-12
2.7235378871626060e+07 4.3861373951802052e-04 9.2016390946317746e-12
2.9003784122748412e+07 4.0274874441161902e-04 9.2015875914663363e-12
3.0887012712548647e+07 3.6977399319675986e-04 9.2015442227619352e-12
3.2892520171424426e+07 3.3945924095618482e-04 9.2015041374285142e-12
3.5028246120674714e+07 3.1159062053685263e-04 9.2014711434900827e-12
3.7302645704737090e+07 2.8597210522834644e-04 9.2014370289411322e-12
3.9724723064334154e+07 2.6242419361430328e-04 9.2014091808665002e-12
4.2304066983046293e+07 2.4078145082553028e-04 9.2013817884502701e-12
4.5050888848432161e+07 2.2089126537035083e-04 9.2013543711251567e-12
4.7976063077981837e+07 2.0261317667644689e-04 9.2013265563297940e-12
5.1091170169944055e+07 1.8581790707188100e-04 9.2012934787816459e-12
5.4408542549464785e+07 1.7038682045856845e-04 9.2012729417722906e-12
5.7941313391533963e+07 1.5621014772999260e-04 9.2012435374962313e-12
6.1703468614028841e+07 1.4318731189282095e-04 9.2012149105043243e-12
6.5709902246688537e+07 1.3122555261648711e-04 9.2011831909182589e-12
6.9976475395220712e+07 1.2023964122458432e-04 9.2011525875642581e-12
7.4520079033973932e+07 1.1015101971078045e-04 9.2011198528379644e-12
7.9358700875765994e+07 1.0088739319211688e-04 9.2010752227359460e-12
8.4511496583600193e+07 9.2382481781252965e-05 9.2010427908518402e-12
8.9998865606189981e+07 8.4574992698298868e-05 9.2010018145717489e-12
9.5842531937516436e+07 7.7408681705766450e-05 9.2009569746092366e-12
1.0206563012014315e+08 7.0831712730808264e-05 9.2008950787539751e-12
1.0869279683276090e+08 6.4796628406595038e-05 9.2008435199907746e-12
1.1575026842455423e+08 5.9259491809485772e-05 9.2007844964044043e-12
1.2326598478251737e+08 5.4180123619423874e-05 9.2007387083677876e-12
1.3126969994292106e+08 4.9521244808594975e-05 9.2006742030625920e-12
1.3979309988483116e+08 4.5248839567729077e-05 9.2006030544471220e-12
1.4886992797201273e+08 4.1331527517635559e-05 9.2005259567689024e-12
1.5853611853983331e+08 3.7740450005244949e-05 9.2004434851719494e-12
1.6882993915601990e+08 3.4449047872115338e-05 9.2003508983360779e-12
1.7979214211847672e+08 3.1432922003596470e-05 9.2002513239554115e-12
1.9146612578991693e+08 2.8669610667131387e-05 9.2001427435821831e-12
2.0389810640802708e+08 2.6138465142255729e-05 9.2000244638674252e-12
2.1713730105134109e+08 2.3820507996367701e-05 9.1998956200199930e-12
2.3123612248516980e+08 2.1698254752177752e-05 9.1997513900004105e-12
2.4625038665896323e+08 1.9755671948669090e-05 9.1995946232401125e-12
2.6223953367656890e+08 1.7977999448417118e-05 9.1994246950457361e-12
2.7926686311418706e+08 1.6351653241860381e-05 9.1992349347201539e-12
2.9739978461762649e+08 1.4864175315866368e-05 9.1990293445734075e-12
3.1671008477094573e+08 1.3504093231915740e-05 9.1988032178971594e-12
3.3727421129300529e+08 1.2260862351319293e-05 9.1985515207594968e-12
3.5917357568701673e+08 1.1124804866320800e-05 9.1982762872855245e-12
3.8249487554126734e+08 1.0087014061561394e-05 9.1979696419439172e-12
4.0733043775697237e+08 9.1393221395453959e-06 9.1976354556087658e-12
4.3377858406206512e+08 8.2742066209502966e-06 9.1972636292778170e-12
4.6194402025795877e+08 7.4847716895048986e-06 9.1968526536660324e-12
4.9193825074027455e+08 6.7646697466028773e-06 9.1963973254892498e-12
5.2388001993458378e+08 6.1080855883052197e-06 9.1958924380378085e-12
5.5789578239477205e+08 5.5096725216740922e-06 9.1953331195625068e-12
5.9412020342508709e+08 4.9645237038196303e-06 9.1947137528603500e-12
6.3269669220782149e+08 4.4681340463788877e-06 9.1940265735473575e-12
6.7377796954719031e+08 4.0163680686694576e-06 9.1932626037529013e-12
7.1752667247708166e+08 3.6054345141129754e-06 9.1924123424844011e-12
7.6411599812625563e+08 3.2318572953894536e-06 9.1914697299478960e-12
8.1373038938999617e+08 2.8924418585127625e-06 9.1904197972194269e-12
8.6656626512272811e+08 2.5842677852389576e-06 9.1892522183488571e-12
9.2283279774236500e+08 2.3046520719642378e-06 9.1879390562005059e-12
9.8275274132485747e+08 2.0511484146743664e-06 9.1865074532688541e-12
1.0465633134672675e+09 1.8215010898778172e-06 9.1848971248425511e-12
1.1145171344106450e+09 1.6136563905542106e-06 9.1831049462955976e-12
1.1868832271405294e+09 1.4257311281430588e-06 9.1811054611719733e-12
1.2639480824244406e+09 1.2560066057600232e-06 9.1788864933310965e-12
1.3460167930027251e+09 1.1029102483032469e-06 9.1764197452213070e-12
1.4334142614229167e+09 9.6500510650706163e-07 9.1736769079396919e-12
1.5264864862993174e+09 8.4098118726205084e-07 9.1706294783777514e-12
1.6256019320899878e+09 7.2964283075563090e-07 9.1672523839686253e-12
1.7311529878139629e+09 6.2989943802446376e-07 9.1635127929692564e-12
1.8435575204836342e+09 5.4075719579304002e-07 9.1593800502029869e-12
1.9632605294021485e+09 4.6131076750682383e-07 9.1548287020872474e-12
2.0907359078751459e+09 3.9073444678116612e-07 9.1498254312757795e-12
2.2264883193111510e+09 3.2827619562386432e-07 9.1443526532489480e-12
2.3710551951380320e+09 2.7324953167986542e-07 9.1383927410754464e-12
2.5250088624450545e+09 2.2502673793640384e-07 9.1319375634888397e-12
2.6889588097736826e+09 1.8303266445243073e-07 9.1249967051519883e-12
2.8635541000271788e+09 1.4673776697352199e-07 9.1175926053042113e-12
3.0494859400515018e+09 1.1565215352700694e-07 9.1097745394972236e-12
3.2474904170602293e+09 8.9319118588489122e-08 9.1016180251119479e-12
3.4583514127367816e+09 6.7309328613154071e-08 9.0932419598388288e-12
3.6829037065505304e+09 4.9214954552149226e-08 9.0848048308434282e-12
3.9220362805727358e+09 3.4644373649811820e-08 9.0765094645834177e-12
4.1766958388755178e+09 2.3217309798737886e-08 9.0686161388564700e-12
4.4478905554470291e+09 1.4560598388095147e-08 9.0614259748153939e-12
4.7366940654604158e+09 8.3052501565317838e-09 9.0552846751148053e-12
5.0442497156976461e+09 4.0848910175845684e-09 9.0505597433932976e-12
5.3717750909552431e+09 1.5361460310471433e-09 9.0476068727941301e-12
5.7205668343515539e+09 3.0131033313955982e-10 9.0467431749149992e-12
6.0920057806187391e+09 3.3658549577850261e-11 9.0481826825698940e-12
6.4875624227015638e+09 4.0552861959407874e-10 9.0519883586506205e-12
6.9088027333051271e+09 1.1189079933319186e-09 9.0579931646306073e-12
7.3573943644380274e+09 1.9177802603089332e-09 9.0657594890312398e-12
7.8351132494947348e+09 2.6008598874528336e-09 9.0745980990220938e-12
8.3438506340140924e+09 3.0326073607366608e-09 9.0835080843853617e-12
8.8856205629480801e+09 3.1498731434956718e-09 9.0913709562016614e-12
9.4625678540822754e+09 2.9613714370311411e-09 9.0970823518702800e-12
1.0076976589174038e+10 2.5377333925569854e-09 9.0997880344574169e-12
1.0731279156424076e+10 1.9914534482475158e-09 9.0991405357749131e-12
1.1428065880079756e+10 1.4485916328561983e-09 9.0954829796975672e-12
1.2170095275292597e+10 1.0172784297419071e-09 9.0898625424924046e-12
1.2960304968828680e+10 7.6076472175565911e-10 9.0838278099109958e-12
1.3801823328865189e+10 6.8358072494529147e-10 9.0789794240759817e-12
1.4697981849915020e+10 7.3686735060305131e-10 9.0763925055007229e-12
1.5652328341910007e+10 8.4263456509896263e-10 9.0761830451869441e-12
1.6668640975657200e+10 9.2821896368580312e-10 9.0774557765549832e-12
1.7750943240272823e+10 9.5561570752036416e-10 9.0787596308981206e-12
1.8903519871809109e+10 9.3077698987383231e-10 9.0789179116081420e-12
2.0130933816133915e+10 8.8802344387027378e-10 9.0776670361842549e-12
2.1438044293217747e+10 8.6049633169854080e-10 9.0757405968310349e-12
2.2830026034342556e+10 8.5788916515988318e-10 9.0741228495178952e-12
2.4312389768391872e+10 8.6706748114770765e-10 9.0732429861057442e-12
2.5891004038324024e+10 8.7113119710373900e-10 9.0727382500801797e-12
2.7572118434199093e+10 8.6596200042776063e-10 9.0720388276052610e-12
2.9362388334736519e+10 8.5867963170566057e-10 9.0710216586582198e-12
3.1268901255353058e+10 8.5486452203159152e-10 9.0699828668180283e-12
3.3299204906990540e+10 8.5293167239501416e-10 9.0691005311204573e-12
3.5461337076815773e+10 8.4990848583816421e-10 9.0682625541572185e-12
3.7763857449087761e+10 8.4614689409720675e-10 9.0673730344408956e-12
4.0215881492167122e+10 8.4282021306849048e-10 9.0664861932370585e-12
4.2827116545825714e+10 8.3965020837209790e-10 9.0656401716627320e-12
4.5607900251719704e+10 8.3631964292867154e-10 9.0648111967199792e-12
4.8569241479171127e+10 8.3301638990038195e-10 9.0640001299044300e-12
5.1722863908278458e+10 8.2974143469528398e-10 9.0632280027991352e-12
5.5081252442897934e+10 8.2645067146058617e-10 9.0624970770392798e-12
5.8657702637240356e+10 8.2316769956192303e-10 9.0618146735579176e-12
6.2466373331758820e+10 8.1988611732666862e-10 9.0612057844674015e-12
6.6522342706707939e+10 8.1660645485978292e-10 9.0606763576700759e-12
7.0841667975285980e+10 8.1333049292134543e-10 9.0602557983733279e-12
7.5441448952677704e+10 8.1006232005613339e-10 9.0599791806449332e-12
8.0339895752666306e+10 8.0680871982325044e-10 9.0598877909340654e-12
8.5556400879813644e+10 8.0358222330216497e-10 9.0600312402282949e-12
9.1111616002619034e+10 8.0040481885615109e-10 9.0604811700263533e-12
9.7027533711593262e+10 7.9731318786201786e-10 9.0613201006735044e-12
1.0332757458592050e+11 7.9436235619706154e-10 9.0626326092283840e-12
1.1003667991339740e+11 7.9162154169967928e-10 9.0644913843755085e-12
1.1718141043071896e+11 7.8914538662760672e-10 9.0668861464303761e-12
1.2479005147501500e+11 7.8691396001895359e-10 9.0696612330775866e-12
1.3289272496292322e+11 7.8476597454258538e-10 9.0724429425025146e-12
1.4152150864051047e+11 7.8244149910360960e-10 9.0747124913853215e-12
1.5071056307614990e+11 7.7976473380374153e-10 9.0759939458991086e-12
1.6049626689909653e+11 7.7674958016557976e-10 9.0761161567683211e-12
1.7091736081916620e+11 7.7353202461831471e-10 9.0752229388543385e-12
1.8201510099767624e+11 7.7023901415836438e-10 9.0736079590752030e-12
1.9383342237682870e+11 7.6694208599487196e-10 9.0715820495444815e-12
2.0641911261414377e+11 7.6366997816468704e-10 9.0693680203306271e-12
2.1982199731053259e+11 7.6043162033294207e-10 9.0671243527563031e-12
2.3409513726531253e+11 7.5722588072876052e-10 9.0649319432192945e-12
2.4929503853907333e+11 7.5404957628231365e-10 9.0628346712878957e-12
2.6548187615602789e+11 7.5089904472026215e-10 9.0608486518889018e-12
2.8271973233144684e+11 7.4777097315321753e-10 9.0589744126997846e-12
3.0107685016731073e+11 7.4466236471947667e-10 9.0572032391973266e-12
3.2062590382053284e+11 7.4157133327677020e-10 9.0555304704315604e-12
3.4144428621332489e+11 7.3849560222952268e-10 9.0539407424062499e-12
3.6361441542472430e+11 7.3543390463561178e-10 9.0524265256925647e-12
3.8722406097625970e+11 7.3238469339504672e-10 9.0509741125363880e-12
4.1236669130348950e+11 7.2934685552762658e-10 9.0495734687712401e-12
4.3914184378902393e+11 7.2631950506201300e-10 9.0482161160034905e-12
4.6765551882194427e+11 7.2330192550908641e-10 9.0468949070987716e-12
4.9802059944370319e+11 7.2029344692361063e-10 9.0456026305800821e-12
5.3035729824178253e+11 7.1729376886074053e-10 9.0443363315783817e-12
5.6479363326038318e+11 7.1430219250216049e-10 9.0430876683192094e-12
6.0146593481220056e+11 7.1131852733959095e-10 9.0418548033128016e-12
6.4051938519769202e+11 7.0834260306185521e-10 9.0406357655010162e-12
6.8210859346860437e+11 7.0537391237081995e-10 9.0394242119300906e-12
7.2639820751110376e+11 7.0241277640370959e-10 9.0382245054259458e-12
7.7356356587176038e+11 6.9945833471587174e-10 9.0370256474011946e-12
8.2379139190687805e+11 6.9651079967605224e-10 9.0358304542232455e-12
8.7728053300324866e+11 6.9356993619396970e-10 9.0346357868595533e-12
9.3424274779683850e+11 6.9063589100319875e-10 9.0334436298756853e-12
9.9490354450593408e+11 6.8770809420572090e-10 9.0322466549135575e-12
1.0595030736976310e+12 6.8478699564064541e-10 9.0310504867912640e-12
1.1282970790220483e+12 6.8187285753667833e-10 9.0298587035242362e-12
1.2015579096781365e+12 6.7896475939846145e-10 9.0286592125072988e-12
1.2795755986193425e+12 6.7606326572999507e-10 9.0274593294952222e-12
1.3626590107676448e+12 6.7316778528109036e-10 9.0262513035423519e-12
1.4511370657816387e+12 6.7027904224838097e-10 9.0250447665625607e-12
1.5453600402194941e+12 6.6739662641008337e-10 9.0238340956828780e-12
1.6457009542519358e+12 6.6452036769341337e-10 9.0226170062247652e-12
1.7525570484151096e+12 6.6165053463322718e-10 9.0213971044046369e-12
1.8663513562496726e+12 6.5878686891177429e-10 9.0201708485454207e-12
1.9875343790520515e+12 6.5592958942393928e-10 9.0189412283567493e-12
2.1165858693679639e+12 6.5307848277054120e-10 9.0177053623046720e-12
2.2540167302891289e+12 6.5023373996236199e-10 9.0164655161352759e-12
2.4003710380719951e+12 6.4739535777877042e-10 9.0152219240260049e-12
2.5562281960860815e+12 6.4456315471742744e-10 9.0139720688854286e-12
2.7222052286191250e+12 6.4173723950628620e-10 9.0127173648592072e-12
2.8989592236200166e+12 6.3891748035806079e-10 9.0114556031411230e-12
3.0871899340501206e+12 6.3610401078847723e-10 9.0101890944807447e-12
3.2876425481414902e+12 6.3329696633839178e-10 9.0089196047264903e-12
3.5011106395291821e+12 6.3049597404201536e-10 9.0076415645638026e-12
3.7284393089369707e+12 6.2770134694295245e-10 9.0063595948626690e-12
3.9705285298541123e+12 6.2491274105276876e-10 9.0050687286966837e-12
4.2283367114483901e+12 6.2213078098319366e-10 9.0037779406122087e-12
4.5028844928206826e+12 6.1935495942036767e-10 9.0024798833990487e-12
4.7952587836221709e+12 6.1658513017419685e-10 9.0011722207151335e-12
5.1066170670306133e+12 6.1382170008842383e-10 8.9998610084250480e-12
5.4381919821207812e+12 6.1106454163109234e-10 8.9985443655294850e-12
5.7912962037702480e+12 6.0831383396514263e-10 8.9972247051810314e-12
6.1673276394196250e+12 6.0556906875715245e-10 8.9958945947701439e-12
6.5677749632608008e+12 6.0283030944830260e-10 8.9945551982286933e-12
6.9942235097622168e+12 6.0009852334942382e-10 8.9932203817396832e-12
7.4483615498638955e+12 5.9737261711034882e-10 8.9918740111064770e-12
7.9319869746880566e+12 5.9465318163649248e-10 8.9905251112132124e-12
8.4470144132263115e+12 5.9193949608768879e-10 8.9891624047699134e-12
8.9954828121813867e+12 5.8923263052483387e-10 8.9878025779573113e-12
9.5795635079713418e+12 5.8653137742376396e-10 8.9864263856347918e-12
1.0201568822852617e+13 5.8383678008531381e-10 8.9850504277365132e-12
1.0863961219193148e+13 5.8114831863756453e-10 8.9836664503176594e-12
1.1569363048136523e+13 5.7846600830210672e-10 8.9822747831076380e-12
1.2320566931251223e+13 5.7579024268321950e-10 8.9808813900032161e-12
1.3120546816264963e+13 5.7312028759867455e-10 8.9794745305413125e-12
1.3972469750652779e+13 5.7045684873855447e-10 8.9780655899674065e-12
1.4879708419689418e+13 5.6780003811503511e-10 8.9766564294981506e-12
1.5845854498603033e+13 5.6514901702151507e-10 8.9752333152368937e-12
1.6874732871690170e+13 5.6250431598870072e-10 8.9738049708075070e-12
1.7970416774684180e+13 5.5986515373082419e-10 8.9723584013428116e-12
1.9137243920324375e+13 5.5723287122079090e-10 8.9709153461662287e-12
2.0379833670965523e+13 5.5460728919396278e-10 8.9694727782566223e-12
2.1703105326212512e+13 5.5198778414823044e-10 8.9680210101882162e-12
2.3112297597979484e+13 5.4937426223298780e-10 8.9665580161451028e-12
2.4612989350072199e+13 5.4676598335935877e-10 8.9650718955707380e-12
2.6211121684402660e+13 5.4416595225160511e-10 8.9636114858147730e-12
2.7913021461269516e+13 5.4157074949558490e-10 8.9621213096859236e-12
2.9725426346821703e+13 5.3898206111415212e-10 8.9606281988858036e-12
3.1655511486864840e+13 5.3640021362610104e-10 8.9591377556738068e-12
3.3710917912609688e+13 5.3382362693014566e-10 8.9576240145117859e-12
3.5899782790818539e+13 5.3125328896714483e-10 8.9561032389200741e-12
3.8230771638106969e+13 5.2869004113762246e-10 8.9545891822325789e-12
4.0713112626934617e+13 5.2613344500319071e-10 8.9530756764688106e-12
4.3356633119099094e+13 5.2358115546506332e-10 8.9515207052488707e-12
4.6171798571365945e+13 5.2103684313412414e-10 8.9499889683130636e-12
4.9169753967258414e+13 5.1849757843573249e-10 8.9484282615448413e-12
5.2362367939031758e+13 5.1596506970022312e-10 8.9468690293582725e-12
5.5762279754506938e+13 5.1343896756962973e-10 8.9453058116980948e-12
5.9382949354780297e+13 5.1091883318893728e-10 8.9437298644628505e-12
6.3238710640903961e+13 5.0840532588811701e-10 8.9421529102969517e-12
6.7344828220494094e+13 5.0589776190375580e-10 8.9405628584602551e-12
7.1717557838921625e+13 5.0339715539937519e-10 8.9389773870969353e-12
7.6374210734327625e+13 5.0090281708927958e-10 8.9373860529265588e-12
8.1333222171235406e+13 4.9841384236928276e-10 8.9357702861305219e-12
8.6614224424086625e+13 4.9593134758960529e-10 8.9341509035714948e-12
9.2238124499624656e+13 4.9345533828467152e-10 8.9325282474775490e-12
9.8227186905829953e+13 4.9098406240845018e-10 8.9308699678860503e-12
1.0460512179507850e+14 4.8852208796857169e-10 8.9292597149454210e-12
1.1139717883047475e+14 4.8606403488719610e-10 8.9275982092241025e-12
1.1863024714696723e+14 4.8361142250746802e-10 8.9259138276013385e-12
1.2633296180298386e+14 4.8116641628078646e-10 8.9242452321479687e-12
1.3453581714401909e+14 4.7872736066511110e-10 8.9225640396359926e-12
1.4327128752696941e+14 4.7629486052515769e-10 8.9208805760405950e-12
1.5257395588315322e+14 4.7386850585409024e-10 8.9191865923452905e-12
1.6248065062898509e+14 4.7144980179274089e-10 8.9175130034091544e-12
1.7303059146632066e+14 4.6903437689512665e-10 8.9157704187714046e-12
1.8426554464968275e+14 4.6662805888360108e-10 8.9140771931434429e-12
1.9622998833505766e+14 4.6422439041308737e-10 8.9123051277083493e-12
2.0897128866486194e+14 4.6182994381167612e-10 8.9105799058976331e-12
2.2253988728618466e+14 4.5944220307340755e-10 8.9088583322165053e-12
2.3698950104467206e+14 4.5705796929216798e-10 8.9070710869472424e-12
2.5237733464462741e+14 4.5468446603550746e-10 8.9053670624117279e-12
2.6876430711721472e+14 4.5231061748880269e-10 8.9035215032006042e-12
2.8621529299336481e+14 4.4994956832898208e-10 8.9017990101334093e-12
3.0479937913612425e+14 4.4758923582777784e-10 8.8999516591514667e-12
3.2459013824925325e+14 4.4523757762638489e-10 8.8981474001440018e-12
3.4566592014485644e+14 4.4289500568005374e-10 8.8963943229967009e-12
3.6811016192315006e+14 4.4055538260157461e-10 8.8945615956682919e-12
3.9201171829233938e+14 4.3821992704201899e-10 8.8926766702859616e-12
4.1746521333631269e+14 4.3589610036583470e-10 8.8908941051077743e-12
4.4457141512276769e+14 4.3357558340622215e-10 8.8890416207115253e-12
4.7343763463481000e+14 4.3125913010726275e-10 8.8871338465334534e-12
5.0417815060535794e+14 4.2895084097068055e-10 8.8852566450522561e-12
5.3691466193623331e+14 4.2665137014900069e-10 8.8834248969295352e-12
5.7177676949302575e+14 4.2435421270553984e-10 8.8815020322259457e-12
6.0890248918311025e+14 4.2206415657594522e-10 8.8795804217888948e-12
6.4843879834805038e+14 4.1978124532336231e-10 8.8776723080440938e-12
6.9054221763350038e+14 4.1750430960428323e-10 8.8757488618202051e-12
7.3537943064018138e+14 4.1523309737785563e-10 8.8738035303515322e-12
7.8312794380906838e+14 4.1296880025577516e-10 8.8718627217913366e-12
8.3397678915321700e+14 4.1071200933474530e-10 8.8699416254911823e-12
8.8812727261828712e+14 4.0846028068600121e-10 8.8679815689193740e-12
9.4579377103441088e+14 4.0621604093788339e-10 8.8660377459883497e-12
1.0072045808145726e+15 4.0397767131516687e-10 8.8640770629664295e-12
1.0726028217592794e+15 4.0174121556712277e-10 8.8620053385225086e-12
1.1422473995457060e+15 3.9951576428249220e-10 8.8600350136530957e-12
1.2164140307116810e+15 3.9729375026667785e-10 8.8579862304415290e-12
1.2953963341923382e+15 3.9508251432209036e-10 8.8560360369152629e-12
1.3795069937307272e+15 3.9286991718263169e-10 8.8538951249906547e-12
1.4690789957642640e+15 3.9067317173816363e-10 8.8519624904026022e-12
1.5644669476876942e+15 3.8847595546242292e-10 8.8498707640903644e-12
1.6660484817114615e+15 3.8628173075359503e-10 8.8476888990910860e-12
1.7742257498732198e+15 3.8410285338690645e-10 8.8457068624617268e-12
1.8894270161211075e+15 3.8192626865326722e-10 8.8436231527328881e-12
2.0121083517716998e+15 3.7975455391806289e-10 8.8414957842343812e-12
2.1427554410547938e+15 3.7758655846944359e-10 8.8392938092497596e-12
2.2818855038930220e+15 3.7542397150421113e-10 8.8370631823678614e-12
2.4300493435284010e+15 3.7327611880782921e-10 8.8350151083887311e-12
2.5878335271021795e+15 3.7113140069547968e-10 8.8328935948297415e-12
2.7558627078207055e+15 3.6899476531161296e-10 8.8307992412855742e-12
2.9348020979005795e+15 3.6685681421443308e-10 8.8285128617038475e-12
3.1253601020831155e+15 3.6473161566107246e-10 8.8263660076309376e-12
3.3282911221443065e+15 3.6261409673360047e-10 8.8242439546797604e-12
3.5443985435026235e+15 3.6049720721098931e-10 8.8219743481389009e-12
3.7745379157487140e+15 3.5838688651681429e-10 8.8196966325207844e-12
4.0196203396882760e+15 3.5628415780192040e-10 8.8174424506072994e-12
4.2806160743071340e+15 3.5418474476036438e-10 8.8151018588780598e-12
4.5585583779381590e+15 3.5209786709397278e-10 8.8129043971009980e-12
4.8545475988368630e+15 3.5001369522151104e-10 8.8106108208319801e-12
5.1697555313598880e+15 3.4793594231532713e-10 8.8083030171309501e-12
5.5054300549920910e+15 3.4586434455687356e-10 8.8059824782838988e-12
5.8629000745877310e+15 3.4379666546884713e-10 8.8035915355744921e-12
6.2435807813836990e+15 3.4173997952185452e-10 8.8013019198563058e-12
6.6489792556126830e+15 3.3968455408449680e-10 8.7988786758056943e-12
7.0807004328964950e+15 3.3763761232902213e-10 8.7964916552490720e-12
7.5404534580399600e+15 3.3560109576779890e-10 8.7942152561827725e-12
8.0300584513794720e+15 3.3356307103798502e-10 8.7917040321319368e-12
8.5514537144735700e+15 3.3153484111935703e-10 8.7892761557132106e-12
9.1067034036621940e+15 3.2951300131082930e-10 8.7868390705936053e-12
9.6980057018736500e+15 3.2750363687072414e-10 8.7845537461912028e-12
1.0327701521030168e+16 3.2548795997221370e-10 8.7819229535383130e-12
1.0998283769505556e+16 3.2348678285711049e-10 8.7795043685587575e-12
1.1712407221321748e+16 3.2149419346842517e-10 8.7771130333803308e-12
1.2472899026157512e+16 3.1949684742932460e-10 8.7744306314683829e-12
1.3282769901776394e+16 3.1751033503211277e-10 8.7718460538190478e-12
1.4145226053184026e+16 3.1553210589946789e-10 8.7693045359191904e-12
1.5063681865701602e+16 3.1356667280713107e-10 8.7669202424707388e-12
1.6041773422206278e+16 3.1160865003493283e-10 8.7645919617135175e-12
1.7083372898051970e+16 3.0964948979347556e-10 8.7620162951398467e-12
1.8192603890658784e+16 3.0768474661460595e-10 8.7590932536691218e-12
1.9373857744459464e+16 3.0573920438865733e-10 8.7564824803220236e-12
2.0631810935831908e+16 3.0379961683786702e-10 8.7538923662837662e-12
2.1971443586843028e+16 3.0185749955823293e-10 8.7510211534460024e-12
2.3398059181098280e+16 2.9993949394120372e-10 8.7486781666377363e-12
2.4917305559750012e+16 2.9802346273796873e-10 8.7461762036519620e-12
2.6535197280785996e+16 2.9610005349385018e-10 8.7432591083626404e-12
2.8258139430116484e+16 2.9418969985871068e-10 8.7405252901999226e-12
3.0092952978725732e+16 2.9228471408172624e-10 8.7377474116295363e-12
3.2046901786274648e+16 2.9038523138063167e-10 8.7349323423067138e-12
3.4127721358059884e+16 2.8849460408052040e-10 8.7321803416587110e-12
3.6343649469172312e+16 2.8660896723307911e-10 8.7293721978830619e-12
3.8703458777101248e+16 2.8472914550079662e-10 8.7265304868651125e-12
4.1216491551884056e+16 2.8285265055580620e-10 8.7235724393631835e-12
4.3892696661302464e+16 2.8098502444050733e-10 8.7206721313720835e-12
4.6742668957543688e+16 2.7913050189701440e-10 8.7179233752371222e-12
4.9777691221254864e+16 2.7727352864554306e-10 8.7150035199121836e-12
5.3009778829043616e+16 2.7542489428767957e-10 8.7120690247763538e-12
5.6451727321259264e+16 2.7358307596787773e-10 8.7091506555345466e-12
6.0117163058371216e+16 2.7174758555188479e-10 8.7062008567610131e-12
6.4020597166488520e+16 2.6991631387550251e-10 8.7031644490313804e-12
6.8177482985585912e+16 2.6809052402678604e-10 8.7000785179034242e-12
7.2604277247868800e+16 2.6627457729035337e-10 8.6970993299558004e-12
7.7318505228476608e+16 2.6446798764549719e-10 8.6941177990145662e-12
8.2338830126450240e+16 2.6266324493781306e-10 8.6910557752396569e-12
8.7685126950636576e+16 2.6085173461821288e-10 8.6875466743885901e-12
9.3378561203037632e+16 2.5908431086538330e-10 8.6853125111145946e-12
9.9441672671104496e+16 2.5729771363965204e-10 8.6821698063756818e-12
1.0589846466070211e+17 2.5550953653188305e-10 8.6787336629420002e-12
1.1277449902301019e+17 2.5373307989437600e-10 8.6755262093136354e-12
1.2009699735156299e+17 2.5196602722132802e-10 8.6723581557861318e-12
1.2789494875005776e+17 2.5020612789755202e-10 8.6691931431241132e-12
1.3619922459757502e+17 2.4844386551992755e-10 8.6657117354885755e-12
1.4504270076555552e+17 2.4670278525191463e-10 8.6626631316089283e-12
1.5446038777037971e+17 2.4495846615304096e-10 8.6593188758363160e-12
1.6448956937681229e+17 2.4322044361952870e-10 8.6559539349465435e-12
1.7516995020102963e+17 2.4149013652148639e-10 8.6526215067864709e-12
1.8654381289757773e+17 2.3975866329035230e-10 8.6489859679191910e-12
1.9865618555254890e+17 2.3804138263296607e-10 8.6456276414898835e-12
2.1155501994567181e+17 2.3633225357581679e-10 8.6423188430131717e-12
2.2529138138703862e+17 2.3464330404541198e-10 8.6395592402713668e-12
2.3991965088001450e+17 2.3294343873051045e-10 8.6361008099640529e-12
2.5549774041067536e+17 2.3125224484737375e-10 8.6327075022592880e-12
2.7208732221608381e+17 2.2956545224131839e-10 8.6292226498686469e-12
2.8975407293905677e+17 2.2788079371969405e-10 8.6254873982564094e-12
3.0856793363601005e+17 2.2621674050114257e-10 8.6223773810619866e-12
3.2860338666722816e+17 2.2450389206043133e-10 8.6170093703116323e-12
3.4993975056574227e+17 2.2287817487230448e-10 8.6148560362924024e-12
3.7266149405218138e+17 2.2119633604441707e-10 8.6102685754963849e-12
3.9685857043871718e+17 2.1954350955409717e-10 8.6065243938828217e-12
4.2262677374606618e+17 2.1791373323868447e-10 8.6033860085577015e-12
4.5006811794326624e+17 2.1625780891040564e-10 8.5989245247368629e-12
4.7929124081169094e+17 2.1464514182223160e-10 8.5957645401371870e-12
5.1041183403212736e+17 2.1303847525970708e-10 8.5927931943503900e-12
5.4355310119759917e+17 2.1136597947421887e-10 8.5866719263568203e-12
5.7884624556516582e+17 2.0980218257444126e-10 8.5849841611717584e-12
6.1643098947766285e+17 2.0818171677564706e-10 8.5804706304322571e-12
6.5645612751172621e+17 2.0658520922455084e-10 8.5767396281257138e-12
6.9908011554196416e+17 2.0499494831379212e-10 8.5729832839781666e-12
7.4447169805332646e+17 2.0339323315469770e-10 8.5683729799492860e-12
7.9281057618514650e+17 2.0183381904985030e-10 8.5654251380195343e-12
8.4428811915157722e+17 2.0025583831639044e-10 8.5613266370727623e-12
8.9910812185487450e+17 1.9868486130820681e-10 8.5572304059839567e-12
9.5748761169084557e+17 1.9712559284152378e-10 8.5533365991051239e-12
1.0196577077405357e+18 1.9556737532169090e-10 8.5492210898014253e-12
1.0858645357496108e+18 1.9398832027762852e-10 8.5439450966966960e-12
1.1563702025177595e+18 1.9247200490425203e-10 8.5408576075208031e-12
1.2314538335556316e+18 1.9091903136281616e-10 8.5360058880678245e-12
1.3114126781173012e+18 1.8939098616864666e-10 8.5319604588449011e-12
1.3965632859829814e+18 1.8777144334074909e-10 8.5235539227497317e-12
1.4872427606507610e+18 1.8625123083296716e-10 8.5191494297944222e-12
1.5838100938986383e+18 1.8473712221012660e-10 8.5146994234016828e-12
1.6866475870002614e+18 1.8323247397614059e-10 8.5103739701041733e-12
1.7961623642208374e+18 1.8173589556442015e-10 8.5061128453275944e-12
1.9127879845850028e+18 1.8024596813610109e-10 8.5018696684148739e-12
2.0369861582974989e+18 1.7883259153293377e-10 8.5011662935695828e-12
2.1692485746118044e+18 1.7732991174117286e-10 8.4954842261427820e-12
2.3100988483830892e+18 1.7580225466576766e-10 8.4885713101091233e-12
2.4600945930117171e+18 1.7438851661751545e-10 8.4865812195129583e-12
2.6198296279838920e+18 1.7288583172221433e-10 8.4799151144392152e-12
2.7899363297488978e+18 1.7145673142694661e-10 8.4767127602147146e-12
2.9710881352398423e+18 1.7001045126264812e-10 8.4723018384530482e-12
3.1640022079491149e+18 1.6856910002760769e-10 8.4677923629021737e-12
3.3694422771133107e+18 1.6712633459700578e-10 8.4628346970994141e-12
3.5882216612476897e+18 1.6569303960440118e-10 8.4579617357722368e-12
3.8212064880000758e+18 1.6429245827765741e-10 8.4545337467722367e-12
4.0693191230712945e+18 1.6284329780396650e-10 8.4480971271413168e-12
4.3335418217770158e+18 1.6134738532197388e-10 8.4392936204889711e-12
4.6149206177067694e+18 1.5993646618884087e-10 8.4340770016937830e-12
4.9145694638760325e+18 1.5852027372997025e-10 8.4279667656455439e-12
5.2336746427644457e+18 1.5712398580823207e-10 8.4233382384492270e-12
5.5734994627001324e+18 1.5575498278117236e-10 8.4186008615280222e-12
5.9353892591822653e+18 1.5438049199392520e-10 8.4137240437466254e-12
6.3207767209417226e+18 1.5300322461833412e-10 8.4084064511081870e-12
6.7311875618252421e+18 1.5164354189255280e-10 8.4036375219687580e-12
7.1682465609575178e+18 1.5025470884097742e-10 8.3971923865065996e-12
7.6336839950937221e+18 1.4892370861034520e-10 8.3931091528249812e-12
8.1293424886275195e+18 1.4758976144587857e-10 8.3889639536382854e-12
8.6571843083731569e+18 1.4624541216968163e-10 8.3836019472721727e-12
9.2192991320009830e+18 1.4488436219056121e-10 8.3767532974540828e-12
9.8179123208809554e+18 1.4356230758353993e-10 8.3719782107802707e-12
1.0455393730085532e+19 1.4212509736260926e-10 8.3612521386682958e-12
1.1134267090429981e+19 1.4078742214229976e-10 8.3545240346641762e-12
1.1857219999692726e+19 1.3946494920031332e-10 8.3482800903875277e-12
1.2627114562570078e+19 1.3818334154751759e-10 8.3443202663399835e-12
1.3446998721487940e+19 1.3686539360618619e-10 8.3374861204344130e-12
1.4320118323128168e+19 1.3555424793400276e-10 8.3306238547407935e-12
1.5249929968439837e+19 1.3433408583470133e-10 8.3274206176832660e-12
1.6240114697007450e+19 1.3305087513382228e-10 8.3215269196080880e-12
1.7294592559951262e+19 1.3177205420577791e-10 8.3154470083639095e-12
1.8417538139052485e+19 1.3049769291063768e-10 8.3088382661425619e-12
1.9613397073542205e+19 1.2929116012452498e-10 8.3067686718787969e-12
2.0886903659982033e+19 1.2802847438772551e-10 8.3003732299303627e-12
2.2243099594912813e+19 1.2686988905423795e-10 8.3012547271571896e-12
2.3687353934471881e+19 1.2562952340320575e-10 8.2954037012142810e-12
2.5225384349997101e+19 1.2420317214211528e-10 8.2782967468717258e-12
2.6863279763766727e+19 1.2316474868344823e-10 8.2831965919597606e-12
2.8607524454487917e+19 1.2167886092341721e-10 8.2604199752964991e-12
3.0465023727965336e+19 1.2074622134773066e-10 8.2727762057735826e-12
3.2443131254577627e+19 1.1955598498608470e-10 8.2678905015831022e-12
3.4549678181788463e+19 1.1836911022612010e-10 8.2628091652623970e-12
3.6793004136945787e+19 1.1709769993716907e-10 8.2513381068160223e-12
3.9181990243106636e+19 1.1593700924387337e-10 8.2471105637821682e-12
4.1726094278594126e+19 1.1488303010883522e-10 8.2518837522402094e-12
4.4435388119480091e+19 1.1319364063312948e-10 8.2080073346709603e-12
4.7320597613224755e+19 1.1205035820100692e-10 8.2012783095772532e-12
5.0393145041330381e+19 1.1114247489600858e-10 8.2147806099464997e-12
5.3665194339109749e+19 1.1016226796435609e-10 8.2236203707775793e-12
5.7149699251602538e+19 1.0880682585001631e-10 8.1997330013625433e-12
6.0860454616268521e+19 1.0737545824509281e-10 8.1702561425878189e-12
6.4812150975492964e+19 1.0625487233613829e-10 8.1648934577449130e-12
6.9020432735105352e+19 1.0535467538836974e-10 8.1773472634473877e-12
7.3501960099156673e+19 1.0428220902839494e-10 8.1763645261382444e-12
7.8274475026149278e+19 1.0311608430518595e-10 8.1642053385871210e-12
8.3356871467833999e+19 1.0190604272931238e-10 8.1497310417321347e-12
8.8769270168643699e+19 1.0110923798774191e-10 8.1700611557818785e-12
9.4533098321887085e+19 9.9957282007228128e-11 8.1594364683011661e-12
1.0067117439805478e+20 9.8628082259997036e-11 8.1325291131172118e-12
1.0720779848106484e+20 9.7500216228111347e-11 8.1218132194408414e-12
1.1416884847008095e+20 9.6440480204755349e-11 8.1158600718369217e-12
1.2158188252775730e+20 9.5240023484397644e-11 8.0980328147474897e-12
1.2947624818049370e+20 9.4280286381142770e-11 8.0992485161197765e-12
1.3788319850261843e+20 9.3005477052068218e-11 8.0745298652287944e-12
1.4683601584446210e+20 9.2017378648431982e-11 8.0720979764164446e-12
1.5637014359414994e+20 9.1041655288369245e-11 8.0716944679836675e-12
1.6652332649474608e+20 9.0230421157507401e-11 8.0869022561666717e-12
1.7733576007225219e+20 8.8876574149762337e-11 8.0469382028280714e-12
1.8885024976603267e+20 8.8033731304926724e-11 8.0601736038844588e-12
2.0111238039164866e+20 8.6961163310664942e-11 8.0479701103955731e-12
2.1417069660698955e+20 8.6109317487093046e-11 8.0551493821800357e-12
2.2807689509615052e+20 8.5001242787787697e-11 8.0395971640774320e-12
2.4288602923189436e+20 8.3875983594038128e-11 8.0210753420568388e-12
2.5865672702693831e+20 8.2733333413618210e-11 7.9994472357503848e-12
2.7545142323691432e+20 8.1579257508076157e-11 7.9723664786249602e-12
2.9333660653387802e+20 8.0602017692154007e-11 7.9628093701133398e-12
3.1238308272890334e+20 7.9657805957005064e-11 7.9567072060270527e-12
3.3266625508583703e+20 7.8644439108154120e-11 7.9487625734776933e-12
3.5426642283594986e+20 7.7612849217613823e-11 7.9324473550626696e-12
3.7726909907527703e+20 7.6960301951403932e-11 7.9568796186418149e-12
4.0176534930317358e+20 7.5707711122908628e-11 7.9127664098197720e-12
4.2785215194232927e+20 7.4737940148854000e-11 7.9031423932939510e-12
4.5563278226750747e+20 7.4105202413185065e-11 7.9294016212696996e-12
4.8521722126294863e+20 7.3518431885134658e-11 7.9547650294537577e-12
5.1672259102706552e+20 7.1841052651501636e-11 7.8659637508628244e-12
5.5027361844816852e+20 7.1017078434219025e-11 7.8692748291141136e-12
5.8600312898681668e+20 7.0018177873561853e-11 7.8505277924700133e-12
6.2405257251976603e+20 6.9238438147899585e-11 7.8593432695620377e-12
6.6457258332710896e+20 6.8739347457297810e-11 7.8908143084031853e-12
7.0772357643967293e+20 6.7548939583566167e-11 7.8516398678845711e-12
7.5367638270751120e+20 6.6323634628008783e-11 7.7995722649499795e-12
8.0261292510367318e+20 6.6037934576177239e-11 7.8601685885882498e-12
8.5472693894067873e+20 6.4702496713696189e-11 7.7999808830580003e-12
9.1022473885096831e+20 6.3963248639206086e-11 7.8067889981460664e-12
9.6932603556773469e+20 6.3047966269807607e-11 7.7894641305137175e-12
1.0322648057396971e+21 6.2473491996529956e-11 7.8132418095119249e-12
1.0992902182233345e+21 6.1640494490944561e-11 7.8066845175683038e-12
1.1706676205196851e+21 6.0808745390272370e-11 7.7997125362667972e-12
1.2466795892609272e+21 5.9466391381518982e-11 7.7275016107671960e-12
1.3276270489055176e+21 5.8591513820652441e-11 7.7094092043948477e-12
1.4138304630707055e+21 5.8359529556825843e-11 7.7740898783072143e-12
1.5056311032187933e+21 5.7577431591044607e-11 7.7626558961899568e-12
1.6033923997197622e+21 5.6513281104133536e-11 7.7267765979191456e-12
1.7075013806389915e+21 5.5163383805095040e-11 7.6414380972197300e-12
1.8183702039461070e+21 5.3104106066085826e-11 7.4362713974841400e-12
1.9364377892108291e+21 5.3924766209247548e-11 7.6702210133488559e-12
2.0621715552455568e+21 5.3123358247529488e-11 7.6532948742311441e-12
2.1960692705738568e+21 5.2368167695624830e-11 7.6474043707021771e-12
2.3386610240506972e+21 4.9969984447405896e-11 7.3752763134501441e-12
2.4905113234359216e+21 4.9212429619591118e-11 7.3636460656546037e-12
2.6522213302290387e+21 4.8297843689971336e-11 7.3225399946481152e-12
2.8244312396128222e+21 4.7896485001340237e-11 7.3601092919608782e-12
3.0078228149277106e+21 4.8127532255741410e-11 7.5225769752268502e-12
3.2031220867107515e+21 4.8135365479261475e-11 7.6310608383587145e-12
3.4111022269843458e+21 4.4795713676223430e-11 7.1805765312142231e-12
3.6325866101738397e+21 4.4271121796593723e-11 7.1983643378573603e-12
3.8684520727718501e+21 4.3678619742550209e-11 7.2033556672465445e-12
4.1196323846540493e+21 4.2729214702275709e-11 7.1411241118666629e-12
4.3871219457890205e+21 4.1826445166344014e-11 7.0900319787654212e-12
4.6719797229771308e+21 4.1078440736502398e-11 7.0648599089361632e-12
4.9753334422036053e+21 4.0489022823577780e-11 7.0532385442222536e-12
5.2983840532029527e+21 3.9611152189441904e-11 7.0174167787206232e-12
5.6424104839095370e+21 3.8774088803379331e-11 6.9727530024932224e-12
6.0087747036167442e+21 3.8448474202227324e-11 7.0132441093081169e-12
6.3989271148894230e+21 3.7629995446260089e-11 6.9677508806962171e-12
6.8144122955750714e+21 3.6830086171855382e-11 6.9224572694030379e-12
7.2568751136474168e+21 3.5864229403415252e-11 6.8202775052570315e-12
7.7280672390884476e+21 3.5059153839344913e-11 6.7821289029795612e-12
8.2298540785903684e+21 3.4418355316696382e-11 6.7522331796482356e-12
8.7642221605307317e+21 3.3929095633624246e-11 6.7661199381419077e-12
9.3332869994572813e+21 3.3111920812188719e-11 6.6980623379945877e-12
9.9393014712172942e+21 3.2133259281023372e-11 6.6313450976666511e-12
1.0584664731887784e+22 3.1387693625742546e-11 6.5799841561572550e-12
1.1271931715815825e+22 3.0711255264940125e-11 6.5406604724326260e-12
1.2003823250370829e+22 2.9475304697310201e-11 6.3863638445599995e-12
1.2783236827452195e+22 2.8997440664719438e-11 6.3707258015789628e-12
1.3613258074395746e+22 2.8545333171317236e-11 6.3604810079996259e-12
1.4497172969691195e+22 2.7787107358896826e-11 6.3028206727676932e-12
1.5438480851871587e+22 2.7317254170654870e-11 6.3017350496952544e-12
1.6440908273075718e+22 2.7161984495359971e-11 6.3463765237877360e-12
1.7508423752128506e+22 2.6560076466565342e-11 6.3187574579229804e-12
1.8645253485545422e+22 2.5529935575099324e-11 6.2030678527731906e-12
1.9855898078659442e+22 2.5324142705747955e-11 6.2517868128701808e-12
2.1145150363107473e+22 2.4726393873891592e-11 6.2269764192067737e-12
2.2518114371214128e+22 2.4175138733636297e-11 6.1910963132711965e-12
2.3980225542390626e+22 2.3554226467743548e-11 6.1441791236303219e-12
2.5537272241544183e+22 2.2777079537735086e-11 5.9940750418630197e-12
2.7195418674687287e+22 2.2472986903090082e-11 6.0227668806267733e-12
2.8961229292467640e+22 2.2010905246647334e-11 6.0132703841718777e-12
3.0841694778230149e+22 2.1547955720379525e-11 5.9990785486197836e-12
3.2844259723495357e+22 2.1092440840839201e-11 5.9871585388346818e-12
3.4976852100418946e+22 2.0578515120261098e-11 5.9612680457879428e-12
3.7247914647911162e+22 1.9789871514313010e-11 5.8579623824605330e-12
3.9666438295670890e+22 1.8872964941723169e-11 5.7221960233447156e-12
4.2241997758457142e+22 1.9232210469175106e-11 5.9250324000347246e-12
4.4984789441512376e+22 1.8573932781887312e-11 5.8716698533909462e-12
4.7905671807201838e+22 2.0226180327404241e-11 6.4398888160967373e-12
5.1016208362676670e+22 2.0319175797600113e-11 6.6260737741236280e-12
5.4328713438745149e+22 1.7073474116687630e-11 5.7549522130355759e-12
5.7856300941186322e+22 1.7421805365029161e-11 5.9721162712648692e-12
6.1612936267508130e+22 1.8292475881817824e-11 6.4486390008881421e-12
6.5613491594683692e+22 1.7851190885211188e-11 6.4114661223141730e-12
6.9873804756744850e+22 1.6399854800517017e-11 6.0392932868888998e-12
7.4410741945325314e+22 1.7279714298566984e-11 6.3896987322531629e-12
7.9242264481371720e+22 1.6064340146177935e-11 6.1232610086842785e-12
8.4387499922383878e+22 1.4863397622946398e-11 5.7707623320456681e-12
8.9866817786666673e+22 1.7021053430135134e-11 6.7113211373533313e-12
