# #Parameters: delta_c =0.4, gamma = 0.2, gstar = 107.5#Columns: mPBH [Msun, fPBH]
1.2031186023817313e+21 0.0000000000000000e+00
1.0606300215630629e+21 0.0000000000000000e+00
9.3501674765388834e+20 0.0000000000000000e+00
8.2428019254523580e+20 0.0000000000000000e+00
7.2665846630793806e+20 0.0000000000000000e+00
6.4059834438885533e+20 0.0000000000000000e+00
5.6473055480762617e+20 0.0000000000000000e+00
4.9784799215737569e+20 0.0000000000000000e+00
4.3888651178004801e+20 0.0000000000000000e+00
3.8690799853937682e+20 0.0000000000000000e+00
3.4108544080472762e+20 0.0000000000000000e+00
3.0068977216327850e+20 0.0000000000000000e+00
2.6507827150372818e+20 0.0000000000000000e+00
2.3368433690936594e+20 0.0000000000000000e+00
2.0600847065656997e+20 0.0000000000000000e+00
1.8161033188424178e+20 0.0000000000000000e+00
1.6010173048703471e+20 0.0000000000000000e+00
1.4114045076070498e+20 0.0000000000000000e+00
1.2442480652979719e+20 0.0000000000000000e+00
1.0968884112624396e+20 0.0000000000000000e+00
9.6698095847447347e+19 0.0000000000000000e+00
8.5245879567278047e+19 0.0000000000000000e+00
7.5149980147108774e+19 0.0000000000000000e+00
6.6249765323304288e+19 0.0000000000000000e+00
5.8403626944427737e+19 0.0000000000000000e+00
5.1486727894325543e+19 0.0000000000000000e+00
4.5389015853188211e+19 0.0000000000000000e+00
4.0013472294245794e+19 0.0000000000000000e+00
3.5274568856506978e+19 0.0000000000000000e+00
3.1096906533437563e+19 0.0000000000000000e+00
2.7414016026193547e+19 0.0000000000000000e+00
2.4167300174256914e+19 0.0000000000000000e+00
2.1305101636862808e+19 0.0000000000000000e+00
1.8781880991429808e+19 0.0000000000000000e+00
1.6557492172009921e+19 0.0000000000000000e+00
1.4596543719516967e+19 0.0000000000000000e+00
1.2867835680812962e+19 0.0000000000000000e+00
1.1343863197354390e+19 0.0000000000000000e+00
1.0000378885174063e+19 0.0000000000000000e+00
8.8160070433817610e+18 0.0000000000000000e+00
7.7719035529926349e+18 0.0000000000000000e+00
6.8514560548546734e+18 0.0000000000000000e+00
6.0400196363128023e+18 0.0000000000000000e+00
5.3246838212141373e+18 0.0000000000000000e+00
4.6940671559153213e+18 0.0000000000000000e+00
4.1381361230231112e+18 0.0000000000000000e+00
3.6480455016689352e+18 0.0000000000000000e+00
3.2159976343467003e+18 0.0000000000000000e+00
2.8351183611585772e+18 0.0000000000000000e+00
2.4993476475026452e+18 0.0000000000000000e+00
2.2033431650184351e+18 0.0000000000000000e+00
1.9423952917011389e+18 0.0000000000000000e+00
1.7123521787815457e+18 0.0000000000000000e+00
1.5095536921374781e+18 0.0000000000000000e+00
1.3307731772020065e+18 0.0000000000000000e+00
1.1731661208106501e+18 0.0000000000000000e+00
1.0342248931644861e+18 0.0000000000000000e+00
9.1173884982460442e+17 0.0000000000000000e+00
8.0375915893496589e+17 0.0000000000000000e+00
7.0856779405212595e+17 0.0000000000000000e+00
6.2465019923775386e+17 0.0000000000000000e+00
5.5067119149796166e+17 0.0000000000000000e+00
4.8545371716173203e+17 0.0000000000000000e+00
4.2796012419875290e+17 0.0000000000000000e+00
3.7727565250714682e+17 0.0000000000000000e+00
3.3259387949095322e+17 0.0000000000000000e+00
2.9320388935712474e+17 0.0000000000000000e+00
2.5847896198728285e+17 0.0000000000000000e+00
2.2786660141689510e+17 0.0000000000000000e+00
2.0087974526855558e+17 0.0000000000000000e+00
1.7708901527579386e+17 0.0000000000000000e+00
1.5611588559824493e+17 0.0000000000000000e+00
1.3762666023167915e+17 0.0000000000000000e+00
1.2132716368960560e+17 0.0000000000000000e+00
1.0695806048177294e+17 0.0000000000000000e+00
9.4290728919452352e+16 0.0000000000000000e+00
8.3123623597089520e+16 0.0000000000000000e+00
7.3279068675066544e+16 0.0000000000000000e+00
6.4600430942631864e+16 0.0000000000000000e+00
5.6949627682614216e+16 0.0000000000000000e+00
5.0204929686437176e+16 0.0000000000000000e+00
4.4259024463992744e+16 0.0000000000000000e+00
3.9017308832791704e+16 0.0000000000000000e+00
3.4396383720385936e+16 0.0000000000000000e+00
3.0322727231399900e+16 0.0000000000000000e+00
2.6731524866811272e+16 0.0000000000000000e+00
2.3565638283517984e+16 0.0000000000000000e+00
2.0774696186490024e+16 0.0000000000000000e+00
1.8314292889016280e+16 0.0000000000000000e+00
1.6145281789622288e+16 0.0000000000000000e+00
1.4233152524422140e+16 0.0000000000000000e+00
1.2547481884997442e+16 0.0000000000000000e+00
1.1061449765552246e+16 0.0000000000000000e+00
9.7514124377523300e+15 0.0000000000000000e+00
8.5965263637757180e+15 0.0000000000000000e+00
7.5784165621985430e+15 0.0000000000000000e+00
6.6808842502031180e+15 0.0000000000000000e+00
5.8896491105080410e+15 0.0000000000000000e+00
5.1921220823207090e+15 0.0000000000000000e+00
4.5772050612700910e+15 0.0000000000000000e+00
4.0351143214167720e+15 0.0000000000000000e+00
3.5572248498704380e+15 0.0000000000000000e+00
3.1359331172785420e+15 0.0000000000000000e+00
2.7645361007759945e+15 0.0000000000000000e+00
2.4371246345732930e+15 0.0000000000000000e+00
2.1484893913220305e+15 0.0000000000000000e+00
1.8940379983609280e+15 0.0000000000000000e+00
1.6697219701083348e+15 0.0000000000000000e+00
1.4719722940485478e+15 0.0000000000000000e+00
1.2976426454435212e+15 0.0000000000000000e+00
1.1439593272793762e+15 0.0000000000000000e+00
1.0084771389600908e+15 0.0000000000000000e+00
8.8904047159078012e+14 0.0000000000000000e+00
7.8374901085153450e+14 0.0000000000000000e+00
6.9092750177238438e+14 0.0000000000000000e+00
6.0909909434751075e+14 0.0000000000000000e+00
5.3696184590026562e+14 0.0000000000000000e+00
4.7336800633645288e+14 0.0000000000000000e+00
4.1730575670094831e+14 0.0000000000000000e+00
3.6788311048629575e+14 0.0000000000000000e+00
3.2431372155275256e+14 0.0000000000000000e+00
2.8590437285463438e+14 0.0000000000000000e+00
2.5204394691053991e+14 0.0000000000000000e+00
2.2219370253053991e+14 0.0000000000000000e+00
1.9587870309677900e+14 0.0000000000000000e+00
1.7268026001593147e+14 0.0000000000000000e+00
1.5222927111395591e+14 0.0000000000000000e+00
1.3420034798273019e+14 0.0000000000000000e+00
1.1830663884085803e+14 0.0000000000000000e+00
1.0429526453703659e+14 0.0000000000000000e+00
9.1943295079851875e+13 0.0000000000000000e+00
8.1054202678000953e+13 0.0000000000000000e+00
7.1454734856529562e+13 0.0000000000000000e+00
6.2992157898342953e+13 0.0000000000000000e+00
5.5531826752376234e+13 0.0000000000000000e+00
4.8955042744091219e+13 0.0000000000000000e+00
4.3157165003098898e+13 0.0000000000000000e+00
3.8045945559500234e+13 0.0000000000000000e+00
3.3540061619258758e+13 0.0000000000000000e+00
2.9567821666158484e+13 0.0000000000000000e+00
2.6066024803596367e+13 0.0000000000000000e+00
2.2978955187603320e+13 0.0000000000000000e+00
2.0257495551873609e+13 0.0000000000000000e+00
1.7858345720416562e+13 0.0000000000000000e+00
1.5743333673861926e+13 0.0000000000000000e+00
1.3878808208041199e+13 0.0000000000000000e+00
1.2235103521650832e+13 0.0000000000000000e+00
1.0786067214242480e+13 0.0000000000000000e+00
9.5086441846843398e+12 0.0000000000000000e+00
8.3825098096499863e+12 0.0000000000000000e+00
7.3897465657677090e+12 0.0000000000000000e+00
6.5145589502812480e+12 0.0000000000000000e+00
5.7430221644252529e+12 0.0000000000000000e+00
5.0628605609065713e+12 0.0000000000000000e+00
4.4632523304475957e+12 0.0000000000000000e+00
3.9346573198292402e+12 0.0000000000000000e+00
3.4686652419074229e+12 0.0000000000000000e+00
3.0578618625265293e+12 0.0000000000000000e+00
2.6957110352777529e+12 0.0000000000000000e+00
2.3764507071990654e+12 0.0000000000000000e+00
2.0950012408006746e+12 0.0000000000000000e+00
1.8468845937601497e+12 0.0000000000000000e+00
1.6281530703843201e+12 0.0000000000000000e+00
1.4353265112276755e+12 0.0000000000000000e+00
1.2653369215136008e+12 0.0000000000000000e+00
1.1154796573610754e+12 0.0000000000000000e+00
9.8337039315816907e+11 0.0000000000000000e+00
8.6690718540556702e+11 0.0000000000000000e+00
7.6423702944138110e+11 0.0000000000000000e+00
6.7372637694327441e+11 0.0000000000000000e+00
5.9393514512231409e+11 0.0000000000000000e+00
5.2359380407806934e+11 0.0000000000000000e+00
4.6158317776006580e+11 0.0000000000000000e+00
4.0691663715583606e+11 0.0000000000000000e+00
3.5872440238774310e+11 0.0000000000000000e+00
3.1623970395479773e+11 0.0000000000000000e+00
2.7878658293594464e+11 0.0000000000000000e+00
2.4576913604817310e+11 0.0000000000000000e+00
2.1666203444139111e+11 0.0000000000000000e+00
1.9100216537800500e+11 0.0000000000000000e+00
1.6838126381092053e+11 0.0000000000000000e+00
1.4843941662363922e+11 0.0000000000000000e+00
1.3085933618071167e+11 0.0000000000000000e+00
1.1536131207706090e+11 0.0000000000000000e+00
1.0169876076524516e+11 0.0000000000000000e+00
8.9654302252368362e+10 0.0000000000000000e+00
7.9036301444352661e+10 0.0000000000000000e+00
6.9675819108140350e+10 0.0000000000000000e+00
6.1423923939664528e+10 0.0000000000000000e+00
5.4149322970856873e+10 0.0000000000000000e+00
4.7736272613946960e+10 0.0000000000000000e+00
4.2082737106417290e+10 0.0000000000000000e+00
3.7098765056290192e+10 0.0000000000000000e+00
3.2705058257532875e+10 0.0000000000000000e+00
2.8831710004515594e+10 0.0000000000000000e+00
2.5417092831290821e+10 0.0000000000000000e+00
2.2406877978908470e+10 0.0000000000000000e+00
1.9753170989862392e+10 0.0000000000000000e+00
1.7413749676417320e+10 0.0000000000000000e+00
1.5351392338402369e+10 0.0000000000000000e+00
1.3533285541982386e+10 0.0000000000000000e+00
1.1930502036787189e+10 0.0000000000000000e+00
1.0517540504723145e+10 0.0000000000000000e+00
9.2719198175738239e+09 0.0000000000000000e+00
8.1738213477677612e+09 0.0000000000000000e+00
7.2057736412464199e+09 0.0000000000000000e+00
6.3523744353749399e+09 0.0000000000000000e+00
5.6000455990212164e+09 0.0000000000000000e+00
4.9368170957425432e+09 0.0000000000000000e+00
4.3521365327945786e+09 0.0000000000000000e+00
3.8367012657649179e+09 0.0000000000000000e+00
3.3823103875075336e+09 0.0000000000000000e+00
2.9817342464270611e+09 0.0000000000000000e+00
2.6285994180645514e+09 0.0000000000000000e+00
2.3172872998084345e+09 0.0000000000000000e+00
2.0428447153074715e+09 0.0000000000000000e+00
1.8009051062441151e+09 0.0000000000000000e+00
1.5876190575787327e+09 0.0000000000000000e+00
1.3995930508764517e+09 0.0000000000000000e+00
1.2338354712427626e+09 0.0000000000000000e+00
1.0877090088033319e+09 0.0000000000000000e+00
9.5888869740489447e+08 0.0000000000000000e+00
8.4532492290601575e+08 0.0000000000000000e+00
7.4521081249571407e+08 0.0000000000000000e+00
6.5695348618304956e+08 0.0000000000000000e+00
5.7914871305030143e+08 0.0000000000000000e+00
5.1055856903446203e+08 0.0000000000000000e+00
4.5009174075791895e+08 0.0000000000000000e+00
3.9678616202957040e+08 0.0000000000000000e+00
3.4979370675196409e+08 0.0000000000000000e+00
3.0836669468871248e+08 0.0000000000000000e+00
2.7184599539027596e+08 0.0000000000000000e+00
2.3965054100388560e+08 0.0000000000000000e+00
2.1126808110968107e+08 0.0000000000000000e+00
1.8624703248653752e+08 0.0000000000000000e+00
1.6418929413209802e+08 0.0000000000000000e+00
1.4474391321937010e+08 0.0000000000000000e+00
1.2760150121116029e+08 0.0000000000000000e+00
1.1248931128913870e+08 0.0000000000000000e+00
9.9166898776250556e+07 0.0000000000000000e+00
8.7422295507009774e+07 0.0000000000000000e+00
7.7068637277435005e+07 0.0000000000000000e+00
6.7941190715183094e+07 0.0000000000000000e+00
5.9894732265473768e+07 0.0000000000000000e+00
5.2801237590778403e+07 0.0000000000000000e+00
4.6547844621136479e+07 0.0000000000000000e+00
4.1035057845914431e+07 0.0000000000000000e+00
3.6175165276136719e+07 0.0000000000000000e+00
3.1890842890235972e+07 0.0000000000000000e+00
2.8113924359057710e+07 0.0000000000000000e+00
2.4784316475649286e+07 0.0000000000000000e+00
2.1849043033625301e+07 0.0000000000000000e+00
1.9261401941596456e+07 0.0000000000000000e+00
1.6980222162809163e+07 0.0000000000000000e+00
1.4969208657428490e+07 0.0000000000000000e+00
1.3196364905072618e+07 0.0000000000000000e+00
1.1633483819561414e+07 0.0000000000000000e+00
1.0255698956003709e+07 0.0000000000000000e+00
9.0410888696401212e+06 0.0000000000000000e+00
7.9703283315350516e+06 0.0000000000000000e+00
7.0263808517346159e+06 0.0000000000000000e+00
6.1942276177365966e+06 0.0000000000000000e+00
5.4606285355082275e+06 0.0000000000000000e+00
4.8139115710608438e+06 0.0000000000000000e+00
4.2437870408697696e+06 0.0000000000000000e+00
3.7411838963808194e+06 0.0000000000000000e+00
3.2981053977842000e+06 0.0000000000000000e+00
2.9075018807324739e+06 0.0000000000000000e+00
2.5631585916394056e+06 0.0000000000000000e+00
2.2595968069467880e+06 0.0000000000000000e+00
1.9919866631032231e+06 0.0000000000000000e+00
1.7560703103235345e+06 0.0000000000000000e+00
1.5480941674557775e+06 0.0000000000000000e+00
1.3647492000870076e+06 0.0000000000000000e+00
1.2031182716740898e+06 0.0000000000000000e+00
1.0606297300220192e+06 0.0000000000000000e+00
9.3501649064083677e+05 0.0000000000000000e+00
8.2427996597093309e+05 0.0000000000000000e+00
7.2665826656744105e+05 0.0000000000000000e+00
6.4059816830416396e+05 0.0000000000000000e+00
5.6473039957711974e+05 0.0000000000000000e+00
4.9784785531123669e+05 0.0000000000000000e+00
4.3888639114096644e+05 0.0000000000000000e+00
3.8690789218790695e+05 0.0000000000000000e+00
3.4108534704874910e+05 0.0000000000000000e+00
3.0068968951107358e+05 0.0000000000000000e+00
2.6507819864024676e+05 0.0000000000000000e+00
2.3368427267530264e+05 0.0000000000000000e+00
2.0600841402992036e+05 0.0000000000000000e+00
1.8161028196403899e+05 0.0000000000000000e+00
1.6010168647901595e+05 0.0000000000000000e+00
1.4114041196467483e+05 0.0000000000000000e+00
1.2442477232848555e+05 0.0000000000000000e+00
1.0968881097548564e+05 0.0000000000000000e+00
9.6698069267525003e+04 0.0000000000000000e+00
8.5245856135287453e+04 0.0000000000000000e+00
7.5149959490231704e+04 0.0000000000000000e+00
6.6249747112877274e+04 0.0000000000000000e+00
5.8403610890710603e+04 0.0000000000000000e+00
5.1486713741893218e+04 0.0000000000000000e+00
4.5389003376866793e+04 0.0000000000000000e+00
4.0013461295528672e+04 0.0000000000000000e+00
3.5274559160397825e+04 0.0000000000000000e+00
3.1096897985664644e+04 0.0000000000000000e+00
2.7414008490756361e+04 0.0000000000000000e+00
2.4167293531262021e+04 0.0000000000000000e+00
2.1305095780615633e+04 0.0000000000000000e+00
1.8781875828753709e+04 0.0000000000000000e+00
1.6557487620763575e+04 0.0000000000000000e+00
1.4596539707286969e+04 0.0000000000000000e+00
1.2867832143762133e+04 0.0000000000000000e+00
1.1343860079206101e+04 0.0000000000000000e+00
1.0000376136316463e+04 0.0000000000000000e+00
8.8160046200787401e+03 0.0000000000000000e+00
7.7719014166879606e+03 0.0000000000000000e+00
6.8514541715583073e+03 0.0000000000000000e+00
6.0400179760603442e+03 0.0000000000000000e+00
5.3246823575898334e+03 0.0000000000000000e+00
4.6940658656319811e+03 0.0000000000000000e+00
4.1381349855515309e+03 0.0000000000000000e+00
3.6480444989111675e+03 0.0000000000000000e+00
3.2159967503482267e+03 0.0000000000000000e+00
2.8351175818544439e+03 0.0000000000000000e+00
2.4993469604935967e+03 0.0000000000000000e+00
2.2033425593737124e+03 0.0000000000000000e+00
1.9423947577845622e+03 0.0000000000000000e+00
1.7123517080981460e+03 0.0000000000000000e+00
1.5095532771983917e+03 0.0000000000000000e+00
1.3307728114052700e+03 0.0000000000000000e+00
1.1731657983362045e+03 0.0000000000000000e+00
1.0342246088815652e+03 0.0000000000000000e+00
9.1173859921007295e+02 0.0000000000000000e+00
8.0375893800138590e+02 0.0000000000000000e+00
7.0856759928431018e+02 0.0000000000000000e+00
6.2465002753681460e+02 0.0000000000000000e+00
5.5067104013202515e+02 0.0000000000000000e+00
4.8545358372247478e+02 0.0000000000000000e+00
4.2796000656306586e+02 0.0000000000000000e+00
3.7727554880336999e+02 0.0000000000000000e+00
3.3259378806909569e+02 0.0000000000000000e+00
2.9320380876260378e+02 0.0000000000000000e+00
2.5847889093778991e+02 0.0000000000000000e+00
2.2786653878198427e+02 0.0000000000000000e+00
2.0087969005166573e+02 0.0000000000000000e+00
1.7708896659839030e+02 0.0000000000000000e+00
1.5611584268583698e+02 0.0000000000000000e+00
1.3762662240150277e+02 0.0000000000000000e+00
1.2132713033975978e+02 0.0000000000000000e+00
1.0695803108163913e+02 0.0000000000000000e+00
9.4290703001255295e+01 0.0000000000000000e+00
8.3123600748454919e+01 0.0000000000000000e+00
7.3279048532457054e+01 0.0000000000000000e+00
6.4600413185565841e+01 0.0000000000000000e+00
5.6949612028565625e+01 0.0000000000000000e+00
5.0204915886339684e+01 0.0000000000000000e+00
4.4259012298278286e+01 0.0000000000000000e+00
3.9017298107895449e+01 0.0000000000000000e+00
3.4396374265668008e+01 0.0000000000000000e+00
3.0322718896429837e+01 0.0000000000000000e+00
2.6731517518974137e+01 0.0000000000000000e+00
2.3565631805904928e+01 0.0000000000000000e+00
2.0774690476038284e+01 0.0000000000000000e+00
1.8314287854868695e+01 0.0000000000000000e+00
1.6145277351682314e+01 0.0000000000000000e+00
1.4233148612079454e+01 0.0000000000000000e+00
1.2547478436003997e+01 0.0000000000000000e+00
1.1061446725032466e+01 0.0000000000000000e+00
9.7514097573294638e+00 0.0000000000000000e+00
8.5965240008025461e+00 0.0000000000000000e+00
7.5784144790786847e+00 0.0000000000000000e+00
6.6808824137927516e+00 0.0000000000000000e+00
5.8896474915886960e+00 0.0000000000000000e+00
5.1921206551343717e+00 0.0000000000000000e+00
4.5772038031092688e+00 0.0000000000000000e+00
4.0351132122633127e+00 0.0000000000000000e+00
3.5572238720770351e+00 0.0000000000000000e+00
3.1359322552878357e+00 0.0000000000000000e+00
2.7645353408731679e+00 0.0000000000000000e+00
2.4371239646678169e+00 0.0000000000000000e+00
2.1484888007552616e+00 0.0000000000000000e+00
1.8940374777365865e+00 0.0000000000000000e+00
1.6697215111429318e+00 0.0000000000000000e+00
1.4719718894396516e+00 0.0000000000000000e+00
1.2976422887535535e+00 0.0000000000000000e+00
1.1439590128331609e+00 0.0000000000000000e+00
1.0084768617545845e+00 0.0000000000000000e+00
8.8904022721547526e-01 0.0000000000000000e+00
7.8374879541825448e-01 0.0000000000000000e+00
6.9092731185344558e-01 0.0000000000000000e+00
6.0909892692118817e-01 0.0000000000000000e+00
5.3696169830269158e-01 0.0000000000000000e+00
4.7336787621926046e-01 0.0000000000000000e+00
4.1730564199388431e-01 0.0000000000000000e+00
3.6788300936429791e-01 0.0000000000000000e+00
3.2431363240690758e-01 0.0000000000000000e+00
2.8590429426657099e-01 0.0000000000000000e+00
2.5204387762987240e-01 0.0000000000000000e+00
2.2219364145496961e-01 0.0000000000000000e+00
1.9587864925455281e-01 0.0000000000000000e+00
1.7268021255038460e-01 0.0000000000000000e+00
1.5222922926988272e-01 0.0000000000000000e+00
1.3420031109436290e-01 0.0000000000000000e+00
1.1830660632127933e-01 0.0000000000000000e+00
1.0429523586883997e-01 0.0000000000000000e+00
9.1943269806906675e-02 0.0000000000000000e+00
8.1054180398199338e-02 0.0000000000000000e+00
7.1454715215384629e-02 0.0000000000000000e+00
6.2992140583351661e-02 0.0000000000000000e+00
5.5531811488046277e-02 0.0000000000000000e+00
4.8955029287556948e-02 0.0000000000000000e+00
4.3157153140258100e-02 0.0000000000000000e+00
3.8045935101607878e-02 0.0000000000000000e+00
3.3540052399922735e-02 0.0000000000000000e+00
2.9567813538693175e-02 0.0000000000000000e+00
2.6066017638688849e-02 0.0000000000000000e+00
2.2978948871255019e-02 0.0000000000000000e+00
2.0257489983587600e-02 0.0000000000000000e+00
1.7858340811597612e-02 0.0000000000000000e+00
1.5743329346407615e-02 0.0000000000000000e+00
1.3878804393099058e-02 0.0000000000000000e+00
1.2235100158522524e-02 0.0000000000000000e+00
1.0786064249418484e-02 0.0000000000000000e+00
9.5086415709925206e-03 0.0000000000000000e+00
8.3825075055047049e-03 0.0000000000000000e+00
7.3897445345085374e-03 0.0000000000000000e+00
6.5145571595896052e-03 0.0000000000000000e+00
5.7430205858100512e-03 0.0000000000000000e+00
5.0628591692510050e-03 0.0000000000000000e+00
4.4632511036095685e-03 0.0000000000000000e+00
3.9346562382889493e-03 0.0000000000000000e+00
3.4686642884568801e-03 0.0000000000000000e+00
3.0578610219956933e-03 0.0000000000000000e+00
2.6957102942932396e-03 0.0000000000000000e+00
2.3764500539713660e-03 0.0000000000000000e+00
2.0950006649364849e-03 0.0000000000000000e+00
1.8468840860971008e-03 0.0000000000000000e+00
1.6281526228451885e-03 0.0000000000000000e+00
1.4353261166918053e-03 0.0000000000000000e+00
1.2653365737036717e-03 0.0000000000000000e+00
1.1154793507432194e-03 0.0000000000000000e+00
9.8337012285389233e-04 0.0000000000000000e+00
8.6690694711415151e-04 0.0000000000000000e+00
7.6423681937146375e-04 0.0000000000000000e+00
6.7372619175250388e-04 0.0000000000000000e+00
5.9393498186418811e-04 0.0000000000000000e+00
5.2359366015504135e-04 0.0000000000000000e+00
4.6158305088222834e-04 0.0000000000000000e+00
4.0691652530448638e-04 0.0000000000000000e+00
3.5872430378324909e-04 0.0000000000000000e+00
3.1623961702829863e-04 0.0000000000000000e+00
2.7878650630438752e-04 0.0000000000000000e+00
2.4576906849229686e-04 0.0000000000000000e+00
2.1666197488633867e-04 0.0000000000000000e+00
1.9100211287621880e-04 0.0000000000000000e+00
1.6838121752706247e-04 0.0000000000000000e+00
1.4843937582130392e-04 0.0000000000000000e+00
1.3085930021070638e-04 0.0000000000000000e+00
1.1536128036707993e-04 0.0000000000000000e+00
1.0169873281076358e-04 0.0000000000000000e+00
8.9654277608611045e-05 0.0000000000000000e+00
7.9036279719221696e-05 0.0000000000000000e+00
6.9675799955975782e-05 0.0000000000000000e+00
6.1423907055742200e-05 0.0000000000000000e+00
5.4149308086542802e-05 0.0000000000000000e+00
4.7736259492422516e-05 0.0000000000000000e+00
4.2082725538910385e-05 0.0000000000000000e+00
3.7098754858754174e-05 0.0000000000000000e+00
3.2705049267718688e-05 0.0000000000000000e+00
2.8831702079389345e-05 0.0000000000000000e+00
2.5417085844758745e-05 0.0000000000000000e+00
2.2406871819810150e-05 0.0000000000000000e+00
1.9753165560202614e-05 0.0000000000000000e+00
1.7413744889806931e-05 0.0000000000000000e+00
1.5351388118683096e-05 0.0000000000000000e+00
1.3533281822015788e-05 0.0000000000000000e+00
1.1930498757386370e-05 0.0000000000000000e+00
1.0517537613710566e-05 0.0000000000000000e+00
9.2719172689516208e-06 0.0000000000000000e+00
8.1738191009857937e-06 0.0000000000000000e+00
7.2057716605568969e-06 0.0000000000000000e+00
6.3523726892637964e-06 0.0000000000000000e+00
5.6000440597067452e-06 0.0000000000000000e+00
4.9368157387332172e-06 0.0000000000000000e+00
4.3521353364995636e-06 0.0000000000000000e+00
3.8367002111503323e-06 0.0000000000000000e+00
3.3823094577937826e-06 0.0000000000000000e+00
2.9817334268218419e-06 0.0000000000000000e+00
2.6285986955273785e-06 0.0000000000000000e+00
2.3172866628432776e-06 0.0000000000000000e+00
2.0428441537798248e-06 0.0000000000000000e+00
1.8009046112197018e-06 0.0000000000000000e+00
1.5876186211813885e-06 0.0000000000000000e+00
1.3995926661628285e-06 0.0000000000000000e+00
1.2338351320918113e-06 0.0000000000000000e+00
1.0877087098189467e-06 0.0000000000000000e+00
9.5888843383003248e-07 0.0000000000000000e+00
8.4532469054703184e-07 0.0000000000000000e+00
7.4521060765563761e-07 0.0000000000000000e+00
6.5695330560273302e-07 0.0000000000000000e+00
5.7914855385659652e-07 0.0000000000000000e+00
5.1055842869450106e-07 0.0000000000000000e+00
4.5009161703879624e-07 0.0000000000000000e+00
3.9678605296283539e-07 0.0000000000000000e+00
3.4979361060229795e-07 0.0000000000000000e+00
3.0836660992631066e-07 0.0000000000000000e+00
2.7184592066651303e-07 0.0000000000000000e+00
2.3965047512986035e-07 0.0000000000000000e+00
2.1126802303729432e-07 0.0000000000000000e+00
1.8624698129182087e-07 0.0000000000000000e+00
1.6418924900050906e-07 0.0000000000000000e+00
1.4474387343283628e-07 0.0000000000000000e+00
1.2760146613665405e-07 0.0000000000000000e+00
1.1248928036860040e-07 0.0000000000000000e+00
9.9166871517714623e-08 0.0000000000000000e+00
8.7422271476776453e-08 0.0000000000000000e+00
7.7068616093166686e-08 0.0000000000000000e+00
6.7941172039824552e-08 0.0000000000000000e+00
5.9894715801888546e-08 0.0000000000000000e+00
5.2801223077019970e-08 0.0000000000000000e+00
4.6547831826281782e-08 0.0000000000000000e+00
4.1035046566388728e-08 0.0000000000000000e+00
3.6175155332475504e-08 0.0000000000000000e+00
3.1890834124229648e-08 0.0000000000000000e+00
2.8113916631233052e-08 0.0000000000000000e+00
2.4784309663051639e-08 0.0000000000000000e+00
2.1849037027862138e-08 0.0000000000000000e+00
1.9261396647111936e-08 1.9769125422562875e-254
1.6980217495364661e-08 1.5221216002376609e-197
1.4969204542762085e-08 5.6029451654764268e-153
1.3196361277717257e-08 4.7408437187193290e-118
1.1633480621803482e-08 1.1536244397320411e-90
1.0255696136964917e-08 3.5252551452066451e-69
9.0410863844676962e-09 2.5935204102934579e-52
7.9703261406883320e-09 4.6266183890801090e-39
7.0263789203557506e-09 1.2185141492321981e-28
6.1942259150961148e-09 1.9463092953478508e-20
5.4606270345160949e-09 5.6939832822034715e-14
4.8139102478352357e-09 7.2440297043056295e-09
4.2437858743573218e-09 7.8839724989704008e-05
3.7411828680216175e-09 1.2464190980002916e-01
3.2981044912163389e-09 4.3324175142021588e+01
2.9075010815318781e-09 4.5800506792847027e+03
2.5631578870903020e-09 1.8987216403235303e+05
2.2595961858393346e-09 3.7669228949719681e+06
1.9919861155552090e-09 4.1805643936782926e+07
1.7560698276231015e-09 2.9333308591137511e+08
1.5480937419228524e-09 1.4323951447535341e+09
1.3647488249511055e-09 5.2488630093664179e+09
1.2031179409665390e-09 1.5313187944824585e+10
1.0606294384810514e-09 3.7261193406501228e+10
9.3501623362785980e-10 7.8436679415107330e+10
8.2427973939669267e-10 1.4701251376669107e+11
7.2665806682699601e-10 2.5096575349107764e+11
6.4059799221952099e-10 3.9725964119600818e+11
5.6473024434665618e-10 5.9139636600276843e+11
4.9784771846513356e-10 8.3731984654091125e+11
4.3888627050191800e-10 1.1375523561728760e+12
3.8690778583646656e-10 1.4934379065460659e+12
3.4108525329279798e-10 1.9053987996832720e+12
3.0068960685889122e-10 2.3731543789315645e+12
2.6507812577678417e-10 2.8958846025397554e+12
2.3368420844125843e-10 3.4723411388124756e+12
2.0600835740328637e-10 4.1009175330784473e+12
1.8161023204384927e-10 4.7796917441764365e+12
1.6010164247101021e-10 5.5064525749413574e+12
1.4114037316865540e-10 6.2787186069168506e+12
1.2442473812718272e-10 7.0937554622415127e+12
1.0968878082473627e-10 7.9485950127301934e+12
9.6698042687609413e-11 8.8400584897834531e+12
8.5245832703302963e-11 9.7647840541244121e+12
7.5149938833360915e-11 1.0719258064570932e+13
6.6249728902454877e-11 1.1699848143120822e+13
5.8403594836998116e-11 1.2702835611122699e+13
5.1486699589465192e-11 1.3724445461639047e+13
4.5388990900548628e-11 1.4760873764902301e+13
4.0013450296814835e-11 1.5808314509352520e+13
3.5274549464291050e-11 1.6862989076506951e+13
3.1096889437893934e-11 1.7921180860696555e+13
2.7414000955321424e-11 1.8979275049879676e+13
2.4167286888268766e-11 2.0033800422470320e+13
2.1305089924369980e-11 2.1081467676855371e+13
1.8781870666079180e-11 2.2119198267246691e+13
1.6557483069518375e-11 2.3144139022138277e+13
1.4596535695058129e-11 2.4153660290927281e+13
1.2867828606712380e-11 2.5145338061741281e+13
1.1343856961058686e-11 2.6116922597240219e+13
1.0000373387459574e-11 2.7066297151090488e+13
8.8160021967764635e-12 2.7991430292266055e+13
7.7718992803839033e-12 2.8890324972864082e+13
6.8514522882624484e-12 2.9760967722999594e+13
6.0400163158082913e-12 3.0601282655829688e+13
5.3246808939659509e-12 3.1409096671324164e+13
4.6940645753489847e-12 3.2182123385240250e+13
4.1381338480802302e-12 3.2917973723388246e+13
3.6480434961536900e-12 3.3614201736614910e+13
3.2159958663499943e-12 3.4268396008605457e+13
2.8351168025505075e-12 3.4878327865425973e+13
2.4993462734847478e-12 3.5442157213306273e+13
2.2033419537291561e-12 3.5958659903240195e+13
1.9423942238681251e-12 3.6427377044877250e+13
1.7123512374148856e-12 3.6848533552795641e+13
1.5095528622593942e-12 3.7222590875221133e+13
1.3307724456086280e-12 3.7549419492703914e+13
1.1731654758618557e-12 3.7827262047876758e+13
1.0342243245987230e-12 3.8051811897550672e+13
9.1173834859560642e-13 3.8215760725651711e+13
8.0375871706787336e-13 3.8309043328898695e+13
7.0856740451654932e-13 3.8319785076932438e+13
6.2464985583591975e-13 3.8235745321047719e+13
5.5067088876613505e-13 3.8045933989921867e+13
4.8545345028325513e-13 3.7742074830950906e+13
4.2795988892740951e-13 3.7319658584989164e+13
3.7727544509962461e-13 3.6778430270099945e+13
3.3259369664726463e-13 3.6122267700603109e+13
2.9320372816810425e-13 3.5358524068754758e+13
2.5847881988831442e-13 3.4497005402203391e+13
2.2786647614709166e-13 3.3548806414773074e+13
2.0087963483479071e-13 3.2525221839697512e+13
1.7708891792099868e-13 3.1436895211573867e+13
1.5611579977344141e-13 3.0293289027307805e+13
1.3762658457133681e-13 2.9102484583347562e+13
1.2132709698992246e-13 2.7871262421847945e+13
1.0695800168151382e-13 2.6605381210847852e+13
9.4290677083065305e-14 2.5309963040835891e+13
8.3123577899826103e-14 2.3989901282297164e+13
7.3279028389853573e-14 2.2650226112104223e+13
6.4600395428504658e-14 2.1296385638974883e+13
5.6949596374521127e-14 1.9934422119346254e+13
5.0204902086246287e-14 1.8571040206504918e+13
4.4259000132567162e-14 1.7213576538006348e+13
3.9017287383002001e-14 1.5869887459466146e+13
3.4396364810952894e-14 1.4548175158025229e+13
3.0322710561462114e-14 1.3256773017659701e+13
2.6731510171138914e-14 1.2003909656769074e+13
2.3565625328293843e-14 1.0797468725445385e+13
2.0774684765588150e-14 9.6447587457318652e+12
1.8314282820722418e-14 8.5523044652647744e+12
1.6145272913743691e-14 7.5256685682683486e+12
1.4233144699737863e-14 6.5693102178004805e+12
1.2547474987011474e-14 5.6864847760607812e+12
1.1061443684513431e-14 4.8791871141505293e+12
9.7514070769073783e-15 4.1481391223915254e+12
8.5965216378300070e-15 3.4928203254959814e+12
7.5784123959593594e-15 2.9115388778754072e+12
6.6808805773829142e-15 2.4015386786480127e+12
5.8896458726697827e-15 1.9591369493599697e+12
5.1921192279483903e-15 1.5798854297264128e+12
4.5772025449488099e-15 1.2587474494917690e+12
4.0351121031101573e-15 9.9028260715720825e+11
3.5572228942838809e-15 7.6883069167166980e+11
3.1359313932973871e-15 5.8868685552000696e+11
2.7645345809705485e-15 4.4426088405956049e+11
2.4371232947625152e-15 3.3021466207832104e+11
2.1484882101886697e-15 2.4157352922580719e+11
1.8940369571123873e-15 1.7380902123286526e+11
1.6697210521776472e-15 1.2289236987525948e+11
1.4719714848308758e-15 8.5319928757076340e+10
1.2976419320636863e-15 5.8113259726297470e+10
1.1439586983870273e-15 3.8797836646990662e+10
1.0084765845491634e-15 2.5365118836606598e+10
8.8903998284023941e-16 1.6223083017898546e+10
7.8374857998503021e-16 1.0140197546092978e+10
6.9092712193456501e-16 6.1873388558569498e+09
6.0909875949491238e-16 3.6813850023051515e+09
5.3696155070515701e-16 2.1332915742892690e+09
4.7336774610209997e-16 1.2024801217325485e+09
4.1730552728685342e-16 6.5845404144089103e+08
3.6788290824232708e-16 3.4978157839343137e+08
3.2431354326108456e-16 1.7999809066693652e+08
2.8590421567853057e-16 8.9595080287832543e+07
2.5204380834922341e-16 4.3068554986916780e+07
2.2219358037941475e-16 1.9960809889531411e+07
1.9587859541234215e-16 8.9040026569873430e+06
1.7268016508485084e-16 3.8158672860615840e+06
1.5222918742582009e-16 1.5681081501860803e+06
1.3420027420600658e-16 6.1669147815655707e+05
1.1830657380170953e-16 2.3161254792022539e+05
1.0429520720065052e-16 8.2891127562894661e+04
9.1943244533968973e-17 2.8203952484233003e+04
8.1054158118403825e-17 9.1017377970111884e+03
7.1454695574244813e-17 2.7788016788398854e+03
6.2992123268365499e-17 8.0050441737250742e+02
5.5531796223720636e-17 2.1699112742888136e+02
4.8955015831026158e-17 5.5186618878604534e+01
4.3157141277420890e-17 1.3128655688917329e+01
3.8045924643718476e-17 2.9121861962325557e+00
3.3540043180589115e-17 6.0031852714966460e-01
2.9567805411230324e-17 1.1460135155980834e-01
2.6066010473783356e-17 2.0186067445043896e-02
2.2978942554908425e-17 3.2681326624383273e-03
2.0257484415302954e-17 4.8437894136011967e-04
1.7858335902780086e-17 6.5444902597244469e-05
1.5743325018954448e-17 8.0250989269326707e-06
1.3878800578157847e-17 8.8898671778933737e-07
1.2235096795395192e-17 8.8531852124827200e-08
1.0786061284595303e-17 7.8858832311283858e-09
9.5086389573013472e-18 6.2492484024063956e-10
8.3825052013600915e-18 4.3812678095188988e-11
7.3897425032499283e-18 2.7015720316348247e-12
6.5145553688984282e-18 1.4561451726623105e-13
5.7430190071953075e-18 6.8164959696469470e-15
5.0628577775958209e-18 2.7526251372650575e-16
4.4632498767718628e-18 9.5209571927075640e-18
3.9346551567489729e-18 2.7998211811177892e-19
3.4686633350065435e-18 6.9455624285215929e-21
3.0578601814650764e-18 1.4416449518702078e-22
2.6957095533089526e-18 2.4823108473822596e-24
2.3764494007438461e-18 3.5139243678298269e-26
2.0950000890724450e-18 4.0510511225839117e-28
1.8468835784342078e-18 3.7660191685909187e-30
1.6281521753061803e-18 2.7940038855172369e-32
1.4353257221560372e-18 1.6363290330226488e-34
1.2653362258938490e-18 7.4791311907415595e-37
1.1154790441254513e-18 2.6361065253035113e-39
9.8336985254968633e-19 7.0753013739200869e-42
8.6690670882280819e-19 1.4271436388205680e-44
7.6423660930160691e-19 2.1336342382631030e-47
6.7372600656178116e-19 2.3302077405660961e-50
5.9393481860610256e-19 1.8309381875702741e-53
5.2359351623205549e-19 1.0186208366840348e-56
4.6158292400442587e-19 3.9456964857973874e-60
4.0691641345316429e-19 1.0455842617793448e-63
3.5872420517878359e-19 1.8607667360381730e-67
3.1623953010182336e-19 2.1812111145738262e-71
2.7878642967284905e-19 1.6501881967210274e-75
2.4576900093644028e-19 7.8870914144906759e-80
2.1666191533130259e-19 2.3286465003934474e-84
1.9100206037444625e-19 4.1482379193300163e-89
1.6838117124321780e-19 4.3496752211042779e-94
1.4843933501897734e-19 2.6158097507957128e-99
1.3085926424071054e-19 8.7795144485665367e-105
1.1536124865710863e-19 1.5981423750872791e-110
1.0169870485628969e-19 1.5310267494774359e-116
8.9654252964860152e-20 7.4792488987557139e-123
7.9036257994097323e-20 1.8023389422520593e-129
6.9675780803816457e-20 2.0691289937878106e-136
6.1423890171824307e-20 1.0909800503807634e-143
5.4149293202233244e-20 2.5422956117497549e-151
4.7736246370901906e-20 2.5146147006070440e-159
4.2082713971406485e-20 1.0118571215490725e-167
3.7098744661221264e-20 1.5841588644518599e-176
3.2705040277907104e-20 9.2077498648173523e-186
2.8831694154265153e-20 1.8914242963610573e-195
2.5417078858228401e-20 1.3038199165696568e-205
2.2406865660713605e-20 2.8562824085662571e-216
1.9753160130544319e-20 1.8779725801214155e-227
1.7413740103197717e-20 3.4894339943138191e-239
1.5351383898965046e-20 1.7199927087044164e-251
1.3533278102050218e-20 2.1043377803658009e-264
1.1930495477986352e-20 5.9585403353039218e-278
1.0517534722698823e-20 3.6278127539375152e-292
9.2719147203301199e-21 0.0000000000000000e+00
8.1738168542044131e-21 0.0000000000000000e+00
7.2057696798679515e-21 0.0000000000000000e+00
6.3523709431531339e-21 0.0000000000000000e+00
5.6000425203926778e-21 0.0000000000000000e+00
4.9368143817243053e-21 0.0000000000000000e+00
4.3521341402048772e-21 0.0000000000000000e+00
3.8366991565360199e-21 0.0000000000000000e+00
3.3823085280803150e-21 0.0000000000000000e+00
2.9817326072168479e-21 0.0000000000000000e+00
2.6285979729903930e-21 0.0000000000000000e+00
2.3172860258783155e-21 0.0000000000000000e+00
2.0428435922523405e-21 0.0000000000000000e+00
1.8009041161954175e-21 0.0000000000000000e+00
1.5876181847841779e-21 0.0000000000000000e+00
1.3995922814493164e-21 0.0000000000000000e+00
1.2338347929409480e-21 0.0000000000000000e+00
1.0877084108346350e-21 0.0000000000000000e+00
9.5888817025524670e-22 0.0000000000000000e+00
8.4532445818811216e-22 0.0000000000000000e+00
7.4521040281561133e-22 0.0000000000000000e+00
6.5695312502246892e-22 0.0000000000000000e+00
5.7914839466293524e-22 0.0000000000000000e+00
5.1055828835457453e-22 0.0000000000000000e+00
4.5009149331970927e-22 0.0000000000000000e+00
3.9678594389613041e-22 0.0000000000000000e+00
3.4979351445265708e-22 0.0000000000000000e+00
3.0836652516393343e-22 0.0000000000000000e+00
2.7184584594277048e-22 0.0000000000000000e+00
2.3965040925585223e-22 0.0000000000000000e+00
2.1126796496492435e-22 0.0000000000000000e+00
1.8624693009711832e-22 0.0000000000000000e+00
1.6418920386893181e-22 0.0000000000000000e+00
1.4474383364631467e-22 0.0000000000000000e+00
1.2760143106215747e-22 0.0000000000000000e+00
1.1248924944807013e-22 0.0000000000000000e+00
9.9166844259186980e-23 0.0000000000000000e+00
8.7422247446549721e-23 0.0000000000000000e+00
7.7068594908903903e-23 0.0000000000000000e+00
6.7941153364471677e-23 0.0000000000000000e+00
5.9894699338308103e-23 0.0000000000000000e+00
5.2801208563265321e-23 0.0000000000000000e+00
4.6547819031430248e-23 0.0000000000000000e+00
4.1035035286866295e-23 0.0000000000000000e+00
3.6175145388817048e-23 0.0000000000000000e+00
3.1890825358225469e-23 0.0000000000000000e+00
2.8113908903410599e-23 0.0000000000000000e+00
2.4784302850455848e-23 0.0000000000000000e+00
2.1849031022100449e-23 0.0000000000000000e+00
1.9261391352628957e-23 0.0000000000000000e+00
1.6980212827921438e-23 0.0000000000000000e+00
1.4969200428096755e-23 0.0000000000000000e+00
1.3196357650362946e-23 0.0000000000000000e+00
1.1633477424046429e-23 0.0000000000000000e+00
1.0255693317926854e-23 0.0000000000000000e+00
9.0410838992959852e-24 0.0000000000000000e+00
7.9703239498422102e-24 0.0000000000000000e+00
7.0263769889773914e-24 0.0000000000000000e+00
6.1942242124561538e-24 0.0000000000000000e+00
5.4606255335243736e-24 0.0000000000000000e+00
4.8139089246099756e-24 0.0000000000000000e+00
4.2437847078452324e-24 0.0000000000000000e+00
3.7411818396626994e-24 0.0000000000000000e+00
3.2981035846487140e-24 0.0000000000000000e+00
2.9075002823315252e-24 0.0000000000000000e+00
2.5631571825414036e-24 0.0000000000000000e+00
2.2595955647320424e-24 0.0000000000000000e+00
1.9919855680073292e-24 0.0000000000000000e+00
1.7560693449228076e-24 0.0000000000000000e+00
1.5480933163900431e-24 0.0000000000000000e+00
1.3647484498152946e-24 0.0000000000000000e+00
1.2031176102590847e-24 0.0000000000000000e+00
1.0606291469401637e-24 0.0000000000000000e+00
9.3501597661494568e-25 0.0000000000000000e+00
8.2427951282251781e-25 0.0000000000000000e+00
7.2665786708660574e-25 0.0000000000000000e+00
6.4059781613492394e-25 0.0000000000000000e+00
5.6473008911623743e-25 0.0000000000000000e+00
4.9784758161906783e-25 0.0000000000000000e+00
4.3888614986290125e-25 0.0000000000000000e+00
3.8690767948505662e-25 0.0000000000000000e+00
3.4108515953687248e-25 0.0000000000000000e+00
3.0068952420673037e-25 0.0000000000000000e+00
2.6507805291334383e-25 0.0000000000000000e+00
2.3368414420723181e-25 0.0000000000000000e+00
2.0600830077666709e-25 0.0000000000000000e+00
1.8161018212367477e-25 0.0000000000000000e+00
1.6010159846301659e-25 0.0000000000000000e+00
1.4114033437264594e-25 0.0000000000000000e+00
1.2442470392589035e-25 0.0000000000000000e+00
1.0968875067399521e-25 0.0000000000000000e+00
9.6698016107701120e-26 0.0000000000000000e+00
8.5245809271325562e-26 0.0000000000000000e+00
7.5149918176495815e-26 0.0000000000000000e+00
6.6249710692037503e-26 0.0000000000000000e+00
5.8403578783289556e-26 0.0000000000000000e+00
5.1486685437041082e-26 0.0000000000000000e+00
4.5388978424233893e-26 0.0000000000000000e+00
4.0013439298103705e-26 0.0000000000000000e+00
3.5274539768187215e-26 0.0000000000000000e+00
3.1096880890125579e-26 0.0000000000000000e+00
2.7413993419888328e-26 0.0000000000000000e+00
2.4167280245277529e-26 0.0000000000000000e+00
2.1305084068125935e-26 0.0000000000000000e+00
1.8781865503405904e-26 0.0000000000000000e+00
1.6557478518274566e-26 0.0000000000000000e+00
1.4596531682830158e-26 0.0000000000000000e+00
1.2867825069663491e-26 0.0000000000000000e+00
1.1343853842912040e-26 0.0000000000000000e+00
1.0000370638603610e-26 0.0000000000000000e+00
8.8159997734747774e-27 0.0000000000000000e+00
7.7718971440803708e-27 0.0000000000000000e+00
6.8514504049672171e-27 0.0000000000000000e+00
6.0400146555566942e-27 0.0000000000000000e+00
5.3246794303424282e-27 0.0000000000000000e+00
4.6940632850664196e-27 0.0000000000000000e+00
4.1381327106092428e-27 0.0000000000000000e+00
3.6480424933964591e-27 0.0000000000000000e+00
3.2159949823520590e-27 0.0000000000000000e+00
2.8351160232467850e-27 0.0000000000000000e+00
2.4993455864760674e-27 0.0000000000000000e+00
2.2033413480848026e-27 0.0000000000000000e+00
1.9423936899518330e-27 0.0000000000000000e+00
1.7123507667317410e-27 0.0000000000000000e+00
1.5095524473205486e-27 0.0000000000000000e+00
1.3307720798120867e-27 0.0000000000000000e+00
1.1731651533875855e-27 0.0000000000000000e+00
1.0342240403159502e-27 0.0000000000000000e+00
9.1173809798120929e-28 0.0000000000000000e+00
8.0375849613441501e-28 0.0000000000000000e+00
7.0856720974883630e-28 0.0000000000000000e+00
6.2464968413507248e-28 0.0000000000000000e+00
5.5067073740028216e-28 0.0000000000000000e+00
4.8545331684406833e-28 0.0000000000000000e+00
4.2795977129179236e-28 0.0000000000000000e+00
3.7727534139590482e-28 0.0000000000000000e+00
3.3259360522545598e-28 0.0000000000000000e+00
2.9320364757363187e-28 0.0000000000000000e+00
2.5847874883885843e-28 0.0000000000000000e+00
2.2786641351221441e-28 0.0000000000000000e+00
2.0087957961793417e-28 0.0000000000000000e+00
1.7708886924362045e-28 0.0000000000000000e+00
1.5611575686105639e-28 0.0000000000000000e+00
1.3762654674118353e-28 0.0000000000000000e+00
1.2132706364009424e-28 0.0000000000000000e+00
1.0695797228139569e-28 0.0000000000000000e+00
9.4290651164884021e-29 0.0000000000000000e+00
8.3123555051203584e-29 0.0000000000000000e+00
7.3279008247255028e-29 0.0000000000000000e+00
6.4600377671449452e-29 0.0000000000000000e+00
5.6949580720480908e-29 0.0000000000000000e+00
5.0204888286156275e-29 0.0000000000000000e+00
4.4258987966859035e-29 0.0000000000000000e+00
3.9017276658111495e-29 0.0000000000000000e+00
3.4396355356240084e-29 0.0000000000000000e+00
3.0322702226496454e-29 0.0000000000000000e+00
2.6731502823305705e-29 0.0000000000000000e+00
2.3565618850684333e-29 0.0000000000000000e+00
2.0774679055139403e-29 0.0000000000000000e+00
1.8314277786577826e-29 0.0000000000000000e+00
1.6145268475806152e-29 0.0000000000000000e+00
1.4233140787397243e-29 0.0000000000000000e+00
1.2547471538020106e-29 0.0000000000000000e+00
1.1061440643995229e-29 0.0000000000000000e+00
9.7514043964859491e-30 0.0000000000000000e+00
8.5965192748582551e-30 0.0000000000000000e+00
7.5784103128406000e-30 0.0000000000000000e+00
6.6808787409735308e-30 0.0000000000000000e+00
5.8896442537514115e-30 0.0000000000000000e+00
5.1921178007628007e-30 0.0000000000000000e+00
4.5772012867886596e-30 0.0000000000000000e+00
4.0351109939573737e-30 0.0000000000000000e+00
3.5572219164909934e-30 0.0000000000000000e+00
3.1359305313071484e-30 0.0000000000000000e+00
2.7645338210681847e-30 0.0000000000000000e+00
2.4371226248573977e-30 0.0000000000000000e+00
2.1484876196222214e-30 0.0000000000000000e+00
1.8940364364883179e-30 0.0000000000000000e+00
1.6697205932124900e-30 0.0000000000000000e+00
1.4719710802221999e-30 0.0000000000000000e+00
1.2976415753739062e-30 0.0000000000000000e+00
1.1439583839409801e-30 0.0000000000000000e+00
1.0084763073438093e-30 0.0000000000000000e+00
8.8903973846506323e-31 0.0000000000000000e+00
7.8374836455187816e-31 0.0000000000000000e+00
6.9092693201573053e-31 0.0000000000000000e+00
6.0909859206867802e-31 0.0000000000000000e+00
5.3696140310767204e-31 0.0000000000000000e+00
4.7336761598497514e-31 0.0000000000000000e+00
4.1730541257985092e-31 0.0000000000000000e+00
3.6788280712039019e-31 0.0000000000000000e+00
3.2431345411528599e-31 0.0000000000000000e+00
2.8590413709050937e-31 0.0000000000000000e+00
2.5204373906859765e-31 0.0000000000000000e+00
2.2219351930387671e-31 0.0000000000000000e+00
1.9587854157014483e-31 0.0000000000000000e+00
1.7268011761933288e-31 0.0000000000000000e+00
1.5222914558176898e-31 0.0000000000000000e+00
1.3420023731765931e-31 0.0000000000000000e+00
1.1830654128215067e-31 0.0000000000000000e+00
1.0429517853246902e-31 0.0000000000000000e+00
9.1943219261037486e-32 0.0000000000000000e+00
8.1054135838613779e-32 0.0000000000000000e+00
7.1454675933110372e-32 0.0000000000000000e+00
6.2992105953383605e-32 0.0000000000000000e+00
5.5531780959398742e-32 0.0000000000000000e+00
4.8955002374499049e-32 0.0000000000000000e+00
4.3157129414586598e-32 0.0000000000000000e+00
3.8045914185831645e-32 0.0000000000000000e+00
3.3540033961258016e-32 0.0000000000000000e+00
2.9567797283769475e-32 0.0000000000000000e+00
2.6066003308879613e-32 0.0000000000000000e+00
2.2978936238563933e-32 0.0000000000000000e+00
2.0257478847019848e-32 0.0000000000000000e+00
1.7858330993963758e-32 0.0000000000000000e+00
1.5743320691502742e-32 0.0000000000000000e+00
1.3878796763217686e-32 0.0000000000000000e+00
1.2235093432268682e-32 0.0000000000000000e+00
1.0786058319773116e-32 0.0000000000000000e+00
9.5086363436108915e-33 0.0000000000000000e+00
8.3825028972160442e-33 0.0000000000000000e+00
7.3897404719919950e-33 0.0000000000000000e+00
6.5145535782077466e-33 0.0000000000000000e+00
5.7430174285809512e-33 0.0000000000000000e+00
5.0628563859411018e-33 0.0000000000000000e+00
4.4632486499344913e-33 0.0000000000000000e+00
3.9346540752092606e-33 0.0000000000000000e+00
3.4686623815565528e-33 0.0000000000000000e+00
3.0578593409346899e-33 0.0000000000000000e+00
2.6957088123248463e-33 0.0000000000000000e+00
2.3764487475164861e-33 0.0000000000000000e+00
2.0949995132085627e-33 0.0000000000000000e+00
1.8468830707714380e-33 0.0000000000000000e+00
1.6281517277672822e-33 0.0000000000000000e+00
1.4353253276203771e-33 0.0000000000000000e+00
1.2653358780841115e-33 0.0000000000000000e+00
1.1154787375077593e-33 0.0000000000000000e+00
9.8336958224557048e-34 0.0000000000000000e+00
8.6690647053152368e-34 0.0000000000000000e+00
7.6423639923180185e-34 0.0000000000000000e+00
6.7372582137112065e-34 0.0000000000000000e+00
5.9393465534806157e-34 0.0000000000000000e+00
5.2359337230910449e-34 0.0000000000000000e+00
4.6158279712666585e-34 0.0000000000000000e+00
4.0691630160187290e-34 0.0000000000000000e+00
3.5872410657434233e-34 0.0000000000000000e+00
3.1623944317537712e-34 0.0000000000000000e+00
2.7878635304133175e-34 0.0000000000000000e+00
2.4576893338060021e-34 0.0000000000000000e+00
