# k_modes P_scalar P_tensor
4.5649534690469150e-05 2.1708552503748454e-09 5.1756619576401456e-12
4.8619290631939572e-05 2.1662575178314580e-09 5.1755408434013263e-12
5.1782245702638912e-05 2.1616634544343267e-09 5.1754202234955963e-12
5.5150968579680631e-05 2.1570724441633584e-09 5.1752986556832102e-12
5.8738845602478649e-05 2.1524850667609506e-09 5.1751775138190683e-12
6.2560133966223894e-05 2.1479010109657794e-09 5.1750560171358833e-12
6.6630018375892907e-05 2.1433203108787143e-09 5.1749342718840002e-12
7.0964671385913722e-05 2.1387437410074556e-09 5.1748141291704550e-12
7.5581317665263730e-05 2.1341697591265035e-09 5.1746918602456229e-12
8.0498302443368175e-05 2.1295989418997762e-09 5.1745688519345654e-12
8.5735164408784606e-05 2.1250318777348479e-09 5.1744465103495534e-12
9.1312713350353352e-05 2.1204682259274362e-09 5.1743240224182700e-12
9.7253112849334761e-05 2.1159082540368637e-09 5.1742020259382085e-12
1.0357996835113050e-04 2.1113513486216943e-09 5.1740790073909944e-12
1.1031842096655916e-04 2.1067974751846820e-09 5.1739548963325334e-12
1.1749524737542671e-04 2.1022479646541676e-09 5.1738329252588413e-12
1.2513896622937964e-04 2.0977008870637416e-09 5.1737083591042423e-12
1.3327995147685388e-04 2.0931577251957679e-09 5.1735848334594402e-12
1.4195055306044275e-04 2.0886178457381015e-09 5.1734607887197656e-12
1.5118522546629935e-04 2.0840810755958902e-09 5.1733357894060376e-12
1.6102066463639076e-04 2.0795479590120857e-09 5.1732111635599215e-12
1.7149595378765752e-04 2.0750172415243072e-09 5.1730838040286537e-12
1.8265271871751706e-04 2.0704917685498976e-09 5.1729607665051861e-12
1.9453529321285649e-04 2.0659687156544883e-09 5.1728350260578371e-12
2.0719089521979654e-04 2.0614491363677143e-09 5.1727091915148742e-12
2.2066981447427982e-04 2.0569328491294188e-09 5.1725828051858147e-12
2.3502561233907146e-04 2.0524201360788608e-09 5.1724565616406619e-12
2.5031533464126650e-04 2.0479108072115803e-09 5.1723299905713842e-12
2.6659973835606001e-04 2.0434048249952041e-09 5.1722029776589771e-12
2.8394353303755701e-04 2.0389019319845587e-09 5.1720748803490383e-12
3.0241563795599895e-04 2.0344032142379436e-09 5.1719484028681238e-12
3.2208945596319365e-04 2.0299074102245021e-09 5.1718203782035500e-12
3.4304316517441539e-04 2.0254149317282530e-09 5.1716918487570642e-12
3.6536002962583424e-04 2.0209259104167950e-09 5.1715630994224607e-12
3.8912873014193577e-04 2.0164406425245590e-09 5.1714348987835343e-12
4.1444371672770585e-04 2.0119581497248020e-09 5.1713047729696233e-12
4.4140558388588655e-04 2.0074798895630161e-09 5.1711763952278033e-12
4.7012147035070613e-04 2.0030041544843999e-09 5.1710454135178753e-12
5.0070548482650614e-04 1.9985329296673379e-09 5.1709168932108491e-12
5.3327915942303608e-04 1.9940643009371019e-09 5.1707859343784919e-12
5.6797193258923361e-04 1.9895994597185757e-09 5.1706555629942331e-12
6.0492166346453008e-04 1.9851380299140838e-09 5.1705248223143901e-12
6.4427517969156548e-04 1.9806799844943371e-09 5.1703936381836113e-12
6.8618886086716836e-04 1.9762253483992422e-09 5.1702620618797678e-12
7.3082925995006614e-04 1.9717739360502335e-09 5.1701295942234509e-12
7.7837376509461295e-04 1.9673263797780998e-09 5.1699978893147833e-12
8.2901130454048706e-04 1.9628823955949300e-09 5.1698661696444372e-12
8.8294309735938018e-04 1.9584417328404247e-09 5.1697338215126233e-12
9.4038345304192823e-04 1.9540041738078716e-09 5.1696002225583674e-12
1.0015606231022149e-03 1.9495701109821539e-09 5.1694664147331051e-12
1.0667177080838856e-03 1.9451401076780693e-09 5.1693338708802924e-12
1.1361136235720501e-03 1.9407129620990303e-09 5.1691994107681515e-12
1.2100241290496246e-03 1.9362892004704990e-09 5.1690644153674546e-12
1.2887429236864954e-03 1.9318693948608762e-09 5.1689303968111280e-12
1.3725828134158644e-03 1.9274525178856110e-09 5.1687946087597575e-12
1.4618769539353968e-03 1.9230396581205395e-09 5.1686599525155308e-12
1.5569801745724916e-03 1.9186303222199896e-09 5.1685251046019095e-12
1.6582703882743563e-03 1.9142236573742775e-09 5.1683877670065667e-12
1.7661500933257733e-03 1.9098212752459174e-09 5.1682522462299192e-12
1.8810479727619446e-03 1.9054222696254818e-09 5.1681161260339602e-12
2.0034205978320331e-03 1.9010264120675635e-09 5.1679787561541838e-12
2.1337542422824791e-03 1.8966343413608897e-09 5.1678418586412220e-12
2.2725668146695360e-03 1.8922455759834662e-09 5.1677041304627834e-12
2.4204099163794546e-03 1.8878606247307013e-09 5.1675669342991428e-12
2.5778710335343366e-03 1.8834790713547473e-09 5.1674291491919349e-12
2.7455758714936482e-03 1.8791004579897053e-09 5.1672894825404710e-12
2.9241908412280184e-03 1.8747259621959619e-09 5.1671511760581564e-12
3.1144257074454730e-03 1.8703547284891145e-09 5.1670118520559272e-12
3.3170364089930063e-03 1.8659868684052946e-09 5.1668718204345362e-12
3.5328280627409587e-03 1.8616227551556806e-09 5.1667321138500631e-12
3.7626581628867344e-03 1.8572621488707745e-09 5.1665920349779264e-12
4.0074399883910381e-03 1.8529049360827327e-09 5.1664512857597691e-12
4.2681462320867747e-03 1.8485512746900593e-09 5.1663102794344759e-12
4.5458128658816405e-03 1.8442011791434280e-09 5.1661690496921663e-12
4.8415432574136158e-03 1.8398548088773901e-09 5.1660280459803768e-12
5.1565125545178000e-03 1.8355117349977740e-09 5.1658860267571175e-12
5.4919723549271904e-03 1.8311721379788359e-09 5.1657435404319374e-12
5.8492556797633917e-03 1.8268363092270683e-09 5.1656013558834010e-12
6.2297822705806253e-03 1.8225036555721026e-09 5.1654577909211387e-12
6.6350642310117926e-03 1.8181745826695150e-09 5.1653139980034358e-12
7.0667120354350752e-03 1.8138492976820268e-09 5.1651705586356806e-12
7.5264409285375894e-03 1.8095275959424724e-09 5.1650268784255602e-12
8.0160777412062924e-03 1.8052093936456947e-09 5.1648826840766892e-12
8.5375681498304750e-03 1.8008946767149239e-09 5.1647379912260756e-12
9.0929844078621539e-03 1.7965833651431775e-09 5.1645924869521190e-12
9.6845335803575523e-03 1.7922757886605262e-09 5.1644471550861129e-12
1.0314566314221134e-02 1.7879718858798679e-09 5.1643017881376871e-12
1.0985586179002907e-02 1.7836716952320332e-09 5.1641564916294218e-12
1.1700259615366349e-02 1.7793743670850474e-09 5.1640088287906889e-12
1.2461426530759580e-02 1.7750812435150436e-09 5.1638626319381503e-12
1.3272111584393819e-02 1.7707914081561448e-09 5.1637152406484564e-12
1.4135536206372302e-02 1.7665048497758700e-09 5.1635666369698047e-12
1.5055131398730520e-02 1.7622222761791981e-09 5.1634188489791436e-12
1.6034551369255051e-02 1.7579430566753717e-09 5.1632700315692783e-12
1.7077688052258323e-02 1.7536675956694852e-09 5.1631213614691075e-12
1.8188686574010206e-02 1.7493956939353655e-09 5.1629722597599596e-12
1.9371961724282190e-02 1.7451273342170483e-09 5.1628226425851594e-12
2.0632215499456749e-02 1.7408628387528564e-09 5.1626734651926892e-12
2.1974455786913667e-02 1.7366014238988076e-09 5.1625224046592542e-12
2.3404016264939567e-02 1.7323438850102948e-09 5.1623717900447179e-12
2.4926577597236915e-02 1.7280900783779699e-09 5.1622211800455094e-12
2.6548190006253965e-02 1.7238396159165539e-09 5.1620694220363820e-12
2.8275297315034909e-02 1.7195928925823858e-09 5.1619176909251414e-12
3.0114762553126385e-02 1.7153494098539525e-09 5.1617644773631053e-12
3.2073895228290114e-02 1.7111097315287385e-09 5.1616114557802285e-12
3.4160480372392422e-02 1.7068743395647676e-09 5.1614600612129689e-12
3.6382809476889925e-02 1.7026420371609038e-09 5.1613066986985546e-12
3.8749713440840709e-02 1.6984132385919509e-09 5.1611526091550294e-12
4.1270597662366869e-02 1.6941882324635181e-09 5.1609986347260352e-12
4.3955479413011277e-02 1.6899668179417875e-09 5.1608441615258822e-12
4.6815027643504571e-02 1.6857490928465956e-09 5.1606894795908609e-12
4.9860605379117871e-02 1.6815346827825829e-09 5.1605334519796920e-12
5.3104314873069519e-02 1.6773240353240882e-09 5.1603773987459065e-12
5.6559045697411166e-02 1.6731173822932454e-09 5.1602220471153009e-12
6.0238525962493746e-02 1.6689140088323922e-09 5.1600651769656674e-12
6.4157376868544475e-02 1.6647141857743894e-09 5.1599076211225317e-12
6.8331170806126426e-02 1.6605182453856842e-09 5.1597503994337984e-12
7.2776493236356918e-02 1.6563263240604042e-09 5.1595938991810206e-12
7.7511008596776954e-02 1.6521374756460418e-09 5.1594352079586045e-12
8.2553530494764812e-02 1.6479522776243941e-09 5.1592760810224358e-12
8.7924096467420346e-02 1.6437707056533988e-09 5.1591164566009969e-12
9.3644047604995811e-02 1.6395929319524169e-09 5.1589568378748088e-12
9.9736113354273709e-02 1.6354191793358126e-09 5.1587979058070662e-12
1.0622450183887445e-01 1.6312485913037740e-09 5.1586369973758864e-12
1.1313499605540370e-01 1.6270818786325354e-09 5.1584763083352679e-12
1.2049505632769199e-01 1.6229187037803079e-09 5.1583147617857635e-12
1.2833392942625380e-01 1.6187591379500341e-09 5.1581525978489496e-12
1.3668276478657204e-01 1.6146036080531551e-09 5.1579911095020581e-12
1.4557473828802991e-01 1.6104516397737876e-09 5.1578288355564097e-12
1.5504518408534815e-01 1.6063030640067253e-09 5.1576651793993603e-12
1.6513173501639128e-01 1.6021585829673575e-09 5.1575023898534899e-12
1.7587447214428240e-01 1.5980177408411971e-09 5.1573390108053369e-12
1.8731608402806146e-01 1.5938802242397637e-09 5.1571739891558813e-12
1.9950203635478825e-01 1.5897467196574787e-09 5.1570095511782596e-12
2.1248075260715302e-01 1.5856165996922565e-09 5.1568436545935805e-12
2.2630380648452267e-01 1.5814905881168938e-09 5.1566786331291556e-12
2.4102612684204211e-01 1.5773680402807607e-09 5.1565123583903397e-12
2.5670621596216658e-01 1.5732493174093663e-09 5.1563460198048555e-12
2.7340638202596690e-01 1.5691344321181503e-09 5.1561796293102844e-12
2.9119298670798721e-01 1.5650229099911167e-09 5.1560116563572503e-12
3.1013670887852507e-01 1.5609153584360085e-09 5.1558440306089129e-12
3.3031282546120688e-01 1.5568114539129102e-09 5.1556756969122895e-12
3.5180151056191444e-01 1.5527111306010699e-09 5.1555064330046919e-12
3.7468815405770556e-01 1.5486148539176175e-09 5.1553377612468630e-12
3.9906370091171967e-01 1.5445220844332918e-09 5.1551678850210586e-12
4.2502501256239922e-01 1.5404330477590171e-09 5.1549975378958620e-12
4.5267525182309110e-01 1.5363477546821540e-09 5.1548267303123905e-12
4.8212429282150721e-01 1.5322663320316382e-09 5.1546558900663442e-12
5.1348915760802338e-01 1.5281885040527462e-09 5.1544840686215998e-12
5.4689448116777151e-01 1.5241146822665706e-09 5.1543126523413068e-12
5.8247300668436286e-01 1.5200442955472584e-09 5.1541396992840444e-12
6.2036611302325795e-01 1.5159776421925506e-09 5.1539661785038627e-12
6.6072437653086913e-01 1.5119149408606557e-09 5.1537928372303105e-12
7.0370816938180836e-01 1.5078561923336239e-09 5.1536196560431847e-12
7.4948829685196250e-01 1.5038008953385424e-09 5.1534449501288224e-12
7.9824667604971244e-01 1.4997493526500972e-09 5.1532696917286932e-12
8.5017705880238903e-01 1.4957015328581217e-09 5.1530937897880437e-12
9.0548580157052472e-01 1.4916575569039652e-09 5.1529176361011116e-12
9.6439268544929091e-01 1.4876174871920118e-09 5.1527414150251733e-12
1.0271317895155960e+00 1.4835812684515446e-09 5.1525649386861948e-12
1.0939524209912537e+00 1.4795485427940790e-09 5.1523869788367717e-12
1.1651201059184566e+00 1.4755197513042432e-09 5.1522089943495496e-12
1.2409176442841765e+00 1.4714947922152419e-09 5.1520306630586605e-12
1.3216462337862691e+00 1.4674735970554428e-09 5.1518517233084963e-12
1.4076266667068316e+00 1.4634562517934002e-09 5.1516724576420137e-12
1.4992006046488016e+00 1.4594426053899838e-09 5.1514923166162240e-12
1.5967319362012682e+00 1.4554325341067314e-09 5.1513108628398734e-12
1.7006082229284432e+00 1.4514265961574697e-09 5.1511300167570233e-12
1.8112422394282792e+00 1.4474244631735386e-09 5.1509486500782344e-12
1.9290736135804354e+00 1.4434261557672110e-09 5.1507667950334635e-12
2.0545705735014836e+00 1.4394316471390081e-09 5.1505843448071428e-12
2.1882318081492977e+00 1.4354410667390811e-09 5.1504017622671028e-12
2.3305884489700581e+00 1.4314538195705933e-09 5.1502168780529173e-12
2.4822061804624327e+00 1.4274708829846972e-09 5.1500332089810354e-12
2.6436874880456616e+00 1.4234918886064976e-09 5.1498493673927842e-12
2.8156740521639985e+00 1.4195159897927354e-09 5.1496623413324641e-12
2.9988492981409141e+00 1.4155445390072396e-09 5.1494769910403721e-12
3.1939411119154753e+00 1.4115769896292488e-09 5.1492913050477632e-12
3.4017247324525317e+00 1.4076128340166584e-09 5.1491034371307393e-12
3.6230258323201934e+00 1.4036530600739371e-09 5.1489169360807989e-12
3.8587237986760359e+00 1.3996969029548524e-09 5.1487290387828714e-12
4.1097552276996492e+00 1.3957446155307449e-09 5.1485406502283347e-12
4.3771176463575188e+00 1.3917960701755031e-09 5.1483512478351079e-12
4.6618734762893244e+00 1.3878515127712400e-09 5.1481617623612691e-12
4.9651542555671160e+00 1.3839106842280902e-09 5.1479712073550402e-12
5.2881651351033350e+00 1.3799738600104543e-09 5.1477805641662600e-12
5.6321896675752674e+00 1.3760407475001747e-09 5.1475887668511663e-12
5.9985949078955523e+00 1.3721115263977942e-09 5.1473964432245620e-12
6.3888368454966464e+00 1.3681865033489519e-09 5.1472047352629131e-12
6.8044661900156855e+00 1.3642649994364035e-09 5.1470110748321636e-12
7.2471345333701835e+00 1.3603476213820010e-09 5.1468177172573863e-12
7.7186009127110840e+00 1.3564341426433556e-09 5.1466238155033962e-12
8.2207388003322812e+00 1.3525244167747879e-09 5.1464287887508005e-12
8.7555435483127777e+00 1.3486187270164248e-09 5.1462337069828577e-12
9.3251403174740304e+00 1.3447168026203522e-09 5.1460374943335526e-12
9.9317925221600465e+00 1.3408187242111653e-09 5.1458404602598056e-12
1.0577910824397515e+01 1.3369246641775041e-09 5.1456432442746041e-12
1.1266062713175858e+01 1.3330345243326198e-09 5.1454454495921425e-12
1.1998982706912811e+01 1.3291486325531554e-09 5.1452483102071050e-12
1.2779583219646952e+01 1.3252660997646159e-09 5.1450484196322805e-12
1.3610966134136682e+01 1.3213876421787666e-09 5.1448484962240160e-12
1.4496435127853408e+01 1.3175132536898403e-09 5.1446484868317235e-12
1.5439508800849060e+01 1.3136425655179765e-09 5.1444469751632012e-12
1.6443934657664627e+01 1.3097760470008581e-09 5.1442457173268961e-12
1.7513703998839244e+01 1.3059134645527374e-09 5.1440438690423724e-12
1.8653067781194903e+01 1.3020547627710755e-09 5.1438411338369800e-12
1.9866553509920625e+01 1.2982000164029867e-09 5.1436378003946250e-12
2.1158983229580940e+01 1.2943491539093361e-09 5.1434335629214700e-12
2.2535492685539104e+01 1.2905023883809360e-09 5.1432292439173274e-12
2.4001551731937624e+01 1.2866594731618126e-09 5.1430238518242477e-12
2.5562986067331043e+01 1.2828205394247919e-09 5.1428179032150880e-12
2.7226000384342949e+01 1.2789856340159707e-09 5.1426115582771946e-12
2.8997203025336404e+01 1.2751545851188439e-09 5.1424040844852659e-12
3.0883632242072675e+01 1.2713276916190351e-09 5.1421967056885689e-12
3.2892784163707304e+01 1.2675045775279463e-09 5.1419878678417462e-12
3.5032642584259150e+01 1.2636856695162718e-09 5.1417792649899852e-12
3.7311710687920204e+01 1.2598708257327802e-09 5.1415703237972807e-12
3.9739044838272690e+01 1.2560595111067805e-09 5.1413588492744095e-12
4.2324290565683349e+01 1.2522522411636998e-09 5.1411468929125703e-12
4.5077720895876958e+01 1.2484493034286967e-09 5.1409356434532791e-12
4.8010277171996584e+01 1.2446500906122318e-09 5.1407225768436036e-12
5.1133612532366570e+01 1.2408552434460227e-09 5.1405103241744302e-12
5.4460138216724680e+01 1.2370640747398036e-09 5.1402959999170775e-12
5.8003072884932614e+01 1.2332769915343271e-09 5.1400813002915428e-12
6.1776495144142075e+01 1.2294939946178924e-09 5.1398661923400052e-12
6.5795399493146064e+01 1.2257150790591126e-09 5.1396506247572021e-12
7.0075755906220138e+01 1.2219397753446663e-09 5.1394326378112141e-12
7.4634573293223596e+01 1.2181691819145844e-09 5.1392167911335970e-12
7.9489967088134208e+01 1.2144023394029981e-09 5.1389990496850139e-12
8.4661231234591355e+01 1.2106394900603917e-09 5.1387804202268640e-12
9.0168914854499761e+01 1.2068804978276649e-09 5.1385602999738400e-12
9.6034903904350884e+01 1.2031256556424114e-09 5.1383398898035878e-12
1.0228250814374377e+02 1.1993748983828717e-09 5.1381189090686275e-12
1.0893655376168977e+02 1.1956285835328694e-09 5.1378988505352173e-12
1.1602348202877317e+02 1.1918856958447452e-09 5.1376753834289027e-12
1.2357145436718508e+02 1.1881472137412521e-09 5.1374526295441062e-12
1.3161046425614475e+02 1.1844127414276290e-09 5.1372289091177834e-12
1.4017245641739197e+02 1.1806824245658971e-09 5.1370048006157503e-12
1.4929145375435641e+02 1.1769558723064724e-09 5.1367786304714010e-12
1.5900369254942837e+02 1.1732336298660531e-09 5.1365526644639645e-12
1.6934776645656075e+02 1.1695155038911826e-09 5.1363261120819034e-12
1.8036477986139002e+02 1.1658014464327914e-09 5.1360987045307263e-12
1.9209851121828817e+02 1.1620915187214853e-09 5.1358707132052038e-12
2.0459558701339461e+02 1.1583854456976111e-09 5.1356409020451542e-12
2.1790566704491209e+02 1.1546837408720737e-09 5.1354114947288565e-12
2.3208164175691309e+02 1.1509860008067891e-09 5.1351807044149048e-12
2.4717984241081157e+02 1.1472924183602701e-09 5.1349493310116838e-12
2.6326026492965252e+02 1.1436030061151943e-09 5.1347174403833665e-12
2.8038680830471941e+02 1.1399176316413333e-09 5.1344843937014210e-12
2.9862752851181318e+02 1.1362364481501087e-09 5.1342508713456655e-12
3.1805490894620226e+02 1.1325594123940883e-09 5.1340166465802290e-12
3.3874614845086370e+02 1.1288865059706978e-09 5.1337816168710333e-12
3.6078346808256214e+02 1.1252174691459402e-09 5.1335445991488152e-12
3.8425443783477283e+02 1.1215528734073138e-09 5.1333081079638156e-12
4.0925232461574029e+02 1.1178922516050086e-09 5.1330700514649426e-12
4.3587646286444777e+02 1.1142359088278700e-09 5.1328317631228972e-12
4.6423264927721016e+02 1.1105837190703180e-09 5.1325926460724721e-12
4.9443356321343458e+02 1.1069356329598616e-09 5.1323524789573955e-12
5.2659921445110433e+02 1.1032915898047867e-09 5.1321109214751497e-12
5.6085742007124475e+02 1.0996519518852216e-09 5.1318696179327500e-12
5.9734431236638363e+02 1.0960162263627550e-09 5.1316262865108720e-12
6.3620487979126926e+02 1.0923848444136769e-09 5.1313828982367922e-12
6.7759354310544597e+02 1.0887575947454796e-09 5.1311384277000522e-12
7.2167476899709845e+02 1.0851346323895499e-09 5.1308935780043384e-12
7.6862372362655037e+02 1.0815156891795262e-09 5.1306470658954020e-12
8.1862696868638920e+02 1.0779009570019311e-09 5.1303997783391212e-12
8.7188320274416822e+02 1.0742906764183354e-09 5.1301528263640793e-12
9.2860405081358681e+02 1.0706842986984253e-09 5.1299035792337319e-12
9.8901490529164835e+02 1.0670823264127570e-09 5.1296543772990210e-12
1.0533558216034635e+03 1.0634843656990249e-09 5.1294033420500219e-12
1.1218824721137144e+03 1.0598907170709951e-09 5.1291518948717097e-12
1.1948671620953810e+03 1.0563014280247460e-09 5.1289002099728734e-12
1.2725999117928607e+03 1.0527163031700029e-09 5.1286473178710453e-12
1.3553896088793190e+03 1.0491351931285218e-09 5.1283924635269956e-12
1.4435652358877805e+03 1.0455587336001247e-09 5.1281387375832703e-12
1.5374771774934625e+03 1.0419859953927603e-09 5.1278815528772212e-12
1.6374986128420649e+03 1.0384178799324019e-09 5.1276252936623967e-12
1.7440269984567512e+03 1.0348538894237123e-09 5.1273675254368733e-12
1.8574856476165010e+03 1.0312941727099941e-09 5.1271088797296363e-12
1.9783254124817679e+03 1.0277387212144793e-09 5.1268493430531964e-12
2.1070264756517827e+03 1.0241875895001744e-09 5.1265891542374934e-12
2.2441002582725901e+03 1.0206405858119662e-09 5.1263273313450089e-12
2.3900914522781613e+03 1.0170979306838658e-09 5.1260648838386632e-12
2.5455801848400492e+03 1.0135596519395171e-09 5.1258019760230344e-12
2.7111843236265167e+03 1.0100254721587995e-09 5.1255371939071459e-12
2.8875619320316323e+03 1.0064955792182049e-09 5.1252714151306440e-12
3.0754138841306126e+03 1.0029700640129408e-09 5.1250051123845156e-12
3.2754866497525741e+03 9.9944873761522637e-10 5.1247372524836416e-12
3.4885752607377080e+03 9.9593189277294085e-10 5.1244692841309074e-12
3.7155264701660394e+03 9.9241929131514595e-10 5.1242000211394806e-12
3.9572421171115129e+03 9.8891088671613317e-10 5.1239291646933981e-12
4.2146827102920288e+03 9.8540689115913606e-10 5.1236577730486065e-12
4.4888712448559018e+03 9.8190715799465005e-10 5.1233850386192590e-12
4.7808972674714241e+03 9.7841190685628040e-10 5.1231120956917453e-12
5.0919212058730745e+03 9.7492089853511882e-10 5.1228376664685414e-12
5.4231789800689303e+03 9.7143415860531036e-10 5.1225618372499792e-12
5.7759869135324952e+03 9.6795182043467141e-10 5.1222852725075199e-12
6.1517469638950524e+03 9.6447403454239041e-10 5.1220087289365473e-12
6.5519522939236376e+03 9.6100031853366651e-10 5.1217296566634358e-12
6.9781932049218740e+03 9.5753107171718488e-10 5.1214501179164827e-12
7.4321634561317142e+03 9.5406609386180327e-10 5.1211689866664143e-12
7.9156669952474249e+03 9.5060556359605559e-10 5.1208872045985547e-12
8.4306251267865955e+03 9.4714956733885919e-10 5.1206052115367045e-12
8.9790841468039998e+03 9.4369771912029563e-10 5.1203209156204248e-12
9.5632234742855198e+03 9.4025027475586201e-10 5.1200356195979536e-12
1.0185364311534786e+04 9.3680742114583279e-10 5.1197503240122475e-12
1.0847978867966125e+04 9.3336870131232148e-10 5.1194624889867040e-12
1.1553700183956125e+04 9.2993454823204456e-10 5.1191744529472688e-12
1.2305332593791711e+04 9.2650472357602358e-10 5.1188849095705169e-12
1.3105862869291179e+04 9.2307923678778368e-10 5.1185938247779005e-12
1.3958472088379265e+04 9.1965838465053806e-10 5.1183027882914492e-12
1.4866548275779413e+04 9.1624163947078897e-10 5.1180088895056033e-12
1.5833699866053388e+04 9.1282947525634418e-10 5.1177146929150162e-12
1.6863770042485889e+04 9.0942181500669641e-10 5.1174197539168021e-12
1.7960852008793812e+04 9.0601846428258235e-10 5.1171229390683978e-12
1.9129305254345178e+04 9.0261969193067625e-10 5.1168256972833875e-12
2.0373772877520136e+04 8.9922524720165620e-10 5.1165266056883190e-12
2.1699200036054106e+04 8.9583533480425875e-10 5.1162267743595421e-12
2.3110853597677011e+04 8.9244989227680273e-10 5.1159258220971514e-12
2.4614343069136656e+04 8.8906887991977712e-10 5.1156234930775439e-12
2.6215642886771468e+04 8.8569229705678486e-10 5.1153197048795743e-12
2.7921116157207969e+04 8.8232025581648890e-10 5.1150150603163814e-12
2.9737539942523432e+04 8.7895260443508835e-10 5.1147086726978761e-12
3.1672132190348999e+04 8.7558953997700385e-10 5.1144016468300664e-12
3.3732580415924596e+04 8.7223106829920086e-10 5.1140939721639147e-12
3.5927072250081954e+04 8.6887685459337926e-10 5.1137836312775186e-12
3.8264327974543863e+04 8.6552720478181319e-10 5.1134723859180047e-12
4.0753635173823946e+04 8.6218209610771296e-10 5.1131600692749602e-12
4.3404885641427383e+04 8.5884153585603993e-10 5.1128466771159467e-12
4.6228614687002744e+04 8.5550542644706394e-10 5.1125316027875017e-12
4.9236043000644066e+04 8.5217378246233010e-10 5.1122148592530480e-12
5.2439121240698696e+04 8.4884701965532219e-10 5.1118988983457412e-12
5.5850577522257954e+04 8.4552437740194053e-10 5.1115791761529050e-12
5.9483967995039784e+04 8.4220653710900430e-10 5.1112596412392623e-12
6.3353730711644079e+04 8.3889318575549953e-10 5.1109384557730053e-12
6.7475243000235059e+04 8.3558417952943911e-10 5.1106146236019170e-12
7.1864882569637688e+04 8.3228014941726428e-10 5.1102919708016993e-12
7.6540092589660562e+04 8.2898018062190131e-10 5.1099649020065517e-12
8.1519451005252602e+04 8.2568485070611940e-10 5.1096368479871919e-12
8.6822744359933669e+04 8.2239461077660426e-10 5.1093105942319437e-12
9.2471046421849809e+04 8.1910837051860363e-10 5.1089793170825361e-12
9.8486801924886779e+04 8.1582690820692674e-10 5.1086478394462655e-12
1.0489391575761394e+05 8.1255003528563364e-10 5.1083149279728157e-12
1.1171784795445888e+05 8.0927791117638258e-10 5.1079815080077064e-12
1.1898571486658978e+05 8.0601035691965606e-10 5.1076464730531964e-12
1.2672639691452635e+05 8.0274739748976528e-10 5.1073098886334417e-12
1.3497065335065254e+05 7.9948904200451542e-10 5.1069717818255461e-12
1.4375124448767281e+05 7.9623526239132995e-10 5.1066319189295355e-12
1.5310306187870918e+05 7.9298616560699356e-10 5.1062908943305656e-12
1.6306326696633201e+05 7.8974170475959531e-10 5.1059484291135259e-12
1.7367143875148564e+05 7.8650183892415189e-10 5.1056041609474579e-12
1.8496973106909913e+05 7.8326648771975133e-10 5.1052575492585285e-12
1.9700304009534314e+05 7.8003605814720823e-10 5.1049111888943460e-12
2.0981918275217095e+05 7.7681016438585080e-10 5.1045624874584007e-12
2.2346908671806709e+05 7.7358909711010271e-10 5.1042133478351815e-12
2.3800699280004267e+05 7.7037235351551504e-10 5.1038604020071823e-12
2.5349067047106681e+05 7.6716051687147492e-10 5.1035074447696078e-12
2.6998164742939209e+05 7.6395340804460751e-10 5.1031532546214750e-12
2.8754545409199933e+05 7.6075057653253568e-10 5.1027947721284092e-12
3.0625188399370090e+05 7.5755288535607650e-10 5.1024377280945785e-12
3.2617527112664183e+05 7.5435974995100908e-10 5.1020781195558871e-12
3.4739478532228770e+05 7.5117121679746382e-10 5.1017162908650900e-12
3.6999474684965325e+05 7.4798755201694226e-10 5.1013539482393632e-12
3.9406496147988143e+05 7.4480838336003407e-10 5.1009885436907760e-12
4.1970107734864810e+05 7.4163409988228715e-10 5.1006226505359989e-12
4.4700496503445093e+05 7.3846448178992005e-10 5.1002547822273094e-12
4.7608512236308528e+05 7.3529952709428461e-10 5.0998848984430097e-12
5.0705710554692883e+05 7.3213932228362873e-10 5.0995135057115141e-12
5.4004398837220389e+05 7.2898391508783921e-10 5.0991409271508664e-12
5.7517685125894286e+05 7.2583308726492625e-10 5.0987656771883689e-12
6.1259530213702330e+05 7.2268714726808841e-10 5.0983898341658461e-12
6.5244803120806441e+05 7.1954585783860118e-10 5.0980117054002928e-12
6.9489340179768624e+05 7.1640933183045715e-10 5.0976321095181059e-12
7.4010007964599738e+05 7.1327740113565998e-10 5.0972498433465043e-12
7.8824770313689788e+05 7.1015020525236418e-10 5.0968659078244621e-12
8.3952759712954971e+05 7.0702788735594581e-10 5.0964812717641276e-12
8.9414353322855418e+05 7.0391017950294425e-10 5.0960941557186238e-12
9.5231253951389843e+05 7.0079715347364895e-10 5.0957049835121678e-12
1.0142657629483656e+06 6.9768878461680678e-10 5.0953136795106786e-12
1.0802493878893428e+06 6.9458531808152881e-10 5.0949220652068066e-12
1.1505256143548854e+06 6.9148622066148483e-10 5.0945263777403250e-12
1.2253736999314907e+06 6.8839202608014978e-10 5.0941304814408613e-12
1.3050910694636940e+06 6.8530250722504584e-10 5.0937329372158251e-12
1.3899944969351871e+06 6.8221734703870605e-10 5.0933315710650850e-12
1.4804213642378773e+06 6.7913701338395537e-10 5.0929298681635608e-12
1.5767310018308153e+06 6.7606127794901059e-10 5.0925263368846400e-12
1.6793061166164901e+06 6.7298997050528249e-10 5.0921200301599199e-12
1.7885543127084174e+06 6.6992313750958751e-10 5.0917115464875298e-12
1.9049097111330484e+06 6.6686086593817733e-10 5.0913016959005750e-12
2.0288346749023504e+06 6.6380288935907427e-10 5.0908890536995198e-12
2.1608216463119546e+06 6.6074930041186502e-10 5.0904743606783099e-12
2.3013951037656707e+06 6.5769998154654746e-10 5.0900574910384331e-12
2.4511136459024479e+06 6.5465506336340975e-10 5.0896399455197500e-12
2.6105722113072346e+06 6.5161425273573671e-10 5.0892201362815869e-12
2.7804044426264651e+06 6.4857746024777027e-10 5.0887979258589934e-12
2.9612852044823999e+06 6.4554459970230922e-10 5.0883736221524721e-12
3.1539332651916901e+06 6.4251552296752975e-10 5.0879468556512924e-12
3.3591141529447362e+06 6.3949006148447848e-10 5.0875175601479942e-12
3.5776431977953971e+06 6.3646831940176524e-10 5.0870877077368143e-12
3.8103887715489180e+06 6.3344966079318685e-10 5.0866535342676920e-12
4.0582757384226848e+06 6.3043443295896200e-10 5.0862193114308425e-12
4.3222891301916642e+06 6.2742190898600005e-10 5.0857816636959993e-12
4.6034780604223181e+06 6.2441204930976912e-10 5.0853422194961517e-12
4.9029598933493420e+06 6.2140453162028124e-10 5.0848996853294047e-12
5.2219246839610171e+06 6.1839904618728267e-10 5.0844558451474083e-12
5.5616399069365878e+06 6.1539523015451653e-10 5.0840094170871502e-12
5.9234554932276113e+06 6.1239262866235612e-10 5.0835604620875746e-12
6.3088091942965873e+06 6.0939072920207516e-10 5.0831091269368846e-12
6.7192322953293473e+06 6.0638902556054392e-10 5.0826558073605149e-12
7.1563557001236808e+06 6.0338678828916187e-10 5.0821995242733913e-12
7.6219164118335405e+06 6.0038364489599429e-10 5.0817424434389895e-12
8.1177644353219094e+06 5.9737815232172619e-10 5.0812805599750181e-12
8.6458701285501178e+06 5.9437009902098844e-10 5.0808167896864382e-12
9.2083320322155878e+06 5.9135856485367788e-10 5.0803523041113655e-12
9.8073852087513227e+06 5.8834141119433065e-10 5.0798833995868151e-12
1.0445410123823684e+07 5.8531834375000485e-10 5.0794117413649185e-12
1.1124942105620557e+07 5.8228729722723768e-10 5.0789392641243474e-12
1.1848681419519415e+07 5.7924745732941348e-10 5.0784630478667399e-12
1.2619503998167861e+07 5.7619690520957665e-10 5.0779856045268426e-12
1.3440472869616009e+07 5.7313243256718567e-10 5.0775040100739447e-12
1.4314850328912415e+07 5.7005162010092264e-10 5.0770211372571934e-12
1.5246110901529480e+07 5.6695341876814415e-10 5.0765350494417921e-12
1.6237955150132211e+07 5.6383399020561538e-10 5.0760466997960484e-12
1.7294324379554063e+07 5.6068993125899831e-10 5.0755550585431058e-12
1.8419416298412599e+07 5.5751733802854063e-10 5.0750607121348797e-12
1.9617701699600857e+07 5.5431196956260107e-10 5.0745650772783699e-12
2.0893942225937471e+07 5.5107002488194008e-10 5.0740643614647810e-12
2.2253209291570336e+07 5.4778458518911065e-10 5.0735623236091125e-12
2.3700904234323420e+07 5.4444939824076213e-10 5.0730561339873383e-12
2.5242779779065855e+07 5.4106043943560576e-10 5.0725491413461097e-12
2.6884962897391468e+07 5.3760689468799367e-10 5.0720371074479033e-12
2.8633979154449012e+07 5.3408020093836345e-10 5.0715239403959412e-12
3.0496778639667470e+07 5.3047257418822338e-10 5.0710071273658809e-12
3.2480763584420186e+07 5.2677038665868292e-10 5.0704873660402068e-12
3.4593817776371688e+07 5.2296221863381060e-10 5.0699645411693103e-12
3.6844337887389988e+07 5.1903970513850522e-10 5.0694395240857517e-12
3.9241266839514911e+07 5.1497862436431427e-10 5.0689103342900310e-12
4.1794129341568202e+07 5.1076512532683393e-10 5.0683787044206829e-12
4.4513069737616174e+07 5.0637787667388838e-10 5.0678436441937560e-12
4.7408892317686588e+07 5.0179941759054392e-10 5.0673047442288852e-12
5.0493104250921942e+07 4.9701055907128848e-10 5.0667642860985930e-12
5.3777961311771095e+07 4.9195593086570644e-10 5.0662195991645471e-12
5.7276516580925621e+07 4.8663411450478778e-10 5.0656714581322790e-12
6.1002672314522885e+07 4.8099923947711186e-10 5.0651216802315513e-12
6.4971235187726617e+07 4.7501874621939965e-10 5.0645673263928774e-12
6.9197975132213160e+07 4.6863594573974098e-10 5.0640099269473458e-12
7.3699688001359329e+07 4.6182477336224632e-10 5.0634494334826433e-12
7.8494262312151641e+07 4.5454081048094411e-10 5.0628862377321396e-12
8.3600750329027906e+07 4.4667344884767623e-10 5.0623189058706655e-12
8.9039443772114843e+07 4.3822489478228141e-10 5.0617485844131137e-12
9.4831954450710177e+07 4.2907948790449139e-10 5.0611741723067887e-12
1.0100130014242120e+08 4.1922130531941982e-10 5.0605958478350039e-12
1.0757199605921501e+08 4.0851285511226058e-10 5.0600138748241488e-12
1.1457015226384713e+08 3.9687599244344495e-10 5.0594295643171637e-12
1.2202357742377061e+08 3.8421499577442611e-10 5.0588405044625725e-12
1.2996188931480870e+08 3.7048412460705655e-10 5.0582488138333375e-12
1.3841663251371294e+08 3.5553693003321809e-10 5.0576524681279113e-12
1.4742140374726868e+08 3.3937263708642029e-10 5.0570538998836038e-12
1.5701198539606154e+08 3.2174070272403008e-10 5.0564503884124801e-12
1.6722648768340665e+08 3.0270442159368106e-10 5.0558430627396745e-12
1.7810550011445186e+08 2.8212110564626894e-10 5.0552320937839538e-12
1.8969225276724216e+08 2.5998973994803406e-10 5.0546172739443222e-12
2.0203278807666478e+08 2.3627175912918596e-10 5.0539985172408165e-12
2.1517614379388738e+08 2.1116867456151127e-10 5.0533757727090813e-12
2.2917454784833193e+08 1.8450720762663195e-10 5.0527482197275124e-12
2.4408362588650304e+08 1.5694899400907465e-10 5.0521177174937035e-12
2.5996262231236258e+08 1.2843347987338127e-10 5.0514824005198596e-12
2.7687463570761698e+08 9.9860907751958596e-11 5.0508440632017951e-12
2.9488686956740379e+08 7.2137816664524116e-11 5.0501993499897096e-12
3.1407089934771663e+08 4.6252987289974969e-11 5.0495520666404719e-12
3.3450295688576651e+08 2.3873822394266740e-11 5.0489005334452159e-12
3.5626423332345092e+08 7.4836999289319793e-12 5.0482460174446326e-12
3.7944120173768944e+08 1.0162388958785669e-13 5.0475852714607793e-12
4.0412596075965786e+08 5.8457351994932935e-12 5.0469200666310823e-12
4.3041660054834884e+08 3.0122792154579110e-11 5.0462520065958350e-12
4.5841759257276022e+08 8.0536639838685098e-11 5.0455772185826779e-12
4.8824020475158280e+08 1.6618406511285923e-10 5.0449006791640187e-12
5.2000294360001451e+08 2.9998014373852026e-10 5.0442168234666195e-12
5.5383202514069939e+08 4.9783615992346921e-10 5.0435300441919554e-12
5.8986187645004117e+08 7.8153019204128406e-10 5.0428365589124603e-12
6.2823566983287263e+08 1.1788256271189278e-09 5.0421406173933239e-12
6.6910589174817491e+08 1.7243363255075182e-09 5.0414387476163705e-12
7.1263494874657941e+08 2.4652560772993626e-09 5.0407325002869985e-12
7.5899581282744396e+08 3.4613652349364713e-09 5.0400206697552752e-12
8.0837270878003633e+08 4.7914315583971430e-09 5.0393045796097899e-12
8.6096184624003661e+08 6.5495626500293594e-09 5.0385839397215793e-12
9.1697219937041438e+08 8.8714305128075621e-09 5.0378564020108491e-12
9.7662633726488316e+08 1.1913807395810777e-08 5.0371257040525504e-12
1.0401613083736801e+09 1.5898365931837295e-08 5.0363879485720546e-12
1.1078295824661915e+09 2.1085842272281157e-08 5.0356450837017949e-12
1.1799000538734868e+09 2.7841832353390571e-08 5.0348994295606267e-12
1.2566591099973109e+09 3.6585745782413805e-08 5.0341466379204856e-12
1.3384117693315690e+09 4.7906037755527013e-08 5.0333877978695084e-12
1.4254828935184352e+09 6.2536168996357867e-08 5.0326254110243250e-12
1.5182184782553928e+09 8.1433740581977038e-08 5.0318570249793966e-12
1.6169870281830361e+09 1.0580162251509952e-07 5.0310822295716532e-12
1.7221810212168779e+09 1.3719232839420781e-07 5.0303028611911290e-12
1.8342184681421380e+09 1.7768681927379056e-07 5.0295170198434207e-12
1.9535445736688468e+09 2.2940089011408099e-07 5.0287260139288780e-12
2.0806335055477476e+09 2.9604450243643099e-07 5.0279297377153733e-12
2.2159902787770863e+09 3.8183101201726453e-07 5.0271271230476221e-12
2.3601527623875303e+09 4.9177065943378682e-07 5.0263209595184474e-12
2.5136938167795224e+09 6.3243961275476489e-07 5.0255057780328299e-12
2.6772235701063790e+09 8.1372536286096169e-07 5.0246866511350576e-12
2.8513918427487793e+09 1.0446949166117434e-06 5.0238614330638958e-12
3.0368907295146880e+09 1.3410361161451572e-06 5.0230299954043536e-12
3.2344573498258338e+09 1.7187876019812493e-06 5.0221925403910611e-12
3.4448767768191113e+09 2.2078749184276444e-06 5.0213506933408578e-12
3.6689851570021768e+09 2.8308482953855055e-06 5.0205025868016170e-12
3.9076730328601813e+09 3.6292369991379613e-06 5.0196488100799947e-12
4.1618888816163259e+09 4.6525873969796797e-06 5.0187882125124009e-12
4.4326428842085991e+09 5.9584665374311091e-06 5.0179224148674756e-12
4.7210109394594212e+09 7.6334161430336605e-06 5.0170506849699291e-12
5.0281389393891582e+09 9.7681940138777922e-06 5.0161751667908768e-12
5.3552473226627092e+09 1.2517203739780491e-05 5.0152925937924271e-12
5.7036359242631140e+09 1.6011987176107494e-05 5.0144057411714369e-12
6.0746891406631823e+09 2.0483931492089395e-05 5.0135137318410065e-12
6.4698814310204439e+09 2.6223185712299491e-05 5.0126172750496504e-12
6.8907831762554140e+09 3.3546078536557439e-05 5.0117181522853576e-12
7.3390669192952042e+09 4.2912588022944808e-05 5.0108133127368770e-12
7.8165140112800684e+09 5.4904563119804714e-05 5.0099060835979154e-12
8.3250216901421947e+09 7.0238073787330535e-05 5.0089949396729106e-12
8.8666106196856747e+09 8.9830422916565604e-05 5.0080801072314430e-12
9.4434329191255569e+09 1.1485682630838269e-04 5.0071660414833481e-12
1.0057780714992723e+10 1.4686789490617178e-04 5.0062493138508288e-12
1.0712095249387999e+10 1.8791288972499505e-04 5.0053323031168054e-12
1.1408976580778875e+10 2.4022028275985123e-04 5.0044141473272301e-12
1.2151193915886566e+10 3.0696534917582907e-04 5.0034993220598974e-12
1.2941696613720119e+10 3.9235667210740945e-04 5.0025884342326494e-12
1.3783625905484150e+10 5.0157541749452580e-04 5.0016826477715044e-12
1.4680327376931238e+10 6.4045838902165842e-04 5.0007796857866014e-12
1.5635364262761168e+10 8.1829330263182313e-04 4.9998876266612116e-12
1.6652531605894794e+10 1.0455228438987099e-03 4.9990053634463321e-12
1.7735871337886707e+10 1.3339904381600139e-03 4.9981363250385995e-12
1.8889688340403553e+10 1.7028402653527421e-03 4.9972837521157346e-12
2.0118567551589733e+10 2.1731052327005787e-03 4.9964498105723203e-12
2.1427392185297993e+10 2.7714612427727687e-03 4.9956388894257610e-12
2.2821363135582256e+10 3.5308432913817478e-03 4.9948547499883869e-12
2.4306019643559799e+10 4.4996675682708008e-03 4.9941068141098742e-12
2.5887261308768421e+10 5.7293219898291023e-03 4.9933950485090656e-12
2.7571371532484810e+10 7.2880868840563837e-03 4.9927297672576793e-12
2.9365042486160118e+10 9.2692858659444086e-03 4.9921181815744801e-12
3.1275401704191971e+10 1.1773403119506686e-02 4.9915682455461495e-12
3.3310040406704163e+10 1.4935451029711978e-02 4.9910931044431236e-12
3.5477043664879311e+10 1.8899856442763239e-02 4.9907012977059766e-12
3.7785022528716049e+10 2.3940290971507770e-02 4.9904064415900207e-12
4.0243148244873238e+10 3.0228143351653393e-02 4.9902255164921272e-12
4.2861188700576622e+10 3.8115833027875717e-02 4.9901734324334015e-12
4.5649547238404221e+10 4.7975788536844262e-02 4.9902715602515373e-12
4.8619303996187660e+10 6.0229810699219080e-02 4.9905423870736607e-12
5.1782259936305397e+10 7.5370244392375385e-02 4.9910054444815517e-12
5.5150983739326347e+10 9.4172247714593593e-02 4.9916916665746762e-12
5.8738861748343689e+10 1.1716477561763204e-01 4.9926259256115700e-12
6.2560151162467064e+10 1.4528091885255770e-01 4.9938356571002352e-12
6.6630036690847267e+10 1.7948154215383735e-01 4.9953492252847659e-12
7.0964690892357788e+10 2.2086218889983195e-01 4.9971922980804500e-12
7.5581338440710251e+10 2.7014342323969187e-01 4.9993880088669143e-12
8.0498324570372955e+10 3.2871205687765648e-01 5.0019499775949780e-12
8.5735187975273849e+10 3.9776647833775713e-01 5.0048922386214414e-12
9.1312738449973877e+10 4.7817663436768193e-01 5.0082096455743062e-12
9.7253139581825302e+10 5.7103212047806540e-01 5.0118888879768253e-12
1.0357999682271780e+11 6.7706430854652289e-01 5.0158941354493671e-12
1.1031845129038158e+11 7.9576968775065371e-01 5.0201759058772457e-12
1.1749527967198256e+11 9.2783716410367068e-01 5.0246561716191193e-12
1.2513900062700554e+11 1.0715479044824205e+00 5.0292342731597558e-12
1.3327998811223665e+11 1.2257097566391730e+00 5.0337881302632511e-12
1.4195059207916107e+11 1.3878982249128149e+00 5.0381822531145518e-12
1.5118526702340170e+11 1.5545250444445686e+00 5.0422666002699987e-12
1.6102070889701395e+11 1.7232495907595982e+00 5.0458976301399646e-12
1.7149600092768036e+11 1.8886188448968573e+00 5.0489498262792745e-12
1.8265276892426004e+11 2.0470654748724448e+00 5.0513317507253835e-12
1.9453534668582733e+11 2.1945133162097763e+00 5.0529990052124340e-12
2.0719095217148068e+11 2.3272912878478356e+00 5.0539689143725878e-12
2.2066987513098801e+11 2.4427922706173004e+00 5.0543182760651473e-12
2.3502567694183609e+11 2.5388611659703377e+00 5.0541807713522864e-12
2.5031540344679929e+11 2.6147757800036908e+00 5.0537224009431957e-12
2.6659981163777536e+11 2.6706958415748905e+00 5.0531266502323796e-12
2.8394361108665576e+11 2.7064633041892079e+00 5.0525497982004853e-12
3.0241572108262445e+11 2.7230082876938009e+00 5.0521082676462232e-12
3.2208954449766852e+11 2.7219711694992470e+00 5.0518543980798778e-12
3.4304325946855060e+11 2.7044881145205797e+00 5.0517852552472609e-12
3.6536013005432617e+11 2.6722547994361010e+00 5.0518568991940228e-12
3.8912883710385968e+11 2.6273278068784980e+00 5.0520035306516916e-12
4.1444383064809619e+11 2.5715334801634540e+00 5.0521652683304395e-12
4.4140570521743225e+11 2.5074291239485667e+00 5.0523225156539903e-12
4.7012159957554181e+11 2.4370922129239307e+00 5.0524461460645038e-12
5.0070562245813818e+11 2.3619545725146698e+00 5.0525562889828658e-12
5.3327930600836957e+11 2.2832567054437294e+00 5.0526614093767946e-12
5.6797208871075659e+11 2.2012087693119784e+00 5.0527642990547701e-12
6.0492182974262891e+11 2.1159491925906124e+00 5.0528769933600504e-12
6.4427535678697668e+11 2.0287258722136121e+00 5.0529855583675395e-12
6.8618904948361902e+11 1.9442331107892747e+00 5.0530913929311429e-12
7.3082946083706897e+11 1.8636424791928641e+00 5.0531911250837949e-12
7.7837397905042944e+11 1.7858201807604344e+00 5.0532986202239447e-12
8.2901153241531677e+11 1.7099222247991088e+00 5.0533957527474822e-12
8.8294334005873950e+11 1.6364740922936758e+00 5.0534908088510500e-12
9.4038371153022681e+11 1.5655977165132517e+00 5.0535798859588917e-12
1.0015608984066108e+12 1.4973920254987627e+00 5.0536683516519710e-12
1.0667180012983691e+12 1.4318290388064379e+00 5.0537512701517025e-12
1.1361139358617629e+12 1.3687689763208131e+00 5.0538319213724834e-12
1.2100244616555151e+12 1.3081560206969021e+00 5.0539083775896235e-12
1.2887432779302546e+12 1.2498901235834872e+00 5.0539695980042502e-12
1.3725831907051460e+12 1.1941944903843451e+00 5.0540244502184674e-12
1.4618773557694385e+12 1.1412681613766971e+00 5.0540703993390127e-12
1.5569806025480664e+12 1.0904604145197252e+00 5.0541009707090484e-12
1.6582708440921311e+12 1.0400446547283144e+00 5.0541107796827932e-12
1.7661505787970239e+12 9.9138843927498144e-01 5.0540950212644386e-12
1.8810484898157925e+12 9.4676314550624563e-01 5.0540448722809888e-12
2.0034211485231177e+12 9.0694118021749781e-01 5.0539433673807268e-12
2.1337548287990750e+12 8.6584784579604213e-01 5.0537718728498781e-12
2.2725674393422891e+12 8.2312142230934038e-01 5.0535109070946357e-12
2.4204105816906543e+12 7.9205729866608643e-01 5.0531334301937845e-12
2.5778717421277227e+12 7.6638864741462065e-01 5.0526216608516274e-12
2.7455766261849663e+12 7.2279548544453709e-01 5.0519411582501749e-12
2.9241916450162163e+12 6.9927973500127749e-01 5.0510933963563082e-12
3.1144265635245508e+12 7.1225849038095101e-01 5.0500763669421963e-12
3.3170373207647793e+12 6.8307144978837364e-01 5.0488915995279388e-12
3.5328290338285708e+12 6.0924831741096486e-01 5.0475948329056970e-12
3.7626591971489814e+12 5.7551479657457327e-01 5.0462243503094160e-12
4.0074410899377842e+12 5.5681331597615269e-01 5.0448340679489791e-12
4.2681474052952852e+12 5.0701602117002520e-01 5.0434722025699320e-12
4.5458141154138711e+12 4.7465217999577303e-01 5.0421836524177770e-12
4.8415445882348477e+12 4.7095302014976087e-01 5.0409959896812637e-12
5.1565139719163809e+12 4.5168419110721753e-01 5.0399263600446366e-12
5.4919738645354102e+12 4.1706859373689975e-01 5.0389746798881961e-12
5.8492572875800039e+12 3.9820819073894076e-01 5.0381571416609858e-12
6.2297839829946758e+12 3.9020480989012640e-01 5.0374628884394444e-12
6.6350660548278799e+12 3.7930230964030437e-01 5.0368569478948789e-12
7.0667139779005146e+12 3.5981531707564168e-01 5.0363583927234723e-12
7.5264429973711777e+12 3.4193778087543131e-01 5.0359455545037093e-12
8.0160799446290527e+12 3.2808178808596444e-01 5.0355956135315083e-12
8.5375704965981064e+12 3.1520112484853730e-01 5.0353137454991273e-12
9.0929869073000449e+12 3.0154103301514140e-01 5.0350818026838511e-12
9.6845362423978184e+12 2.8755980130476405e-01 5.0349020303112979e-12
1.0314569149441893e+13 2.7462442705592272e-01 5.0347304294174447e-12
1.0985589198670498e+13 2.6255017887111243e-01 5.0346194481815140e-12
1.1700262831480162e+13 2.5094684013522295e-01 5.0345154064466208e-12
1.2461429956099443e+13 2.3968547542467600e-01 5.0344248011132238e-12
1.3272115232571039e+13 2.2888703555501719e-01 5.0343632272038178e-12
1.4135540091883812e+13 2.1862538881525193e-01 5.0343063408628366e-12
1.5055135537016102e+13 2.0883878168455741e-01 5.0342607472141381e-12
1.6034555776759078e+13 1.9947682277789730e-01 5.0342237239246172e-12
1.7077692746495068e+13 1.9051775075085792e-01 5.0341846545318662e-12
1.8188691573633105e+13 1.8196213066897843e-01 5.0341712801759357e-12
1.9371967049158289e+13 1.7379398164829971e-01 5.0341509433837648e-12
2.0632221170745734e+13 1.6599241534560877e-01 5.0341343201204799e-12
2.1974461827151473e+13 1.5853892717205095e-01 5.0341222568683464e-12
2.3404022698128344e+13 1.5141841755804561e-01 5.0341116524310002e-12
2.4926584448940531e+13 1.4461725238401973e-01 5.0340929150569717e-12
2.6548197303698898e+13 1.3812214131042339e-01 5.0340964464946676e-12
2.8275305087219133e+13 1.3191795852922331e-01 5.0340931030635969e-12
3.0114770830934547e+13 1.2599170846800059e-01 5.0340865333306107e-12
3.2073904044615633e+13 1.2033102327947030e-01 5.0340747302822971e-12
3.4160489762268812e+13 1.1492477380573113e-01 5.0340797770854982e-12
3.6382819477629852e+13 1.0976043838717457e-01 5.0340628078570361e-12
3.8749724092184586e+13 1.0482849850148449e-01 5.0340776680054223e-12
4.1270609006639742e+13 1.0011734972566895e-01 5.0340736513400821e-12
4.3955491495292055e+13 9.5617586749739664e-02 5.0340717482051683e-12
4.6815040511805102e+13 9.1319773322497202e-02 5.0340732222799515e-12
4.9860619084572766e+13 8.7214694652875499e-02 5.0340706921342549e-12
5.3104329470140266e+13 8.3293827763790740e-02 5.0340696143654594e-12
5.6559061244102781e+13 7.9548905589872626e-02 5.0340694622959633e-12
6.0238542520583938e+13 7.5972004390664566e-02 5.0340685197809513e-12
6.4157394503830258e+13 7.2555623261617505e-02 5.0340679866413250e-12
6.8331189588685984e+13 6.9292559691403757e-02 5.0340679074346979e-12
7.2776513240826141e+13 6.6175938991713673e-02 5.0340677811155281e-12
7.7511029902647922e+13 6.3199194271670339e-02 5.0340678532700002e-12
8.2553553186701516e+13 6.0356043568726689e-02 5.0340667612431466e-12
8.7924120635593375e+13 5.7640527604565811e-02 5.0340674338377292e-12
9.3644073345442641e+13 5.5046915375612272e-02 5.0340685036553795e-12
9.9736140769280172e+13 5.2569706639468340e-02 5.0340675364041121e-12
1.0622453103737923e+14 5.0203721590161017e-02 5.0340684229093879e-12
1.1313502715343316e+14 4.7943927086131224e-02 5.0340661154599911e-12
1.2049508944882183e+14 4.5785572320315222e-02 5.0340602576602012e-12
1.2833396470209681e+14 4.3724239257316201e-02 5.0340674622041346e-12
1.3668280235730442e+14 4.1755386178974493e-02 5.0340651245807731e-12
1.4557477830294800e+14 3.9874984531624198e-02 5.0340674212850849e-12
1.5504522670345856e+14 3.8078934417265647e-02 5.0340565193584094e-12
1.6513178040704631e+14 3.6363646694037730e-02 5.0340589206350816e-12
1.7587452048785125e+14 3.4725411016034775e-02 5.0340626805223923e-12
1.8731613551664931e+14 3.3160710849514274e-02 5.0340585331584642e-12
1.9950209119299431e+14 3.1666375386203906e-02 5.0340666285512466e-12
2.1248081101288872e+14 3.0239106092749497e-02 5.0340639400442298e-12
2.2630386868987722e+14 2.8875958690482293e-02 5.0340590440754521e-12
2.4102619309420022e+14 2.7574108090683981e-02 5.0340637514043065e-12
2.5670628652439503e+14 2.6330729923935568e-02 5.0340639448694982e-12
2.7340645717866181e+14 2.5143229645475999e-02 5.0340637519020608e-12
2.9119306674978206e+14 2.4009071928326232e-02 5.0340568654268961e-12
3.1013679412748256e+14 2.2925908547927878e-02 5.0340544982469229e-12
3.3031291625608488e+14 2.1891466620926749e-02 5.0340595167271189e-12
3.5180160726350281e+14 2.0903515349838180e-02 5.0340625477853866e-12
3.7468825705026888e+14 1.9959970549955301e-02 5.0340622827612799e-12
3.9906381060452375e+14 1.9058822994848290e-02 5.0340537513157585e-12
4.2502512939132850e+14 1.8198232507451825e-02 5.0340555121317405e-12
4.5267537625239062e+14 1.7376355264430706e-02 5.0340615227786005e-12
4.8212442534562719e+14 1.6591425422817538e-02 5.0340616710055034e-12
5.1348929875357181e+14 1.5841801201622367e-02 5.0340615295567414e-12
5.4689463149562125e+14 1.5125899245004104e-02 5.0340615746420616e-12
5.8247316679187812e+14 1.4442204458567549e-02 5.0340610895370363e-12
6.2036628354665575e+14 1.3789272158968451e-02 5.0340604843935300e-12
6.6072455814775900e+14 1.3165724832220574e-02 5.0340611763441430e-12
7.0370836281389062e+14 1.2570235765325151e-02 5.0340601763085227e-12
7.4948850286787512e+14 1.2001553099469847e-02 5.0340598211509359e-12
7.9824689546810200e+14 1.1458468945487169e-02 5.0340605140963790e-12
8.5017729249516950e+14 1.0939819243454760e-02 5.0340523833805045e-12
9.0548605046631750e+14 1.0444550909394510e-02 5.0340592206214931e-12
9.6439295053713638e+14 9.9715589694632234e-03 5.0340511339078508e-12
1.0271320718488749e+15 9.5198978120434492e-03 5.0340593973429894e-12
1.0939527216918881e+15 9.0885643240033089e-03 5.0340578701656455e-12
1.1651204261813362e+15 8.6766508099420277e-03 5.0340481184410944e-12
1.2409179853819315e+15 8.2833272305809225e-03 5.0340584522125324e-12
1.3216465970743368e+15 7.9077155462671626e-03 5.0340599596449126e-12
1.4076270536288045e+15 7.5490249687432702e-03 5.0340574999761158e-12
1.4992010167421960e+15 7.2064938780192992e-03 5.0340472418182180e-12
1.5967323751036348e+15 6.8794318253461856e-03 5.0340575026598661e-12
1.7006086903838445e+15 6.5671044851476641e-03 5.0340574308486094e-12
1.8112427372942488e+15 6.2688592171455549e-03 5.0340555789032435e-12
1.9290741438353612e+15 5.9840677094627082e-03 5.0340544293810164e-12
2.0545711382524352e+15 5.7121264108182350e-03 5.0340551988533509e-12
2.1882324096404330e+15 5.4524528787812283e-03 5.0340537409490262e-12
2.3305890895915490e+15 5.2044992749357725e-03 5.0340537743629692e-12
2.4822068627599020e+15 4.9677382733590535e-03 5.0340540463726428e-12
2.6436882147303675e+15 4.7416636836795974e-03 5.0340524369322679e-12
2.8156748261236005e+15 4.5257990654184671e-03 5.0340524113726293e-12
2.9988501224508775e+15 4.3196826791396629e-03 5.0340517912316381e-12
3.1939419898513765e+15 4.1228776326655697e-03 5.0340519242857415e-12
3.4017256675030635e+15 3.9349625806834295e-03 5.0340502100600927e-12
3.6230268282009520e+15 3.7555414049547163e-03 5.0340502404720851e-12
3.8587248593443570e+15 3.5842291544078476e-03 5.0340497415661111e-12
4.1097563573703650e+15 3.4206566947467582e-03 5.0340401917419881e-12
4.3771188495195840e+15 3.2644915443282244e-03 5.0340487175441135e-12
4.6618747577237590e+15 3.1153847752253849e-03 5.0340485956229257e-12
4.9651556203659620e+15 2.9730229746173760e-03 5.0340473544064683e-12
5.2881665886899640e+15 2.8371045695886926e-03 5.0340478870969509e-12
5.6321912157257730e+15 2.7073373197922875e-03 5.0340473272878883e-12
5.9985965567618290e+15 2.5834449288988010e-03 5.0340461353670883e-12
6.3888386016308770e+15 2.4651634748306941e-03 5.0340456846542902e-12
6.8044680603961940e+15 2.3522397905942224e-03 5.0340447122655388e-12
7.2471365254293250e+15 2.2444328848429968e-03 5.0340444111452946e-12
7.7186030343647760e+15 2.1415116280042836e-03 5.0340432050138208e-12
8.2207410600113210e+15 2.0432566802478977e-03 5.0340427531474628e-12
8.7555459549964790e+15 1.9494571173624118e-03 5.0340414753833048e-12
9.3251428807259200e+15 1.8599129975874072e-03 5.0340411574149335e-12
9.9317952521656980e+15 1.7744320135923601e-03 5.0340410180016942e-12
1.0577913732005184e+16 1.6928308358187324e-03 5.0340407802319875e-12
1.1266065809939636e+16 1.6149343719478837e-03 5.0340390393410375e-12
1.1998986005138236e+16 1.5405761699253918e-03 5.0340381500107226e-12
1.2779586732440244e+16 1.4695964332563981e-03 5.0340375727772167e-12
1.3610969875456786e+16 1.4018428333485915e-03 5.0340373607442679e-12
1.4496439112567118e+16 1.3371694695008456e-03 5.0340362123025543e-12
1.5439513044790512e+16 1.2754373830532377e-03 5.0340341715189486e-12
1.6443939177698158e+16 1.2165147461467708e-03 5.0340349139657957e-12
1.7513708812926040e+16 1.1602733057733893e-03 5.0340327611442636e-12
1.8653072908464728e+16 1.1065930125994286e-03 5.0340317673996290e-12
1.9866558970747968e+16 1.0553579688499745e-03 5.0340306121402759e-12
2.1158989045665408e+16 1.0064577312881478e-03 5.0340296943472237e-12
2.2535498879992148e+16 9.5978685098840736e-04 5.0340289083417379e-12
2.4001558329374164e+16 9.1524456629832687e-04 5.0340282428925636e-12
2.5562993093967652e+16 8.7273442605957663e-04 5.0340262501505206e-12
2.7226007868101272e+16 8.3216576478849257e-04 5.0340294042749831e-12
2.8997210995954676e+16 7.9344848455033745e-04 5.0340250969905583e-12
3.0883640731224156e+16 7.5650073945441329e-04 5.0340238681651930e-12
3.2892793205125204e+16 7.2124197363704335e-04 5.0340223415075335e-12
3.5032652213871460e+16 6.8759595083973544e-04 5.0340218269423746e-12
3.7311720943992464e+16 6.5548921796932356e-04 5.0340199137145026e-12
3.9739055761559376e+16 6.2485253574706006e-04 5.0340187555526398e-12
4.2324302199590456e+16 5.9561917531759673e-04 5.0340175204314122e-12
4.5077733286634560e+16 5.6772546783741100e-04 5.0340154714403524e-12
4.8010290368841736e+16 5.4111097284968289e-04 5.0340141738161081e-12
5.1133626587739744e+16 5.1571759233321347e-04 5.0340129047338520e-12
5.4460153186478328e+16 4.9149000825424313e-04 5.0340118693975374e-12
5.8003088828551696e+16 4.6837525586171863e-04 5.0340101895378390e-12
6.1776512124982064e+16 4.4632296621442208e-04 5.0340086698383735e-12
6.5795417578684472e+16 4.2528492366895339e-04 5.0340074933586008e-12
7.0075775168323048e+16 4.0521516847209511e-04 5.0340067539541612e-12
7.4634593808433200e+16 3.8606939050732744e-04 5.0340032221503466e-12
7.9489988937972704e+16 3.6780609730696889e-04 5.0340016322938111e-12
8.4661254505883104e+16 3.5038497166049851e-04 5.0339997340917404e-12
9.0168939639718016e+16 3.3376781725746711e-04 5.0339982930202391e-12
9.6034930301985936e+16 3.1791808156149295e-04 5.0339969024344503e-12
1.0228253625869147e+17 3.0280074590169364e-04 5.0339945214516341e-12
1.0893658370567062e+17 2.8838260176331605e-04 5.0339922600333754e-12
1.1602351392077618e+17 2.7463185844654704e-04 5.0339903356651739e-12
1.2357148833394088e+17 2.6151806363129226e-04 5.0339884687286724e-12
1.3161050043262654e+17 2.4901226033597517e-04 5.0339870838514501e-12
1.4017249494735438e+17 2.3708669676345093e-04 5.0339845524291101e-12
1.4929149479090794e+17 2.2571490826586309e-04 5.0339816979651572e-12
1.5900373625563530e+17 2.1487173292960681e-04 5.0339796570893088e-12
1.6934781300609866e+17 2.0453311228386159e-04 5.0339786236127635e-12
1.8036482943923520e+17 1.9467567143481400e-04 5.0339748345807142e-12
1.9209856402144733e+17 1.8527780231431020e-04 5.0339727025623052e-12
2.0459564325169232e+17 1.7631834434742914e-04 5.0339689414007455e-12
2.1790572694182451e+17 1.6777732813789357e-04 5.0339661696253451e-12
2.3208170555045210e+17 1.5963562543806032e-04 5.0339642361455230e-12
2.4717991035447434e+17 1.5187489021302350e-04 5.0339607679321881e-12
2.6326033729342976e+17 1.4447775631005311e-04 5.0339577929507059e-12
2.8038688537616138e+17 1.3742752275226229e-04 5.0339543616844351e-12
2.9862761059718022e+17 1.3070835751507754e-04 5.0339522279208487e-12
3.1805499637168058e+17 1.2430502433394134e-04 5.0339494229083620e-12
3.3874624156385389e+17 1.1820303352018746e-04 5.0339457247613139e-12
3.6078356725306912e+17 1.1238857348167306e-04 5.0339425527331410e-12
3.8425454345687482e+17 1.0684839602693037e-04 5.0339375741382112e-12
4.0925243710914618e+17 1.0156998131536534e-04 5.0339358460950894e-12
4.3587658267617312e+17 9.6541213999394359e-05 5.0339310879001825e-12
4.6423277688335699e+17 9.1750639503170790e-05 5.0339273935244124e-12
4.9443369912106944e+17 8.7187279943191475e-05 5.0339232864778878e-12
5.2659935920028410e+17 8.2840690646789351e-05 5.0339210137103775e-12
5.6085757423716198e+17 7.8700827284886919e-05 5.0339165221626372e-12
5.9734447656165414e+17 7.4758161598880847e-05 5.0339116867016367e-12
6.3620505466835341e+17 7.1003580034376145e-05 5.0339056741739384e-12
6.7759372935925376e+17 6.7428479632324667e-05 5.0339041228351998e-12
7.2167496736775590e+17 6.4024396648242743e-05 5.0338965502150635e-12
7.6862393490232000e+17 6.0783562761127084e-05 5.0338927264806113e-12
8.1862719370681856e+17 5.7698347168929044e-05 5.0338879213201058e-12
8.7188344240343245e+17 5.4761521667354943e-05 5.0338811624101332e-12
9.2860430606401638e+17 5.1966220890277834e-05 5.0338738793015052e-12
9.8901517714753485e+17 4.9305883436353297e-05 5.0338696596909868e-12
1.0533561111450907e+18 4.6774230751769969e-05 5.0338657305606924e-12
1.1218827804916311e+18 4.4365252251568869e-05 5.0338594291597760e-12
1.1948674905349929e+18 4.2073209339066381e-05 5.0338501152347941e-12
1.2726002615993027e+18 3.9892736632276610e-05 5.0338468416311579e-12
1.3553899814426086e+18 3.7818529227613260e-05 5.0338386499742834e-12
1.4435656326883796e+18 3.5845707295081519e-05 5.0338351965372587e-12
1.5374776001081554e+18 3.3969421071385163e-05 5.0338231092288842e-12
1.6374990629501855e+18 3.2185264822352060e-05 5.0338185475520656e-12
1.7440274778469030e+18 3.0488825108698058e-05 5.0338077956469785e-12
1.8574861581936581e+18 2.8876038490700352e-05 5.0337990954847459e-12
1.9783259562748027e+18 2.7342957098270152e-05 5.0337903926479516e-12
2.1070270548215680e+18 2.5885839859410001e-05 5.0337856048358638e-12
2.2441008751206026e+18 2.4501102379327971e-05 5.0337759434696123e-12
2.3900921092555602e+18 2.3185303995417569e-05 5.0337645163699362e-12
2.5455808845574692e+18 2.1935194923426676e-05 5.0337546639859087e-12
2.7111850688644378e+18 2.0747689481514589e-05 5.0337405735261736e-12
2.8875627257514404e+18 1.9619812703049101e-05 5.0337305767017958e-12
3.0754147294862991e+18 1.8548746658205908e-05 5.0337271286889999e-12
3.2754875501033329e+18 1.7531761532557387e-05 5.0337122422025150e-12
3.4885762196613089e+18 1.6566283323884258e-05 5.0337007288677486e-12
3.7155274914729421e+18 1.5649871892213666e-05 5.0336846529796979e-12
3.9572432048600899e+18 1.4780179153767853e-05 5.0336747370472323e-12
4.2146838688047222e+18 1.3954979957921254e-05 5.0336603818340749e-12
4.4888724787362755e+18 1.3172094723800337e-05 5.0336378301331451e-12
4.7808985816225536e+18 1.2429546728744142e-05 5.0336272196658614e-12
5.0919226055170806e+18 1.1725370847106923e-05 5.0336110178614868e-12
5.4231804707675361e+18 1.1057707469040061e-05 5.0335986072973662e-12
5.7759885012093071e+18 1.0424803923039882e-05 5.0335795947834172e-12
6.1517486548591145e+18 9.8249684204585601e-06 5.0335543863323916e-12
6.5519540948942838e+18 9.2566019880249998e-06 5.0335351654482470e-12
6.9781951230556406e+18 8.7181731832016104e-06 5.0335123600552004e-12
7.4321654990508032e+18 8.2082258649773577e-06 5.0334901575642237e-12
7.9156691710697226e+18 7.7253763469520474e-06 5.0334795430647318e-12
8.4306274441582275e+18 7.2682569421682532e-06 5.0334491316396496e-12
8.9790866149335716e+18 6.8356403753751541e-06 5.0334244279962658e-12
9.5632261029805978e+18 6.4263049021338642e-06 5.0333974724462181e-12
1.0185367111241089e+19 6.0390908489581393e-06 5.0333544403281037e-12
1.0847981849808929e+19 5.6729305853522478e-06 5.0333253061148984e-12
1.1553703359784329e+19 5.3267553969000097e-06 5.0333042645928340e-12
1.2305335976225190e+19 4.9995623019397059e-06 5.0332431203720770e-12
1.3105866471770808e+19 4.6904393412999194e-06 5.0332132477012315e-12
1.3958475925220157e+19 4.3984205253400845e-06 5.0331673841661012e-12
1.4866552362228130e+19 4.1227143042459069e-06 5.0331288183588085e-12
1.5833704218348241e+19 3.8624472433192247e-06 5.0330823772335104e-12
1.6863774677921780e+19 3.6168323664152983e-06 5.0330155492730142e-12
1.7960856945790573e+19 3.3851483961040121e-06 5.0329624927990246e-12
1.9129310512520933e+19 3.1667013128484469e-06 5.0329383243103180e-12
2.0373778477769617e+19 2.9607612006570430e-06 5.0328761324253609e-12
2.1699206000630854e+19 2.7667102216613094e-06 5.0327870700200366e-12
2.3110859950282531e+19 2.5839524886569382e-06 5.0327334256512913e-12
2.4614349835014668e+19 2.4118460551560500e-06 5.0326663193710736e-12
2.6215650092807344e+19 2.2498797445563436e-06 5.0325782823775453e-12
2.7921123832036418e+19 2.0975135425838565e-06 5.0324931111429766e-12
2.9737548116642365e+19 1.9542555777934579e-06 5.0323932629659442e-12
3.1672140896239673e+19 1.8195791261868440e-06 5.0322487361437499e-12
3.3732589688181703e+19 1.6930413103697378e-06 5.0321640633880076e-12
3.5927082125551210e+19 1.5742436918944252e-06 5.0320258273537916e-12
3.8264338492467126e+19 1.4627130326898421e-06 5.0318520306726622e-12
4.0753646375996572e+19 1.3581163333884099e-06 5.0317242704347291e-12
4.3404897572363780e+19 1.2600244094357742e-06 5.0315844790889093e-12
4.6228627394112668e+19 1.1681156923137588e-06 5.0312779086437526e-12
4.9236056534422118e+19 1.0820179497529530e-06 5.0311730315875384e-12
5.2439135654924444e+19 1.0014221689496999e-06 5.0309924640397902e-12
5.5850592874208969e+19 9.2601869687264401e-07 5.0307062951638877e-12
5.9483984345720537e+19 8.5553307441744443e-07 5.0304794846308751e-12
6.3353748126027743e+19 7.8965932088662524e-07 5.0300986887349259e-12
6.7475261547520885e+19 7.2814663802025145e-07 5.0298583231057943e-12
7.1864902323527549e+19 6.7074095356351895e-07 5.0294712885563798e-12
7.6540113628650422e+19 6.1720709648362183e-07 5.0290870709368281e-12
8.1519473412946018e+19 5.6731349401786931e-07 5.0286128505958471e-12
8.6822768225372094e+19 5.2085479142983732e-07 5.0280978362791044e-12
9.2471071839867257e+19 4.7761857697081742e-07 5.0275805991540853e-12
9.8486828996488331e+19 4.3741376416183871e-07 5.0270509956170557e-12
1.0489394459037319e+20 4.0005719628417234e-07 5.0264087830874336e-12
1.1171787866294891e+20 3.6537958997376697e-07 5.0256649789920207e-12
1.1898574757283874e+20 3.3320479567659829e-07 5.0249422747760941e-12
1.2672643174849806e+20 3.0339022743106639e-07 5.0238688673368128e-12
1.3497069045076717e+20 2.7578724317111205e-07 5.0229555091814351e-12
1.4375128400135725e+20 2.5025359169548675e-07 5.0219189486137740e-12
1.5310310396297780e+20 2.2665246305810561e-07 5.0206808286629404e-12
1.6306331178841552e+20 2.0486822339677434e-07 5.0194315713247112e-12
1.7367148648949619e+20 1.8477058558667562e-07 5.0181225382085447e-12
1.8496978191273184e+20 1.6627089953546426e-07 5.0163566183600648e-12
1.9700309424663593e+20 1.4924695202178923e-07 5.0146119344415232e-12
2.0981924042630801e+20 1.3360961857072816e-07 5.0126953116144793e-12
2.2346914814422640e+20 1.1925407172101579e-07 5.0103261370228407e-12
2.3800705822231504e+20 1.0611858906027582e-07 5.0081616155668251e-12
2.5349074014942262e+20 9.4095640872031247e-08 5.0052998401846732e-12
2.6998172164071109e+20 8.3127343214690970e-08 5.0026222977253103e-12
2.8754553313117713e+20 7.3133991380916638e-08 4.9993516936519828e-12
3.0625196817481774e+20 6.4046283116327691e-08 4.9955106595426790e-12
3.2617536078420686e+20 5.5810328820231316e-08 4.9916792503631609e-12
3.4739488081257562e+20 4.8361688322908997e-08 4.9873893218768130e-12
3.6999484855211354e+20 4.1648680947309699e-08 4.9827128067322613e-12
3.9406506979865362e+20 3.5616999460565427e-08 4.9775245664515369e-12
4.1970119271415847e+20 3.0220278786046798e-08 4.9718984027174254e-12
4.4700508790512707e+20 2.5415270365927845e-08 4.9656983810618639e-12
4.7608525322718570e+20 2.1159310931659017e-08 4.9593624374398612e-12
5.0705724492446420e+20 1.7412110181850072e-08 4.9521441205938390e-12
5.4004413681702044e+20 1.4137681655106486e-08 4.9445151671941018e-12
5.7517700936092438e+20 1.1302348667562724e-08 4.9365248956814484e-12
6.1259547052441495e+20 8.8712084922283047e-09 4.9282377071729491e-12
6.5244821054998905e+20 6.8119337525178985e-09 4.9197001349946123e-12
6.9489359280680560e+20 5.0937580512530337e-09 4.9111304735845007e-12
7.4010028308131847e+20 3.6856651424352487e-09 4.9024094656932039e-12
7.8824791980681396e+20 2.5573255701946602e-09 4.8940309145313266e-12
8.3952782789505489e+20 1.6800556478887573e-09 4.8862049680000886e-12
8.9414377900663439e+20 1.0240021811496255e-09 4.8804453873185058e-12
9.5231280128120481e+20 5.5876827967853592e-10 4.8745927571345306e-12
1.0142660417450984e+21 2.5502476288343046e-10 4.8704313836455652e-12
1.0802496848233481e+21 8.3065179447938638e-11 4.8676814425651570e-12
1.1505259306060981e+21 1.3881415119586311e-11 4.8668589125853942e-12
1.2253740367566073e+21 1.9390593130665831e-11 4.8673990397581181e-12
1.3050914282011511e+21 7.3230345611720834e-11 4.8709655973168015e-12
1.3899948790105099e+21 1.5153026657194453e-10 4.8760410185829405e-12
1.4804217711693293e+21 2.3395193886725304e-10 4.8824676729370202e-12
1.5767314352354133e+21 3.0438463945231129e-10 4.8899195589459478e-12
1.6793065782164660e+21 3.5188469062990205e-10 4.8971317076169561e-12
1.7885548043380300e+21 3.7111945015456499e-10 4.9029128682846055e-12
1.9049102347459074e+21 3.6211827136882110e-10 4.9064051860280744e-12
2.0288352325791360e+21 3.2976984928053815e-10 4.9071275071031834e-12
2.1608222402687053e+21 2.8265650734228125e-10 4.9047749817079395e-12
2.3013957363626284e+21 2.3080988435481505e-10 4.9001554736748080e-12
2.4511143196533431e+21 1.8379633544957081e-10 4.8931413201675691e-12
2.6105729288893597e+21 1.4870809649190072e-10 4.8860585207790321e-12
2.7804052068913182e+21 1.2846261867170239e-10 4.8790937979860783e-12
2.9612860184669171e+21 1.2213542535604952e-10 4.8748993445202396e-12
3.1539341321304114e+21 1.2525935165718014e-10 4.8730882591694683e-12
3.3591150762826667e+21 1.3208567995068310e-10 4.8723852088791615e-12
3.5776441812015776e+21 1.3766344234756098e-10 4.8715931662530445e-12
3.8103898189311204e+21 1.3944842475486263e-10 4.8706786907675949e-12
4.0582768539429540e+21 1.3759995767544905e-10 4.8685634092717313e-12
4.3222903182827087e+21 1.3392072067074462e-10 4.8647992289144016e-12
4.6034793258052695e+21 1.3054917604276048e-10 4.8602254586557665e-12
4.9029612410525272e+21 1.2814792194720889e-10 4.8577178450819823e-12
5.2219261193397637e+21 1.2674939866701798e-10 4.8534440827189464e-12
5.5616414356946991e+21 1.2542420763480699e-10 4.8477204036507411e-12
5.9234571214399576e+21 1.2392610918153505e-10 4.8478751519461389e-12
6.3088109284331713e+21 1.2222068419708845e-10 4.8465952821320931e-12
6.7192341422811539e+21 1.2047765216303786e-10 4.8424681268129063e-12
7.1563576672299967e+21 1.1875173773664496e-10 4.8339492359768535e-12
7.6219185069110235e+21 1.1702603182360158e-10 4.8256864503004861e-12
8.1177666666958265e+21 1.1529687165247919e-10 4.8188725839863750e-12
8.6458725050873450e+21 1.1367059470121340e-10 4.8158420297494649e-12
9.2083345633597331e+21 1.1210866161163308e-10 4.8150394870124592e-12
9.8073879045604607e+21 1.1029312285330928e-10 4.8018198907064394e-12
1.0445412995010147e+22 1.0865336863139490e-10 4.7982092296526437e-12
1.1124945163593747e+22 1.0755087571559353e-10 4.8044520223380344e-12
1.1848684676430709e+22 1.0557505987952826e-10 4.7977566041713220e-12
1.2619507466959285e+22 1.0434347753433140e-10 4.8060826608961872e-12
1.3440476564071704e+22 1.0141742785418092e-10 4.7438516232650314e-12
1.4314854263712926e+22 1.0094112435728524e-10 4.7884296866438324e-12
1.5246115092310570e+22 9.9572861434440456e-11 4.7961215964904763e-12
1.6237959613547035e+22 9.7190841886200961e-11 4.7572670424051167e-12
1.7294329133338758e+22 9.6223155597668427e-11 4.7775544348457779e-12
1.8419421361457332e+22 9.4098832842674107e-11 4.7431974449254283e-12
1.9617707092024949e+22 9.1956596789514295e-11 4.7065595434790745e-12
2.0893947969168638e+22 9.0694157398690135e-11 4.7097828423727224e-12
2.2253215408430518e+22 8.9475911843396657e-11 4.7147491399489492e-12
2.3700910749119548e+22 8.7196548725351517e-11 4.6722602552440135e-12
2.5242786717685577e+22 8.6517881097965714e-11 4.7071089981618479e-12
2.6884970287406965e+22 8.5221664376262290e-11 4.7102064427725760e-12
2.8633987025226204e+22 8.3439412343705443e-11 4.6905952403032306e-12
3.0496787022482338e+22 8.1293342231269813e-11 4.6490092489123057e-12
3.2480772512583755e+22 8.1043143239622989e-11 4.7073030214417264e-12
3.4593827285362054e+22 7.8665500097204758e-11 4.6488965367029167e-12
3.6844348014992879e+22 7.6787175315890691e-11 4.6118284235361137e-12
3.9241277625974659e+22 7.4079527548519913e-11 4.5329313134823583e-12
4.1794140829747276e+22 7.4135471267635856e-11 4.6153468250652793e-12
4.4513081973164961e+22 7.2005070874529274e-11 4.5468285744052938e-12
4.7408905349225830e+22 6.7533368757533793e-11 4.3470162953365565e-12
5.0493118130235021e+22 6.5678065141605386e-11 4.2939670649871496e-12
5.3777976094010854e+22 6.4180448695289060e-11 4.2772012361464723e-12
5.7276532324832236e+22 6.2534315104245985e-11 4.2400598010148063e-12
6.1002689082657876e+22 6.1947294503698934e-11 4.2450433721920423e-12
6.4971253046722509e+22 5.9500882318148740e-11 4.1498620212184083e-12
6.9197994153035702e+22 5.8206313747161625e-11 4.1318603382653363e-12
7.3699708259591797e+22 5.7327497969045073e-11 4.1499849767764949e-12
7.8494283888295368e+22 5.5549758760479728e-11 4.1369306247686319e-12
8.3600773308819345e+22 5.4319275035492053e-11 4.1221768330348212e-12
8.9039468246869071e+22 5.3152020750851244e-11 4.1118611570981863e-12
9.4831980517683980e+22 5.1997844041246202e-11 4.1296351910425482e-12
1.0100132790519610e+23 5.6119626811497921e-11 4.4898609307944181e-12
