# #Parameters: delta_c =0.325, gamma = 0.2, gstar = 107.5#Columns: mPBH [Msun, fPBH]
1.1988572011846401e+21 0.0000000000000000e+00
1.0695773864405041e+21 0.0000000000000000e+00
9.5423857358029862e+20 0.0000000000000000e+00
8.5133742247383767e+20 0.0000000000000000e+00
7.5953270698861396e+20 0.0000000000000000e+00
6.7762783328507986e+20 0.0000000000000000e+00
6.0455524326685226e+20 0.0000000000000000e+00
5.3936249989849730e+20 0.0000000000000000e+00
4.8119987302524682e+20 0.0000000000000000e+00
4.2930926388669881e+20 0.0000000000000000e+00
3.8301432396527141e+20 0.0000000000000000e+00
3.4171163937727224e+20 0.0000000000000000e+00
3.0486286590286994e+20 0.0000000000000000e+00
2.7198771214198489e+20 0.0000000000000000e+00
2.4265767933770131e+20 0.0000000000000000e+00
2.1649047627129674e+20 0.0000000000000000e+00
1.9314503643195054e+20 0.0000000000000000e+00
1.7231707251431440e+20 0.0000000000000000e+00
1.5373511030072515e+20 0.0000000000000000e+00
1.3715695023319763e+20 0.0000000000000000e+00
1.2236651055489643e+20 0.0000000000000000e+00
1.0917101087420768e+20 0.0000000000000000e+00
9.7398459441642226e+19 0.0000000000000000e+00
8.6895411388431729e+19 0.0000000000000000e+00
7.7524968707425763e+19 0.0000000000000000e+00
6.9164995907798458e+19 0.0000000000000000e+00
6.1706528086190080e+19 0.0000000000000000e+00
5.5052350664889491e+19 0.0000000000000000e+00
4.9115732285191430e+19 0.0000000000000000e+00
4.3819294340307149e+19 0.0000000000000000e+00
3.9094002413181968e+19 0.0000000000000000e+00
3.4878266473498042e+19 0.0000000000000000e+00
3.1117138105720091e+19 0.0000000000000000e+00
2.7761594304756924e+19 0.0000000000000000e+00
2.4767898504144159e+19 0.0000000000000000e+00
2.2097030508311712e+19 0.0000000000000000e+00
1.9714177898603708e+19 0.0000000000000000e+00
1.7588282283975041e+19 0.0000000000000000e+00
1.5691634482140920e+19 0.0000000000000000e+00
1.3999513354721139e+19 0.0000000000000000e+00
1.2489863588912493e+19 0.0000000000000000e+00
1.1143008225856248e+19 0.0000000000000000e+00
9.9413921887605944e+18 0.0000000000000000e+00
8.8693534678922609e+18 0.0000000000000000e+00
7.9129189800347085e+18 0.0000000000000000e+00
7.0596224416201298e+18 0.0000000000000000e+00
6.2983418816715837e+18 0.0000000000000000e+00
5.6191546766790779e+18 0.0000000000000000e+00
5.0132082179166106e+18 0.0000000000000000e+00
4.4726045254621481e+18 0.0000000000000000e+00
3.9902973049656868e+18 0.0000000000000000e+00
3.5600001053907579e+18 0.0000000000000000e+00
3.1761043806461911e+18 0.0000000000000000e+00
2.8336063871134817e+18 0.0000000000000000e+00
2.5280419642432302e+18 0.0000000000000000e+00
2.2554283481429837e+18 0.0000000000000000e+00
2.0122122597477412e+18 0.0000000000000000e+00
1.7952235909479759e+18 0.0000000000000000e+00
1.6016340850145564e+18 0.0000000000000000e+00
1.4289204727561725e+18 0.0000000000000000e+00
1.2748315839214717e+18 0.0000000000000000e+00
1.1373590051719044e+18 0.0000000000000000e+00
1.0147109021777326e+18 0.0000000000000000e+00
9.0528866463120410e+17 0.0000000000000000e+00
8.0766606976515968e+17 0.0000000000000000e+00
7.2057069279183258e+17 0.0000000000000000e+00
6.4286732196323750e+17 0.0000000000000000e+00
5.7354316208302656e+17 0.0000000000000000e+00
5.1169463361058554e+17 0.0000000000000000e+00
4.5651559529528166e+17 0.0000000000000000e+00
4.0728683683325261e+17 0.0000000000000000e+00
3.6336670459273363e+17 0.0000000000000000e+00
3.2418273822249638e+17 0.0000000000000000e+00
2.8922420913392960e+17 0.0000000000000000e+00
2.5803546360243002e+17 0.0000000000000000e+00
2.3020998372127642e+17 0.0000000000000000e+00
2.0538508879773706e+17 0.0000000000000000e+00
1.8323720812876163e+17 0.0000000000000000e+00
1.6347766354104010e+17 0.0000000000000000e+00
1.4584890672454342e+17 0.0000000000000000e+00
1.3012116231649219e+17 0.0000000000000000e+00
1.1608943298130120e+17 0.0000000000000000e+00
1.0357082745034693e+17 0.0000000000000000e+00
9.2402176694905120e+16 0.0000000000000000e+00
8.2437907161162368e+16 0.0000000000000000e+00
7.3548143346791360e+16 0.0000000000000000e+00
6.5617014987840176e+16 0.0000000000000000e+00
5.8541146791603968e+16 0.0000000000000000e+00
5.2228311030472976e+16 0.0000000000000000e+00
4.6596225434501528e+16 0.0000000000000000e+00
4.1571480714283104e+16 0.0000000000000000e+00
3.7088583735334064e+16 0.0000000000000000e+00
3.3089103872604444e+16 0.0000000000000000e+00
2.9520911418596800e+16 0.0000000000000000e+00
2.6337498118411388e+16 0.0000000000000000e+00
2.3497370975489180e+16 0.0000000000000000e+00
2.0963511426842552e+16 0.0000000000000000e+00
1.8702892838598052e+16 0.0000000000000000e+00
1.6686050032829232e+16 0.0000000000000000e+00
1.4886695234839986e+16 0.0000000000000000e+00
1.3281375435108380e+16 0.0000000000000000e+00
1.1849166699904990e+16 0.0000000000000000e+00
1.0571401446193032e+16 0.0000000000000000e+00
9.4314251260781260e+15 0.0000000000000000e+00
8.4143791494032280e+15 0.0000000000000000e+00
7.5070072150753870e+15 0.0000000000000000e+00
6.6974825268232400e+15 0.0000000000000000e+00
5.9752536412944100e+15 0.0000000000000000e+00
5.3309069392581350e+15 0.0000000000000000e+00
4.7560439273460290e+15 0.0000000000000000e+00
4.2431717710669510e+15 0.0000000000000000e+00
3.7856056322899300e+15 0.0000000000000000e+00
3.3773815382500400e+15 0.0000000000000000e+00
3.0131786464012190e+15 0.0000000000000000e+00
2.6882498919066790e+15 0.0000000000000000e+00
2.3983601138178265e+15 0.0000000000000000e+00
2.1397308534707968e+15 0.0000000000000000e+00
1.9089911055961768e+15 0.0000000000000000e+00
1.7031333802258758e+15 0.0000000000000000e+00
1.5194745027026930e+15 0.0000000000000000e+00
1.3556206408551482e+15 0.0000000000000000e+00
1.2094361034974848e+15 0.0000000000000000e+00
1.0790155035707189e+15 0.0000000000000000e+00
9.6265892309571962e+14 0.0000000000000000e+00
8.5884975623529025e+14 0.0000000000000000e+00
7.6623494166902725e+14 0.0000000000000000e+00
6.8360732662732612e+14 0.0000000000000000e+00
6.0988993271520212e+14 0.0000000000000000e+00
5.4412191844475944e+14 0.0000000000000000e+00
4.8544605551024750e+14 0.0000000000000000e+00
4.3309755556995262e+14 0.0000000000000000e+00
3.8639410190183044e+14 0.0000000000000000e+00
3.4472695600427506e+14 0.0000000000000000e+00
3.0755302322437038e+14 0.0000000000000000e+00
2.7438777399605806e+14 0.0000000000000000e+00
2.4479892842277875e+14 0.0000000000000000e+00
2.1840082188866650e+14 0.0000000000000000e+00
1.9484937825898838e+14 0.0000000000000000e+00
1.7383762514991019e+14 0.0000000000000000e+00
1.5509169281307006e+14 0.0000000000000000e+00
1.3836724448393150e+14 0.0000000000000000e+00
1.2344629166664581e+14 0.0000000000000000e+00
1.1013435284545458e+14 0.0000000000000000e+00
9.8257918588933984e+13 0.0000000000000000e+00
8.7662190006939703e+13 0.0000000000000000e+00
7.8209061083024625e+13 0.0000000000000000e+00
6.9775318583805148e+13 0.0000000000000000e+00
6.2251036082675047e+13 0.0000000000000000e+00
5.5538141165376844e+13 0.0000000000000000e+00
4.9549137142213133e+13 0.0000000000000000e+00
4.4205962605539922e+13 0.0000000000000000e+00
3.9438973967874633e+13 0.0000000000000000e+00
3.5186037718897328e+13 0.0000000000000000e+00
3.1391720569711996e+13 0.0000000000000000e+00
2.8006566928609574e+13 0.0000000000000000e+00
2.4986454290864109e+13 0.0000000000000000e+00
2.2292018140633883e+13 0.0000000000000000e+00
1.9888138869068992e+13 0.0000000000000000e+00
1.7743484021053531e+13 0.0000000000000000e+00
1.5830099904170666e+13 0.0000000000000000e+00
1.4123047236872092e+13 0.0000000000000000e+00
1.2600076086845773e+13 0.0000000000000000e+00
1.1241335862689145e+13 0.0000000000000000e+00
1.0029116578883686e+13 0.0000000000000000e+00
8.9476180216875195e+12 0.0000000000000000e+00
7.9827438072255908e+12 0.0000000000000000e+00
7.1219176475059414e+12 0.0000000000000000e+00
6.3539194295507441e+12 0.0000000000000000e+00
5.6687389710776299e+12 0.0000000000000000e+00
5.0574455465650059e+12 0.0000000000000000e+00
4.5120714830882168e+12 0.0000000000000000e+00
4.0255083087005254e+12 0.0000000000000000e+00
3.5914140997442471e+12 0.0000000000000000e+00
3.2041308194456245e+12 0.0000000000000000e+00
2.8586105703746025e+12 0.0000000000000000e+00
2.5503497995351069e+12 0.0000000000000000e+00
2.2753305985069585e+12 0.0000000000000000e+00
2.0299683335383057e+12 0.0000000000000000e+00
1.8110649229928525e+12 0.0000000000000000e+00
1.6157671531644185e+12 0.0000000000000000e+00
1.4415294891420925e+12 0.0000000000000000e+00
1.2860808959982651e+12 0.0000000000000000e+00
1.1473952378428694e+12 0.0000000000000000e+00
1.0236648689214884e+12 0.0000000000000000e+00
9.1327707254050122e+11 0.0000000000000000e+00
8.1479304072133691e+11 0.0000000000000000e+00
7.2692912060209473e+11 0.0000000000000000e+00
6.4854008314984961e+11 0.0000000000000000e+00
5.7860419610599658e+11 0.0000000000000000e+00
5.1620990660358716e+11 0.0000000000000000e+00
4.6054395987627435e+11 0.0000000000000000e+00
4.1088079919666846e+11 0.0000000000000000e+00
3.6657310888160919e+11 0.0000000000000000e+00
3.2704337710073663e+11 0.0000000000000000e+00
2.9177636851697797e+11 0.0000000000000000e+00
2.6031240864642938e+11 0.0000000000000000e+00
2.3224139240516556e+11 0.0000000000000000e+00
2.0719743874964105e+11 0.0000000000000000e+00
1.8485412173862067e+11 0.0000000000000000e+00
1.6492021585771655e+11 0.0000000000000000e+00
1.4713590015057440e+11 0.0000000000000000e+00
1.3126937168089362e+11 0.0000000000000000e+00
1.1711382418473158e+11 0.0000000000000000e+00
1.0448475253247934e+11 0.0000000000000000e+00
9.3217547866537338e+10 0.0000000000000000e+00
8.3165352069422958e+10 0.0000000000000000e+00
7.4197143597186447e+10 0.0000000000000000e+00
6.6196029728654106e+10 0.0000000000000000e+00
5.9057722971467842e+10 0.0000000000000000e+00
5.2689181766212204e+10 0.0000000000000000e+00
4.7007397771400192e+10 0.0000000000000000e+00
4.1938313922643661e+10 0.0000000000000000e+00
3.7415859163858963e+10 0.0000000000000000e+00
3.3381087269077328e+10 0.0000000000000000e+00
2.9781408530158440e+10 0.0000000000000000e+00
2.6569904296131371e+10 0.0000000000000000e+00
2.3704715429785114e+10 0.0000000000000000e+00
2.1148496710577454e+10 0.0000000000000000e+00
1.8867930072483471e+10 0.0000000000000000e+00
1.6833290332266157e+10 0.0000000000000000e+00
1.5018057747818884e+10 0.0000000000000000e+00
1.3398572356617790e+10 0.0000000000000000e+00
1.1953725588889469e+10 0.0000000000000000e+00
1.0664685135942432e+10 0.0000000000000000e+00
9.5146494875626278e+09 0.0000000000000000e+00
8.4886289390836124e+09 0.0000000000000000e+00
7.5732502137508173e+09 0.0000000000000000e+00
6.7565821538040323e+09 0.0000000000000000e+00
6.0279802083144531e+09 0.0000000000000000e+00
5.3779476908118238e+09 0.0000000000000000e+00
4.7980119983166790e+09 0.0000000000000000e+00
4.2806141784015207e+09 0.0000000000000000e+00
3.8190104048845124e+09 0.0000000000000000e+00
3.4071840779779134e+09 0.0000000000000000e+00
3.0397674031938796e+09 0.0000000000000000e+00
2.7119714268575420e+09 0.0000000000000000e+00
2.4195236163017168e+09 0.0000000000000000e+00
2.1586121711559057e+09 0.0000000000000000e+00
1.9258363398761530e+09 0.0000000000000000e+00
1.7181620939353571e+09 0.0000000000000000e+00
1.5328825819260285e+09 0.0000000000000000e+00
1.3675828481294689e+09 0.0000000000000000e+00
1.2201083556888926e+09 0.0000000000000000e+00
1.0885369041137028e+09 0.0000000000000000e+00
9.7115357508425915e+08 0.0000000000000000e+00
8.6642837999769139e+08 0.0000000000000000e+00
7.7299631791016340e+08 0.0000000000000000e+00
6.8963958394837272e+08 0.0000000000000000e+00
6.1527169629255414e+08 0.0000000000000000e+00
5.4892333484015381e+08 0.0000000000000000e+00
4.8972970696959084e+08 0.0000000000000000e+00
4.3691927572793233e+08 0.0000000000000000e+00
3.8980370352430868e+08 0.0000000000000000e+00
3.4776888025394368e+08 0.0000000000000000e+00
3.1026691891227692e+08 0.0000000000000000e+00
2.7680901436903566e+08 0.0000000000000000e+00
2.4695907222265306e+08 0.0000000000000000e+00
2.2032802469273868e+08 0.0000000000000000e+00
1.9656875946325812e+08 0.0000000000000000e+00
1.7537159537834162e+08 0.0000000000000000e+00
1.5646024602039272e+08 0.0000000000000000e+00
1.3958821855928141e+08 0.0000000000000000e+00
1.2453560093478379e+08 0.0000000000000000e+00
1.1110619549601303e+08 0.0000000000000000e+00
9.9124961737349510e+07 0.0000000000000000e+00
8.8435734799177721e+07 0.0000000000000000e+00
7.8899189996092051e+07 0.0000000000000000e+00
7.0391026841983259e+07 0.0000000000000000e+00
6.2800348902368039e+07 0.0000000000000000e+00
5.6028218356759541e+07 0.0000000000000000e+00
4.9986366431068614e+07 0.0000000000000000e+00
4.4596042891655043e+07 0.0000000000000000e+00
3.9786989605193816e+07 0.0000000000000000e+00
3.5496524785610929e+07 0.0000000000000000e+00
3.1668725992051665e+07 0.0000000000000000e+00
2.8253701228977576e+07 0.0000000000000000e+00
2.5206938647821900e+07 0.0000000000000000e+00
2.2488726374135669e+07 0.0000000000000000e+00
2.0063634898180939e+07 0.0000000000000000e+00
1.7900055282387044e+07 0.0000000000000000e+00
1.5969787166609690e+07 0.0000000000000000e+00
1.4247671201203227e+07 0.0000000000000000e+00
1.2711261116994018e+07 0.0000000000000000e+00
1.1340531157875033e+07 0.0000000000000000e+00
1.0117615062662469e+07 0.0000000000000000e+00
9.0265731940721218e+06 0.0000000000000000e+00
8.0531847795462636e+06 0.0000000000000000e+00
7.1847625559726255e+06 0.0000000000000000e+00
6.4099874023522325e+06 0.0000000000000000e+00
5.7187608049981147e+06 0.0000000000000000e+00
5.1020732322783386e+06 0.0000000000000000e+00
4.5518867032837365e+06 0.0000000000000000e+00
4.0610300198060661e+06 0.0000000000000000e+00
3.6231052960673929e+06 0.0000000000000000e+00
3.2324045678978912e+06 0.0000000000000000e+00
2.8838353944358570e+06 0.0000000000000000e+00
2.5728544826334771e+06 0.0000000000000000e+00
2.2954084694220615e+06 0.0000000000000000e+00
2.0478810896842792e+06 0.0000000000000000e+00
1.8270460414143167e+06 0.0000000000000000e+00
1.6300249337046992e+06 0.0000000000000000e+00
1.4542497694487434e+06 0.0000000000000000e+00
1.2974294737535927e+06 0.0000000000000000e+00
1.1575200317911108e+06 0.0000000000000000e+00
1.0326978468597351e+06 0.0000000000000000e+00
9.2133597140303266e+05 0.0000000000000000e+00
8.2198290117715870e+05 0.0000000000000000e+00
7.3334365616780752e+05 0.0000000000000000e+00
6.5426290166303492e+05 0.0000000000000000e+00
5.8370988947995100e+05 0.0000000000000000e+00
5.2076502306740306e+05 0.0000000000000000e+00
4.6460787137256126e+05 0.0000000000000000e+00
4.1450647524268035e+05 0.0000000000000000e+00
3.6980780698038323e+05 0.0000000000000000e+00
3.2992925870114076e+05 0.0000000000000000e+00
2.9435104855116952e+05 0.0000000000000000e+00
2.6260944580746081e+05 0.0000000000000000e+00
2.3429072655507512e+05 0.0000000000000000e+00
2.0902578115926046e+05 0.0000000000000000e+00
1.8648530324553142e+05 0.0000000000000000e+00
1.6637549748028815e+05 0.0000000000000000e+00
1.4843425020666694e+05 0.0000000000000000e+00
1.3242771302322208e+05 0.0000000000000000e+00
1.1814725477538859e+05 0.0000000000000000e+00
1.0540674223161189e+05 0.0000000000000000e+00
9.4040114000142174e+04 0.0000000000000000e+00
8.3899216064639899e+04 0.0000000000000000e+00
7.4851870726681911e+04 0.0000000000000000e+00
6.6780153785552437e+04 0.0000000000000000e+00
5.9578857499847625e+04 0.0000000000000000e+00
5.3154119296968835e+04 0.0000000000000000e+00
4.7422198356918780e+04 0.0000000000000000e+00
4.2308384124261313e+04 0.0000000000000000e+00
3.7746022521642029e+04 0.0000000000000000e+00
3.3675647172431338e+04 0.0000000000000000e+00
3.0044204308728295e+04 0.0000000000000000e+00
2.6804361262092563e+04 0.0000000000000000e+00
2.3913889523778642e+04 0.0000000000000000e+00
2.1335114333213158e+04 0.0000000000000000e+00
1.9034423620576697e+04 0.0000000000000000e+00
1.6981829902994745e+04 0.0000000000000000e+00
1.5150579424033374e+04 0.0000000000000000e+00
1.3516803441981592e+04 0.0000000000000000e+00
1.2059207121764632e+04 0.0000000000000000e+00
1.0758791975471713e+04 0.0000000000000000e+00
9.5986082337505795e+03 0.0000000000000000e+00
8.5635339204507309e+03 0.0000000000000000e+00
7.6400777509444179e+03 0.0000000000000000e+00
6.8162032850807109e+03 0.0000000000000000e+00
6.0811720427585324e+03 0.0000000000000000e+00
5.4254035372700009e+03 0.0000000000000000e+00
4.8403504020697537e+03 0.0000000000000000e+00
4.3183869833590679e+03 0.0000000000000000e+00
3.8527099463854347e+03 0.0000000000000000e+00
3.4372495999493367e+03 0.0000000000000000e+00
3.0665907833098545e+03 0.0000000000000000e+00
2.7359022843204739e+03 0.0000000000000000e+00
2.4408738688215153e+03 0.0000000000000000e+00
2.1776601005234870e+03 0.0000000000000000e+00
1.9428302191221044e+03 0.0000000000000000e+00
1.7333234233509193e+03 0.0000000000000000e+00
1.5464089761247947e+03 0.0000000000000000e+00
1.3796506117803781e+03 0.0000000000000000e+00
1.2308747814927003e+03 0.0000000000000000e+00
1.0981423229752393e+03 0.0000000000000000e+00
9.7972318520248848e+02 0.0000000000000000e+00
8.7407387871431649e+02 0.0000000000000000e+00
7.7981735758634659e+02 0.0000000000000000e+00
6.9572507084577239e+02 0.0000000000000000e+00
6.2070094938833904e+02 0.0000000000000000e+00
5.5376711968023153e+02 0.0000000000000000e+00
4.9405115803532965e+02 0.0000000000000000e+00
4.4077471933869634e+02 0.0000000000000000e+00
3.9324339200154600e+02 0.0000000000000000e+00
3.5083764691607780e+02 0.0000000000000000e+00
3.1300476243762427e+02 0.0000000000000000e+00
2.7925162014346142e+02 0.0000000000000000e+00
2.4913827746722424e+02 0.0000000000000000e+00
2.2227223343394982e+02 0.0000000000000000e+00
1.9830331275456217e+02 0.0000000000000000e+00
1.7691910159853398e+02 0.0000000000000000e+00
1.5784087555396641e+02 0.0000000000000000e+00
1.4081996669968038e+02 0.0000000000000000e+00
1.2563452243724326e+02 0.0000000000000000e+00
1.1208661383719914e+02 0.0000000000000000e+00
9.9999655809293557e+01 0.0000000000000000e+00
8.9216105470914854e+01 0.0000000000000000e+00
7.9595408713972944e+01 0.0000000000000000e+00
7.1012168205547255e+01 0.0000000000000000e+00
6.3354508943775897e+01 0.0000000000000000e+00
5.6522620065464579e+01 0.0000000000000000e+00
5.0427453899138769e+01 0.0000000000000000e+00
4.4989565306855262e+01 0.0000000000000000e+00
4.0138076186597765e+01 0.0000000000000000e+00
3.5809751638468356e+01 0.0000000000000000e+00
3.1948175753300152e+01 0.0000000000000000e+00
2.8503016280830597e+01 0.0000000000000000e+00
2.5429368593021060e+01 0.0000000000000000e+00
2.2687170391669412e+01 0.0000000000000000e+00
2.0240679531535651e+01 0.0000000000000000e+00
1.8058008152870549e+01 0.0000000000000000e+00
1.6110707051167676e+01 0.0000000000000000e+00
1.4373394866769198e+01 0.0000000000000000e+00
1.2823427261132647e+01 0.0000000000000000e+00
1.1440601767766195e+01 0.0000000000000000e+00
1.0206894470819739e+01 0.0000000000000000e+00
9.1062250791719475e+00 0.0000000000000000e+00
8.1242473339571664e+00 0.0000000000000000e+00
7.2481620176812678e+00 0.0000000000000000e+00
6.4665501276618240e+00 0.0000000000000000e+00
5.7692240393573302e+00 0.0000000000000000e+00
5.1470947196280434e+00 0.0000000000000000e+00
4.5920532591717995e+00 0.0000000000000000e+00
4.0968651800124665e+00 0.0000000000000000e+00
3.6550761404334957e+00 0.0000000000000000e+00
3.2609278083018247e+00 0.0000000000000000e+00
2.9092828062659919e+00 0.0000000000000000e+00
2.5955577505539948e+00 0.0000000000000000e+00
2.3156635105913534e+00 0.0000000000000000e+00
2.0659519107751310e+00 0.0000000000000000e+00
1.8431681797091004e+00 0.0000000000000000e+00
1.6444085271169249e+00 0.0000000000000000e+00
1.4670822954862703e+00 0.0000000000000000e+00
1.3088781931232383e+00 0.0000000000000000e+00
1.1677341684951168e+00 0.0000000000000000e+00
1.0418105331995393e+00 0.0000000000000000e+00
9.2946598324193541e-01 0.0000000000000000e+00
8.2923620607934967e-01 0.0000000000000000e+00
7.3981479459253341e-01 0.0000000000000000e+00
6.6003621921642708e-01 0.0000000000000000e+00
5.8886063628595042e-01 0.0000000000000000e+00
5.2536033458701636e-01 0.0000000000000000e+00
4.6870764345565302e-01 0.0000000000000000e+00
4.1816414481775560e-01 0.0000000000000000e+00
3.7307104855803547e-01 0.0000000000000000e+00
3.3284060576941460e-01 0.0000000000000000e+00
2.9694844796223357e-01 0.0000000000000000e+00
2.6492675238148944e-01 0.0000000000000000e+00
2.3635814434810581e-01 0.0000000000000000e+00
2.1087025714652929e-01 0.0000000000000000e+00
1.8813087855163688e-01 0.0000000000000000e+00
1.6784362073412962e-01 0.0000000000000000e+00
1.4974405710549141e-01 0.0000000000000000e+00
1.3359627574962640e-01 0.0000000000000000e+00
1.1918980451823109e-01 0.0000000000000000e+00
1.0633686771117759e-01 0.0000000000000000e+00
9.4869938585183264e-02 0.0000000000000000e+00
8.4639555789833537e-02 0.0000000000000000e+00
7.5512375270149590e-02 0.0000000000000000e+00
6.7369432243933894e-02 0.0000000000000000e+00
6.0104590600319585e-02 0.0000000000000000e+00
5.3623159508773791e-02 0.0000000000000000e+00
4.7840659207287438e-02 0.0000000000000000e+00
4.2681719882867328e-02 0.0000000000000000e+00
3.8079099292220225e-02 0.0000000000000000e+00
3.3972806318163365e-02 0.0000000000000000e+00
3.0309319038101558e-02 0.0000000000000000e+00
2.7040887112768922e-02 0.0000000000000000e+00
2.4124909402495051e-02 0.0000000000000000e+00
2.1523378698761659e-02 0.0000000000000000e+00
1.9202386333620796e-02 0.0000000000000000e+00
1.7131680209986670e-02 0.0000000000000000e+00
1.5284270492120139e-02 0.0000000000000000e+00
1.3636077816822276e-02 0.0000000000000000e+00
1.2165619440083677e-02 0.0000000000000000e+00
1.0853729228382392e-02 0.0000000000000000e+00
9.6833078449668278e-03 0.0000000000000000e+00
8.6390998750177951e-03 0.0000000000000000e+00
7.7074949847149871e-03 0.0000000000000000e+00
6.8763505224881819e-03 0.0000000000000000e+00
6.1348332502187634e-03 0.0000000000000000e+00
5.4732781414945815e-03 0.0000000000000000e+00
4.8830624064793281e-03 0.0000000000000000e+00
4.3564931014195346e-03 0.0000000000000000e+00
3.8867068578793741e-03 0.0000000000000000e+00
3.4675804247604751e-03 0.0000000000000000e+00
3.0936508571018425e-03 0.0000000000000000e+00
2.7600443113898329e-03 0.0000000000000000e+00
2.4624125192885837e-03 0.0000000000000000e+00
2.1968761117809052e-03 0.0000000000000000e+00
1.9599740550003313e-03 0.0000000000000000e+00
1.7486185386941498e-03 0.0000000000000000e+00
1.5600547293287365e-03 0.0000000000000000e+00
1.3918248632537387e-03 0.0000000000000000e+00
1.2417362119115120e-03 0.0000000000000000e+00
1.1078325015460217e-03 0.0000000000000000e+00
9.8836841489260258e-04 0.0000000000000000e+00
8.8178684250014882e-04 0.0000000000000000e+00
7.8669858717700738e-04 0.0000000000000000e+00
7.0186425702557472e-04 0.0000000000000000e+00
6.2617811105745373e-04 0.0000000000000000e+00
5.5865364683072949e-04 0.0000000000000000e+00
4.9841074225707039e-04 0.0000000000000000e+00
4.4466418398322996e-04 0.0000000000000000e+00
3.9671343282462844e-04 0.0000000000000000e+00
3.5393349285229393e-04 0.0000000000000000e+00
3.1576676511985499e-04 0.0000000000000000e+00
2.8171577985095631e-04 0.0000000000000000e+00
2.5133671235764526e-04 0.0000000000000000e+00
2.2423359817533056e-04 0.0000000000000000e+00
2.0005317201375630e-04 0.0000000000000000e+00
1.7848026325418105e-04 0.0000000000000000e+00
1.5923368797717222e-04 0.0000000000000000e+00
1.4206258397715164e-04 0.0000000000000000e+00
1.2674314099387493e-04 0.0000000000000000e+00
1.1307568354223884e-04 0.0000000000000000e+00
1.0088206831770535e-04 0.0000000000000000e+00
9.0003362254772009e-05 0.0000000000000000e+00
8.0297770974052131e-05 0.0000000000000000e+00
7.1638790617062942e-05 0.0000000000000000e+00
6.3913558979536916e-05 0.0000000000000000e+00
5.7021384451704509e-05 0.0000000000000000e+00
5.0872433591597105e-05 0.0000000000000000e+00
4.5386560225022651e-05 0.0000000000000000e+00
4.0492260810574714e-05 0.0000000000000000e+00
3.6125742453768411e-05 0.0000000000000000e+00
3.2230091422684183e-05 0.0000000000000000e+00
2.8754531327458718e-05 0.0000000000000000e+00
2.5653761294634835e-05 0.0000000000000000e+00
2.2887365510063181e-05 0.0000000000000000e+00
2.0419286434257822e-05 0.0000000000000000e+00
1.8217354824037927e-05 0.0000000000000000e+00
1.6252870434693903e-05 0.0000000000000000e+00
1.4500227937504629e-05 0.0000000000000000e+00
1.2936583176764112e-05 0.0000000000000000e+00
1.1541555416275616e-05 0.0000000000000000e+00
1.0296961694353654e-05 0.0000000000000000e+00
9.1865798248882571e-06 0.0000000000000000e+00
8.1959369553953332e-06 0.0000000000000000e+00
7.3121209260958567e-06 0.0000000000000000e+00
6.5236119712525920e-06 0.0000000000000000e+00
5.8201325691413455e-06 0.0000000000000000e+00
5.1925134835810084e-06 0.0000000000000000e+00
4.6325742509931494e-06 0.0000000000000000e+00
4.1330165552433366e-06 0.0000000000000000e+00
3.6873291005003465e-06 0.0000000000000000e+00
3.2897027422132071e-06 0.0000000000000000e+00
2.9349547700140691e-06 0.0000000000000000e+00
2.6184613556400152e-06 0.0000000000000000e+00
2.3360972853926927e-06 0.0000000000000000e+00
2.0841821916005152e-06 0.0000000000000000e+00
1.8594325822584814e-06 0.0000000000000000e+00
1.6589190435934440e-06 0.0000000000000000e+00
1.4800280577284465e-06 0.0000000000000000e+00
1.3204279377723794e-06 0.0000000000000000e+00
1.1780384363292481e-06 0.0000000000000000e+00
1.0510036313002329e-06 0.0000000000000000e+00
9.3766773556916399e-07 0.0000000000000000e+00
8.3655351527157158e-07 0.0000000000000000e+00
7.4634303534869688e-07 0.0000000000000000e+00
6.6586048142141028e-07 0.0000000000000000e+00
5.9405683408248064e-07 0.0000000000000000e+00
5.2999619584984994e-07 0.0000000000000000e+00
4.7284359256494006e-07 0.0000000000000000e+00
4.2185409023776993e-07 0.0000000000000000e+00
3.7636308548665980e-07 0.0000000000000000e+00
3.3577764301680670e-07 0.0000000000000000e+00
2.9956876722948246e-07 0.0000000000000000e+00
2.6726450722896774e-07 0.0000000000000000e+00
2.3844380535713487e-07 0.0000000000000000e+00
2.1273100907664561e-07 0.0000000000000000e+00
1.8979097467005809e-07 0.0000000000000000e+00
1.6932469893579234e-07 0.0000000000000000e+00
1.5106542194400851e-07 0.0000000000000000e+00
1.3477515005518923e-07 0.0000000000000000e+00
1.2024155388207509e-07 0.0000000000000000e+00
1.0727520076256951e-07 0.0000000000000000e+00
9.5707085671363914e-08 0.0000000000000000e+00
8.5386428387853248e-08 0.0000000000000000e+00
7.6178708208388273e-08 0.0000000000000000e+00
6.7963910587039589e-08 0.0000000000000000e+00
6.0634962851398497e-08 0.0000000000000000e+00
5.4096338604323291e-08 0.0000000000000000e+00
4.8262812621252007e-08 0.0000000000000000e+00
4.3058350014244924e-08 0.0000000000000000e+00
3.8415115184000772e-08 0.0000000000000000e+00
3.4272587642392801e-08 0.0000000000000000e+00
3.0576773181060519e-08 0.0000000000000000e+00
2.7279500104321259e-08 0.0000000000000000e+00
2.4337791353425561e-08 0.0000000000000000e+00
2.1713304338338763e-08 0.0000000000000000e+00
1.9371831175755620e-08 0.0000000000000000e+00
1.7282852819382767e-08 0.0000000000000000e+00
1.5419141270974779e-08 0.0000000000000000e+00
1.3756404687288582e-08 0.0000000000000000e+00
1.2272970757242008e-08 0.0000000000000000e+00
1.0949504222371414e-08 0.0000000000000000e+00
9.7687548587195144e-09 0.0000000000000000e+00
8.7153326353152164e-09 0.0000000000000000e+00
7.7755071186367693e-09 0.0000000000000000e+00
6.9370285084688442e-09 0.0000000000000000e+00
6.1889679725155806e-09 0.0000000000000000e+00
5.5215751986692781e-09 0.0000000000000000e+00
4.9261513082556488e-09 0.0000000000000000e+00
4.3949354737896308e-09 0.0000000000000000e+00
3.9210037634053613e-09 0.0000000000000000e+00
3.4981788934848857e-09 0.0000000000000000e+00
3.1209497131916233e-09 0.0000000000000000e+00
2.7843993714590969e-09 0.0000000000000000e+00
2.4841412301556873e-09 0.0000000000000000e+00
2.2162616881089227e-09 0.0000000000000000e+00
1.9772691707514613e-09 0.0000000000000000e+00
1.7640486205129024e-09 0.0000000000000000e+00
1.5738208947802649e-09 0.0000000000000000e+00
1.4041065422146730e-09 0.0000000000000000e+00
1.2526934852808142e-09 0.0000000000000000e+00
1.1176081877589179e-09 0.0000000000000000e+00
9.9708993143345521e-10 0.0000000000000000e+00
8.8956786667746155e-10 0.0000000000000000e+00
7.9364053780730497e-10 0.0000000000000000e+00
7.0805761633860701e-10 0.0000000000000000e+00
6.3170360405259461e-10 0.0000000000000000e+00
5.6358329345644781e-10 0.0000000000000000e+00
5.0280879612770748e-10 0.0000000000000000e+00
4.4858796986843155e-10 0.0000000000000000e+00
4.0021409382737253e-10 0.0000000000000000e+00
3.5705665701432205e-10 0.0000000000000000e+00
3.1855314014312358e-10 0.0000000000000000e+00
2.8420168368678090e-10 0.0000000000000000e+00
2.5355454657929934e-10 0.0000000000000000e+00
2.2621227030409700e-10 0.0000000000000000e+00
2.0181847230307978e-10 0.0000000000000000e+00
1.8005520084297104e-10 0.0000000000000000e+00
1.6063879079372145e-10 0.0000000000000000e+00
1.4331616630265287e-10 0.0000000000000000e+00
1.2786154217299178e-10 0.0000000000000000e+00
1.1407348095211364e-10 0.0000000000000000e+00
1.0177226737126770e-10 0.0000000000000000e+00
9.0797565914874484e-11 0.0000000000000000e+00
8.1006330987900721e-11 0.0000000000000000e+00
7.2270942442150656e-11 0.0000000000000000e+00
6.4477542159721154e-11 0.0000000000000000e+00
5.7524550012425004e-11 0.0000000000000000e+00
5.1321339854036473e-11 0.0000000000000000e+00
4.5787058288062830e-11 0.0000000000000000e+00
4.0849570814733765e-11 0.0000000000000000e+00
3.6444521621145061e-11 0.0000000000000000e+00
3.2514494759760361e-11 0.0000000000000000e+00
2.9008265781957558e-11 0.0000000000000000e+00
2.5880134072330862e-11 0.0000000000000000e+00
2.3089327181303021e-11 0.0000000000000000e+00
2.0599469392055136e-11 0.0000000000000000e+00
1.8378107595002949e-11 0.0000000000000000e+00
1.6396288290016533e-11 0.0000000000000000e+00
1.4628180202973076e-11 0.0000000000000000e+00
1.3050737597785883e-11 0.0000000000000000e+00
1.1643399895473247e-11 0.0000000000000000e+00
1.0387823685069443e-11 0.0000000000000000e+00
9.2676436333723974e-12 0.0000000000000000e+00
8.2682591771976477e-12 0.0000000000000000e+00
7.3766442178610359e-12 0.0000000000000000e+00
6.5811773374217576e-12 0.0000000000000000e+00
5.8714903237062150e-12 0.0000000000000000e+00
5.2383330297677140e-12 0.0000000000000000e+00
4.6734528063455251e-12 0.0000000000000000e+00
4.1694869358291591e-12 0.0000000000000000e+00
3.7198666657007444e-12 0.0000000000000000e+00
3.3187315906146598e-12 0.0000000000000000e+00
2.9608532671610974e-12 0.0000000000000000e+00
2.6415670656977962e-12 0.0000000000000000e+00
2.3567113709994322e-12 0.0000000000000000e+00
2.1025733392579098e-12 0.0000000000000000e+00
1.8758405044243420e-12 0.0000000000000000e+00
1.6735576031230852e-12 0.0000000000000000e+00
1.4930880553891440e-12 0.0000000000000000e+00
1.3320795991637823e-12 3.2846850563874470e-281
1.1884336306245988e-12 3.3449290894275596e-244
1.0602778507276808e-12 1.3461649671651837e-212
9.4594186143394006e-13 1.4723265206700595e-185
8.4393539353762512e-13 2.1877251772386118e-162
7.5292888231614086e-13 1.7058693063302035e-142
6.7173613782150145e-13 2.1857679039756330e-125
5.9929888393614801e-13 1.2119389262103671e-110
5.3467296467313915e-13 6.6196605900390370e-98
4.7701603793212206e-13 7.1592155452284997e-87
4.2557659630979098e-13 2.7678807533044777e-77
3.7968417186090919e-13 6.2963984674653007e-69
3.3874059713744993e-13 1.2818114903033988e-61
3.0221220860128739e-13 3.3238069666418401e-55
2.6962289078863602e-13 1.4790679858241611e-49
2.4054787056313613e-13 1.4552692966571076e-44
2.1460818057105826e-13 3.9345531798712236e-40
1.9146571973469861e-13 3.5276256335784291e-36
1.7081884640174769e-13 1.2348616257386292e-32
1.5239844671127483e-13 1.9438871342407407e-29
1.3596442693088735e-13 1.5522005512441934e-26
1.2130258404580539e-13 6.9467331217271196e-24
1.0822181381067547e-13 1.8862609337250634e-21
9.6551619873572647e-14 3.2989675734916014e-19
8.6139891505783748e-14 3.8780522336984381e-17
7.6850920972058850e-14 3.1541609664496204e-15
6.8563634699459528e-14 1.8098109674572350e-13
6.1170015189670494e-14 7.4281494454134177e-12
5.4573693105770450e-14 2.2057148236459943e-10
4.8688691182567286e-14 4.7898073683465103e-09
4.3438303588450879e-14 7.6922839943168876e-08
3.8754096132246112e-14 9.2465360753918440e-07
3.4575014283630052e-14 8.4269314988761652e-06
3.0846587380954025e-14 5.9021526424187908e-05
2.7520218654004642e-14 3.2217390260487678e-04
2.4552551807784875e-14 1.3901933397763723e-03
2.1904905911284589e-14 4.8091553958947153e-03
1.9542771225518499e-14 1.3520018558934713e-02
1.7435359399384738e-14 3.1289008062770907e-02
1.5555202170548517e-14 6.0325027025110216e-02
1.3877793340765425e-14 9.7951434671579921e-02
1.2381269359111251e-14 1.3525158538408988e-01
1.1046124349796104e-14 1.6017064900006589e-01
9.8549558702048083e-15 1.6387261705860492e-01
8.7922380853403397e-15 1.4574238758293667e-01
7.8441194022011060e-15 1.1324491338033861e-01
6.9982419264305026e-15 7.7189175190803497e-02
6.2435803880175179e-15 4.6295343855741834e-02
5.5702984365845550e-15 2.4486097059747226e-02
4.9696204331996336e-15 1.1437022134416878e-02
4.4337170676295814e-15 4.7207264284015223e-03
3.9556033101573715e-15 1.7218971314208072e-03
3.5290473678540365e-15 5.5467792751804983e-04
3.1484894586312858e-15 1.5761458263293150e-04
2.8089693443645312e-15 3.9439524790518224e-05
2.5060616785453409e-15 8.6714294440731474e-06
2.2358183257760632e-15 1.6707643717129826e-06
1.9947169012925927e-15 2.8122488912831805e-07
1.7796148597723068e-15 4.1206742812145007e-08
1.5877085350157717e-15 5.2352635862890164e-09
1.4164965966200186e-15 5.7420182046695750e-10
1.2637474473336917e-15 5.4108733988430264e-11
1.1274701361466375e-15 4.3580113913209180e-12
1.0058884079920774e-15 2.9832339002709834e-13
8.9741755182172195e-16 1.7251996387358494e-14
8.0064374528912605e-16 8.3739654899089652e-16
7.1430562681700685e-16 3.3881004743858213e-17
6.3727785485689586e-16 1.1342530590565444e-18
5.6855644005033481e-16 3.1173348739360940e-20
5.0724565910939892e-16 6.9752208387310605e-22
4.5254637985025654e-16 1.2595003267354476e-23
4.0374564520700376e-16 1.8182195402940106e-25
3.6020738046243058e-16 2.0778498437934019e-27
3.2136410257275384e-16 1.8602734834268951e-29
2.8670952352449924e-16 1.2905189175975191e-31
2.5579195131490102e-16 6.8573093345891161e-34
2.2820840254332430e-16 2.7571396809954336e-36
2.0359934987658117e-16 8.2816965247951529e-39
1.8164403592587655e-16 1.8335417984487971e-41
1.6205629245595567e-16 2.9501298202380693e-44
1.4458081043347125e-16 3.3990764050137914e-47
1.2898981229797429e-16 2.7616743277559101e-50
1.1508008308144585e-16 1.5569175363287641e-53
1.0267032167966551e-16 5.9844074190067404e-57
9.1598777751537406e-17 1.5366076645304541e-60
8.1721143445460793e-17 2.5685098212595451e-64
7.2908672473214144e-17 2.7007815888580119e-68
6.5046502015161939e-17 1.7069830651747479e-72
5.8032155584273414e-17 6.1202485355331719e-77
5.1774207335120350e-17 1.1621669567277143e-81
4.6191090408271109e-17 1.0844165588772223e-86
4.1210033777915528e-17 4.6186152387345239e-92
3.6766113745451078e-17 8.4231354568920715e-98
3.2801407716094828e-17 6.2849901073075443e-104
2.9264239228727470e-17 1.8788258267498164e-110
2.6108504398608285e-17 2.2634572716869321e-117
2.3293070993726219e-17 1.1326119898209912e-124
2.0781242312282416e-17 2.4676309834902927e-132
1.8540278873408938e-17 2.4679982310126516e-140
1.6540971686789698e-17 1.1863491194595187e-148
1.4757261539123092e-17 2.8160686920581032e-157
1.3165899335164626e-17 3.2997902492247893e-166
1.1746143066187658e-17 1.8490972071968640e-175
1.0479487456116524e-17 4.6560904374311268e-185
9.3494227615043836e-18 4.8243392133654077e-195
8.3412195815280093e-18 1.8487278524395184e-205
7.4417368731834049e-18 2.3295333086458309e-216
6.6392506693309940e-18 8.5490803446460376e-228
5.9233012670811887e-18 8.1069335960433191e-240
5.2845568947528549e-18 1.7717235846852286e-252
4.7146920804252268e-18 8.0141949209347674e-266
4.2062791367228814e-18 6.7859855227554140e-280
3.7526913474346010e-18 9.7856516472573981e-295
3.3480165940870899e-18 0.0000000000000000e+00
2.9869802966730775e-18 0.0000000000000000e+00
2.6648766641330927e-18 0.0000000000000000e+00
2.3775073585021308e-18 0.0000000000000000e+00
2.1211267732612304e-18 0.0000000000000000e+00
1.8923932126461352e-18 0.0000000000000000e+00
1.6883253355776957e-18 0.0000000000000000e+00
1.5062632964994431e-18 0.0000000000000000e+00
1.3438340766266129e-18 0.0000000000000000e+00
1.1989205537304272e-18 0.0000000000000000e+00
1.0696339073091073e-18 0.0000000000000000e+00
9.5428899947160164e-19 0.0000000000000000e+00
8.5138241064504929e-19 0.0000000000000000e+00
7.5957284382104794e-19 0.0000000000000000e+00
6.7766364192708437e-19 0.0000000000000000e+00
6.0458719045262715e-19 0.0000000000000000e+00
5.3939100203155262e-19 0.0000000000000000e+00
4.8122530160586369e-19 0.0000000000000000e+00
4.2933195035408474e-19 0.0000000000000000e+00
3.8303456401760495e-19 0.0000000000000000e+00
3.4172969682586006e-19 0.0000000000000000e+00
3.0487897611070108e-19 0.0000000000000000e+00
2.7200208509146436e-19 0.0000000000000000e+00
2.4267050236760281e-19 0.0000000000000000e+00
2.1650191651855363e-19 0.0000000000000000e+00
1.9315524301014185e-19 0.0000000000000000e+00
1.7232617845721966e-19 0.0000000000000000e+00
1.5374323429631303e-19 0.0000000000000000e+00
1.3716419817061588e-19 0.0000000000000000e+00
1.2237297690464606e-19 0.0000000000000000e+00
1.0917677991947648e-19 0.0000000000000000e+00
9.7403606376868795e-20 0.0000000000000000e+00
8.6900003299396589e-20 0.0000000000000000e+00
7.7529065445656851e-20 0.0000000000000000e+00
6.9168650870679295e-20 0.0000000000000000e+00
6.1709788912952011e-20 0.0000000000000000e+00
5.5055259857545565e-20 0.0000000000000000e+00
4.9118327762513829e-20 0.0000000000000000e+00
4.3821609932062428e-20 0.0000000000000000e+00
3.9096068301075073e-20 0.0000000000000000e+00
3.4880109584563344e-20 0.0000000000000000e+00
3.1118782463292177e-20 0.0000000000000000e+00
2.7763061341592033e-20 0.0000000000000000e+00
2.4769207341779060e-20 0.0000000000000000e+00
2.2098198206295534e-20 0.0000000000000000e+00
1.9715219676854476e-20 0.0000000000000000e+00
1.7589211721156987e-20 0.0000000000000000e+00
1.5692463692651448e-20 0.0000000000000000e+00
1.4000253146591029e-20 0.0000000000000000e+00
1.2490523604679266e-20 0.0000000000000000e+00
1.1143597068245551e-20 0.0000000000000000e+00
9.9419175328158350e-21 0.0000000000000000e+00
8.8698221610118344e-21 0.0000000000000000e+00
7.9133371312219407e-21 0.0000000000000000e+00
7.0599955011083644e-21 0.0000000000000000e+00
6.2986747119636193e-21 0.0000000000000000e+00
5.6194516159254735e-21 0.0000000000000000e+00
5.0134731364597458e-21 0.0000000000000000e+00
4.4728408762824824e-21 0.0000000000000000e+00
3.9905081686885972e-21 0.0000000000000000e+00
3.5601882304396822e-21 0.0000000000000000e+00
3.1762722190659801e-21 0.0000000000000000e+00
2.8337561265304805e-21 0.0000000000000000e+00
2.5281755563792315e-21 0.0000000000000000e+00
2.2555475342541574e-21 0.0000000000000000e+00
2.0123185933204068e-21 0.0000000000000000e+00
1.7953184579468329e-21 0.0000000000000000e+00
1.6017187219476201e-21 0.0000000000000000e+00
1.4289959827915345e-21 0.0000000000000000e+00
1.2748989512661493e-21 0.0000000000000000e+00
1.1374191079000480e-21 0.0000000000000000e+00
1.0147645236756202e-21 0.0000000000000000e+00
9.0533650380796901e-22 0.0000000000000000e+00
8.0770875016247040e-22 0.0000000000000000e+00
7.2060877071117039e-22 0.0000000000000000e+00
6.4290129371683999e-22 0.0000000000000000e+00
5.7357347046286749e-22 0.0000000000000000e+00
5.1172167365978638e-22 0.0000000000000000e+00
4.5653971945712743e-22 0.0000000000000000e+00
4.0730835954500644e-22 0.0000000000000000e+00
3.6338590638404137e-22 0.0000000000000000e+00
3.2419986937184956e-22 0.0000000000000000e+00
2.8923949293080917e-22 0.0000000000000000e+00
2.5804909925770558e-22 0.0000000000000000e+00
2.3022214896373941e-22 0.0000000000000000e+00
2.0539594219064260e-22 0.0000000000000000e+00
1.8324689113655060e-22 0.0000000000000000e+00
1.6348630237321526e-22 0.0000000000000000e+00
1.4585661398069539e-22 0.0000000000000000e+00
1.3012803845393821e-22 0.0000000000000000e+00
1.1609556762445155e-22 0.0000000000000000e+00
1.0357630055888776e-22 0.0000000000000000e+00
9.2407059605999544e-23 0.0000000000000000e+00
8.2442263519269607e-23 0.0000000000000000e+00
7.3552029933211968e-23 0.0000000000000000e+00
6.5620482460814868e-23 0.0000000000000000e+00
5.8544240346597723e-23 0.0000000000000000e+00
5.2231070989259149e-23 0.0000000000000000e+00
4.6598687770718116e-23 0.0000000000000000e+00
4.1573677522320200e-23 0.0000000000000000e+00
3.7090543648655105e-23 0.0000000000000000e+00
3.3090852436958891e-23 0.0000000000000000e+00
2.9522471424984763e-23 0.0000000000000000e+00
2.6338889900146110e-23 0.0000000000000000e+00
2.3498612673223263e-23 0.0000000000000000e+00
2.0964619225015812e-23 0.0000000000000000e+00
1.8703881176386400e-23 0.0000000000000000e+00
1.6686931792347766e-23 0.0000000000000000e+00
1.4887481909049637e-23 0.0000000000000000e+00
1.3282077277616814e-23 0.0000000000000000e+00
1.1849792858612690e-23 0.0000000000000000e+00
1.0571960082528840e-23 0.0000000000000000e+00
9.4319235213760676e-24 0.0000000000000000e+00
8.4148237998084511e-24 0.0000000000000000e+00
7.5074039162152645e-24 0.0000000000000000e+00
6.6978364493487411e-24 0.0000000000000000e+00
5.9755693982748273e-24 0.0000000000000000e+00
5.3311886463084898e-24 0.0000000000000000e+00
4.7562952562702250e-24 0.0000000000000000e+00
4.2433959977167893e-24 0.0000000000000000e+00
3.7858056792628726e-24 0.0000000000000000e+00
3.3775600129827454e-24 0.0000000000000000e+00
3.0133378751550271e-24 0.0000000000000000e+00
2.6883919500885562e-24 0.0000000000000000e+00
2.3984868530314147e-24 0.0000000000000000e+00
2.1398439256504756e-24 0.0000000000000000e+00
1.9090919845384653e-24 0.0000000000000000e+00
1.7032233807991922e-24 0.0000000000000000e+00
1.5195547979854708e-24 0.0000000000000000e+00
1.3556922774259026e-24 0.0000000000000000e+00
1.2095000150759771e-24 0.0000000000000000e+00
1.0790725231882466e-24 0.0000000000000000e+00
9.6270979395292103e-25 0.0000000000000000e+00
8.5889514138912705e-25 0.0000000000000000e+00
7.6627543267510549e-25 0.0000000000000000e+00
6.8364345125035002e-25 0.0000000000000000e+00
6.0992216180790721e-25 0.0000000000000000e+00
5.4415067208507314e-25 0.0000000000000000e+00
4.8547170847661003e-25 0.0000000000000000e+00
4.3312044222625084e-25 0.0000000000000000e+00
3.8641452055552967e-25 0.0000000000000000e+00
3.4474517279459994e-25 0.0000000000000000e+00
3.0756927559117780e-25 0.0000000000000000e+00
2.7440227377467637e-25 0.0000000000000000e+00
2.4481186460508812e-25 0.0000000000000000e+00
2.1841236308644594e-25 0.0000000000000000e+00
1.9485967490161106e-25 0.0000000000000000e+00
1.7384681144507014e-25 0.0000000000000000e+00
1.5509988849605692e-25 0.0000000000000000e+00
1.3837455637827773e-25 0.0000000000000000e+00
1.2345281507647013e-25 0.0000000000000000e+00
1.1014017279767497e-25 0.0000000000000000e+00
9.8263110941516498e-26 0.0000000000000000e+00
8.7666822437641636e-26 0.0000000000000000e+00
7.8213193971510231e-26 0.0000000000000000e+00
6.9779005798646222e-26 0.0000000000000000e+00
6.2254325683478870e-26 0.0000000000000000e+00
5.5541076029201729e-26 0.0000000000000000e+00
4.9551755522430597e-26 0.0000000000000000e+00
4.4208298630436571e-26 0.0000000000000000e+00
3.9441058085483419e-26 0.0000000000000000e+00
3.5187897093861558e-26 0.0000000000000000e+00
3.1393379437350714e-26 0.0000000000000000e+00
2.8008046910805609e-26 0.0000000000000000e+00
2.4987774677885618e-26 0.0000000000000000e+00
2.2293196142566465e-26 0.0000000000000000e+00
1.9889189840132874e-26 0.0000000000000000e+00
1.7744421659733542e-26 0.0000000000000000e+00
1.5830936431763548e-26 0.0000000000000000e+00
1.4123793556780592e-26 0.0000000000000000e+00
1.2600741926694200e-26 0.0000000000000000e+00
1.1241929901115137e-26 0.0000000000000000e+00
1.0029646558656458e-26 0.0000000000000000e+00
8.9480908506281136e-27 0.0000000000000000e+00
7.9831656482438324e-27 0.0000000000000000e+00
7.1222939989290341e-27 0.0000000000000000e+00
6.3542551967889645e-27 0.0000000000000000e+00
5.6690385305621447e-27 0.0000000000000000e+00
5.0577128027905094e-27 0.0000000000000000e+00
4.5123099195048967e-27 0.0000000000000000e+00
4.0257210331176724e-27 0.0000000000000000e+00
3.5916038848378787e-27 0.0000000000000000e+00
3.2043001388976952e-27 0.0000000000000000e+00
2.8587616311154688e-27 0.0000000000000000e+00
2.5504845705088635e-27 0.0000000000000000e+00
2.2754508363349239e-27 0.0000000000000000e+00
2.0300756054149309e-27 0.0000000000000000e+00
1.8111606271128406e-27 0.0000000000000000e+00
1.6158525369469232e-27 0.0000000000000000e+00
1.4416056654897565e-27 0.0000000000000000e+00
1.2861488578028543e-27 0.0000000000000000e+00
1.1474558709268200e-27 0.0000000000000000e+00
1.0237189635838008e-27 0.0000000000000000e+00
9.1332533385760612e-28 0.0000000000000000e+00
8.1483609773710169e-28 0.0000000000000000e+00
7.2696753452690636e-28 0.0000000000000000e+00
6.4857435467548197e-28 0.0000000000000000e+00
5.7863477193169736e-28 0.0000000000000000e+00
5.1623718525838127e-28 0.0000000000000000e+00
4.6056829691347060e-28 0.0000000000000000e+00
4.1090251182817311e-28 0.0000000000000000e+00
3.6659248011251146e-28 0.0000000000000000e+00
3.2706065941801220e-28 0.0000000000000000e+00
2.9179178718045454e-28 0.0000000000000000e+00
2.6032616462484474e-28 0.0000000000000000e+00
2.3225366499562110e-28 0.0000000000000000e+00
2.0720838791457109e-28 0.0000000000000000e+00
1.8486389019077417e-28 0.0000000000000000e+00
1.6492893092028850e-28 0.0000000000000000e+00
1.4714367541675394e-28 0.0000000000000000e+00
1.3127630849444432e-28 0.0000000000000000e+00
1.1712001296092610e-28 0.0000000000000000e+00
1.0449027393658009e-28 0.0000000000000000e+00
9.3222473865199276e-29 0.0000000000000000e+00
8.3169746868710858e-29 0.0000000000000000e+00
7.4201064479449383e-29 0.0000000000000000e+00
6.6199527799148974e-29 0.0000000000000000e+00
5.9060843824472417e-29 0.0000000000000000e+00
5.2691966079303467e-29 0.0000000000000000e+00
4.7009881835654061e-29 0.0000000000000000e+00
4.1940530115656105e-29 0.0000000000000000e+00
3.7417836371760215e-29 0.0000000000000000e+00
