# k_modes P_scalar P_tensor
4.5730594561685182e-05 3.0115958919818589e-09 1.6582865210519558e-11
4.8415505415526742e-05 3.0034987489119070e-09 1.6582020368031410e-11
5.1258051357260116e-05 2.9954127548131214e-09 1.6581178102293236e-11
5.4267487376077627e-05 2.9873370333981692e-09 1.6580333493036940e-11
5.7453611835277558e-05 2.9792727381889046e-09 1.6579493021472979e-11
6.0826798374561696e-05 2.9712181594087322e-09 1.6578647066442992e-11
6.4398029685363938e-05 2.9631719540304442e-09 1.6577788252611775e-11
6.8178933269178460e-05 2.9551374251627323e-09 1.6576934893157020e-11
7.2181819295312182e-05 2.9471135597940650e-09 1.6576081378738359e-11
7.6419720681321899e-05 2.9390983732794976e-09 1.6575216491368419e-11
8.0906435526633110e-05 2.9310958021523201e-09 1.6574362287091112e-11
8.5656572037499517e-05 2.9231018806281358e-09 1.6573496613755936e-11
9.0685596089573186e-05 2.9151193888554977e-09 1.6572635074810951e-11
9.6009881582943645e-05 2.9071456599844431e-09 1.6571762420646286e-11
1.0164676375359586e-04 2.8991837166355706e-09 1.6570895945674795e-11
1.0761459561486264e-04 2.8912307604952105e-09 1.6570019580891471e-11
1.1393280771263834e-04 2.8832885156411626e-09 1.6569143266314330e-11
1.2062197138890945e-04 2.8753555284391445e-09 1.6568258504778018e-11
1.2770386575958073e-04 2.8674348810277596e-09 1.6567383148052649e-11
1.3520154862466853e-04 2.8595246379119836e-09 1.6566505956067643e-11
1.4313943154173643e-04 2.8516239420441162e-09 1.6565621995819494e-11
1.5154335930700353e-04 2.8437320904946127e-09 1.6564727205205361e-11
1.6044069410290590e-04 2.8358525702968854e-09 1.6563841698923266e-11
1.6986040458608602e-04 2.8279811431868429e-09 1.6562940825456442e-11
1.7983316020586982e-04 2.8201214667704608e-09 1.6562045963049510e-11
1.9039143106032108e-04 2.8122729284945899e-09 1.6561153496062455e-11
2.0156959361499236e-04 2.8044333610775170e-09 1.6560250668038082e-11
2.1340404262858029e-04 2.7966040961069887e-09 1.6559345277195282e-11
2.2593330964990169e-04 2.7887863176531343e-09 1.6558444323114343e-11
2.3919818847200228e-04 2.7809789950311283e-09 1.6557541800649884e-11
2.5324186795186188e-04 2.7731799308099463e-09 1.6556624417935769e-11
2.6811007262814087e-04 2.7653921129118174e-09 1.6555710129318332e-11
2.8385121159480245e-04 2.7576147938316958e-09 1.6554794357209697e-11
3.0051653611532571e-04 2.7498484266894662e-09 1.6553879817070928e-11
3.1816030649068239e-04 2.7420903829097145e-09 1.6552950678029644e-11
3.3683996872437873e-04 2.7343447683050443e-09 1.6552031777534230e-11
3.5661634155976417e-04 2.7266083565935314e-09 1.6551103362784237e-11
3.7755381449857642e-04 2.7188830064371486e-09 1.6550176829437615e-11
3.9972055744544869e-04 2.7111670944979827e-09 1.6549242346254966e-11
4.2318874266095570e-04 2.7034612842122043e-09 1.6548303836399951e-11
4.4803477974585142e-04 2.6957666113312286e-09 1.6547367711520622e-11
4.7433956442157946e-04 2.6880827273718086e-09 1.6546431677584264e-11
5.0218874191705447e-04 2.6804070815103479e-09 1.6545480162629772e-11
5.3167298581927177e-04 2.6727434732085000e-09 1.6544536439425606e-11
5.6288829329564829e-04 2.6650902827372051e-09 1.6543590542828343e-11
5.9593629764930400e-04 2.6574465322042616e-09 1.6542636488120441e-11
6.3092459922492656e-04 2.6498132926628672e-09 1.6541680713371293e-11
6.6796711574260853e-04 2.6421898839251096e-09 1.6540719045511148e-11
7.0718445320030207e-04 2.6345784538294874e-09 1.6539764974359642e-11
7.4870429855250584e-04 2.6269762430829511e-09 1.6538801128293614e-11
7.9266183544369855e-04 2.6193848379118158e-09 1.6537837386200111e-11
8.3920018435009716e-04 2.6118027501870438e-09 1.6536864450653085e-11
8.8847086856278846e-04 2.6042322688273981e-09 1.6535896655939548e-11
9.4063430752942075e-04 2.5966711057664620e-09 1.6534919653215401e-11
9.9586033916071416e-04 2.5891199431620666e-09 1.6533937527555524e-11
1.0543287728023607e-03 2.5815802318694010e-09 1.6532959633294943e-11
1.1162299746727217e-03 2.5740500668131423e-09 1.6531973781746313e-11
1.1817654876724382e-03 2.5665309649103062e-09 1.6530989655009161e-11
1.2511486875839805e-03 2.5590218083249631e-09 1.6530000043234062e-11
1.3246054777976449e-03 2.5515234782408793e-09 1.6529010593099524e-11
1.4023750248259401e-03 2.5440340376084105e-09 1.6528008777231244e-11
1.4847105370011124e-03 2.5365567476929387e-09 1.6527015703930280e-11
1.5718800888911528e-03 2.5290891582592455e-09 1.6526015406830053e-11
1.6641674941184896e-03 2.5216312084392606e-09 1.6525007516023823e-11
1.7618732294231562e-03 2.5141837792522105e-09 1.6523997686386761e-11
1.8653154129790745e-03 2.5067478720393336e-09 1.6522992543286268e-11
1.9748308401487339e-03 2.4993213092593188e-09 1.6521977713042880e-11
2.0907760800485627e-03 2.4919057972357971e-09 1.6520964453748981e-11
2.2135286364952686e-03 2.4844990063286116e-09 1.6519937262678691e-11
2.3434881771130641e-03 2.4771041863486158e-09 1.6518917762746594e-11
2.4810778346035871e-03 2.4697190350737489e-09 1.6517890511346296e-11
2.6267455844153098e-03 2.4623435859620571e-09 1.6516855735674648e-11
2.7809657032979531e-03 2.4549801723260793e-09 1.6515829124064944e-11
2.9442403134907896e-03 2.4476265123944171e-09 1.6514795165852319e-11
3.1171010175725252e-03 2.4402823434545269e-09 1.6513752217328378e-11
3.3001106292956366e-03 2.4329493399872270e-09 1.6512711501676732e-11
3.4938650060405527e-03 2.4256260520566899e-09 1.6511663207498686e-11
3.6989949888559300e-03 2.4183136939181426e-09 1.6510615487071483e-11
3.9161684564015670e-03 2.4110113476642603e-09 1.6509562103857265e-11
4.1460924994813396e-03 2.4037204938878526e-09 1.6508513204518129e-11
4.3895157232461852e-03 2.3964387183023265e-09 1.6507452115771613e-11
4.6472306845628253e-03 2.3891667612465210e-09 1.6506383948716304e-11
4.9200764724840326e-03 2.3819064811670258e-09 1.6505321463594528e-11
5.2089414402220792e-03 2.3746562558356477e-09 1.6504253490413705e-11
5.5147660975204326e-03 2.3674162944956140e-09 1.6503181366579104e-11
5.8385461728408536e-03 2.3601869899156937e-09 1.6502107862942551e-11
6.1813358553360256e-03 2.3529667680626370e-09 1.6501021906905798e-11
6.5442512271631989e-03 2.3457583305732632e-09 1.6499942365091641e-11
6.9284738973140443e-03 2.3385598470385737e-09 1.6498856447300989e-11
7.3352548487920326e-03 2.3313714809659170e-09 1.6497765310539564e-11
7.7659185116632883e-03 2.3241944973050193e-09 1.6496677734642634e-11
8.2218670752422854e-03 2.3170271762785778e-09 1.6495581595753668e-11
8.7045850534523440e-03 2.3098704795692135e-09 1.6494483640897082e-11
9.2156441182251938e-03 2.3027233680148393e-09 1.6493376522117957e-11
9.7567082166765771e-03 2.2955866628683827e-09 1.6492265984654131e-11
1.0329538988718800e-02 2.2884606343804597e-09 1.6491153909708813e-11
1.0936001502749334e-02 2.2813458232604190e-09 1.6490044280226153e-11
1.1578070328090172e-02 2.2742409179681890e-09 1.6488927525388516e-11
1.2257835963949089e-02 2.2671460408881191e-09 1.6487804567033504e-11
1.2977511645834723e-02 2.2600617883158450e-09 1.6486679648026464e-11
1.3739440551586367e-02 2.2529883253946842e-09 1.6485553956022398e-11
1.4546103430480408e-02 2.2459245101863672e-09 1.6484419152552519e-11
1.5400126680252903e-02 2.2388717411106617e-09 1.6483285447630282e-11
1.6304290898336102e-02 2.2318293453210433e-09 1.6482147810997020e-11
1.7261539935150717e-02 2.2247963502027123e-09 1.6480999085486750e-11
1.8274990478930348e-02 2.2177741861595858e-09 1.6479849771110809e-11
1.9347942203285166e-02 2.2107626686193475e-09 1.6478698491293054e-11
2.0483888510544054e-02 2.2037617672262451e-09 1.6477544987686911e-11
2.1686527905854232e-02 2.1967717335547889e-09 1.6476391165178764e-11
2.2959776039071161e-02 2.1897907361406438e-09 1.6475223261955291e-11
2.4307778453645540e-02 2.1828219643160301e-09 1.6474065162771480e-11
2.5734924084016366e-02 2.1758620447339989e-09 1.6472891472759425e-11
2.7245859545455900e-02 2.1689126706328459e-09 1.6471714838516043e-11
2.8845504262892556e-02 2.1619739611690461e-09 1.6470536263256516e-11
3.0539066487969370e-02 2.1550457023241188e-09 1.6469354005683772e-11
3.2332060256487660e-02 2.1481275807361168e-09 1.6468165678025016e-11
3.4230323341447301e-02 2.1412200784635295e-09 1.6466974867399857e-11
3.6240036260136527e-02 2.1343242121423962e-09 1.6465789508488371e-11
3.8367742397156110e-02 2.1274372455996578e-09 1.6464588353022539e-11
4.0620369308896079e-02 2.1205610940688035e-09 1.6463386243799724e-11
4.3005251278829704e-02 2.1136957620186660e-09 1.6462183123578868e-11
4.5530153197062245e-02 2.1068409042737469e-09 1.6460976366611377e-11
4.8203295841883272e-02 2.0999955546666160e-09 1.6459758288278295e-11
5.1033382645636366e-02 2.0931611017877852e-09 1.6458539827028341e-11
5.4029628032052551e-02 2.0863373288197952e-09 1.6457319120520726e-11
5.7201787417310593e-02 2.0795242879668063e-09 1.6456096647700762e-11
6.0560188972503828e-02 2.0727207369792876e-09 1.6454862518668614e-11
6.4115767250928463e-02 2.0659277357527836e-09 1.6453625054202545e-11
6.7880098789679683e-02 2.0591453929962333e-09 1.6452385199788289e-11
7.1865439801470199e-02 2.0523744991348425e-09 1.6451149113778525e-11
7.6084766079391089e-02 2.0456126023929288e-09 1.6449897192665917e-11
8.0551815244540317e-02 2.0388619235783333e-09 1.6448647319020818e-11
8.5281131474071889e-02 2.0321215944979113e-09 1.6447392312246683e-11
9.0288112855295088e-02 2.0253912352363933e-09 1.6446129051495095e-11
9.5589061520002766e-02 2.0186716651950276e-09 1.6444864247670716e-11
1.0120123672226032e-01 2.0119627285420885e-09 1.6443596668913353e-11
1.0714291103247015e-01 2.0052638766924783e-09 1.6442321572061764e-11
1.1343342983067269e-01 1.9985760533769693e-09 1.6441046789073571e-11
1.2009327429278731e-01 1.9918982418063173e-09 1.6439763966852575e-11
1.2714412807486841e-01 1.9852303918891441e-09 1.6438472513251418e-11
1.3460894791249303e-01 1.9785738537989007e-09 1.6437183696345936e-11
1.4251203836514267e-01 1.9719271649260405e-09 1.6435885225788157e-11
1.5087913094893862e-01 1.9652912342807240e-09 1.6434584732171990e-11
1.5973746791537713e-01 1.9586659195355855e-09 1.6433280948276311e-11
1.6911589094883789e-01 1.9520503673865583e-09 1.6431966642546432e-11
1.7904493507165473e-01 1.9454469943725741e-09 1.6430662123254796e-11
1.8955692806249172e-01 1.9388530118211694e-09 1.6429343908672347e-11
2.0068609571171928e-01 1.9322692567710963e-09 1.6428018948177935e-11
2.1246867325648899e-01 1.9256958419908527e-09 1.6426688211714060e-11
2.2494302335832686e-01 1.9191332134596608e-09 1.6425355385903523e-11
2.3814976100736501e-01 1.9125803783091813e-09 1.6424011973720633e-11
2.5213188575988615e-01 1.9060389478205129e-09 1.6422671748081968e-11
2.6693492173972960e-01 1.8995079619204791e-09 1.6421326392032321e-11
2.8260706585938689e-01 1.8929868672108053e-09 1.6419971132458874e-11
2.9919934474337750e-01 1.8864767583845662e-09 1.6418615407423996e-11
3.1676578086482760e-01 1.8799765990068602e-09 1.6417250110974592e-11
3.3536356843617360e-01 1.8734876668249831e-09 1.6415886358265323e-11
3.5505325962666878e-01 1.8670087561546193e-09 1.6414513619183652e-11
3.7589896171299519e-01 1.8605405751042986e-09 1.6413138049966213e-11
3.9796854580487984e-01 1.8540824331002375e-09 1.6411753485137677e-11
4.2133386782530030e-01 1.8476357989926162e-09 1.6410372895450646e-11
4.4607100246476533e-01 1.8411986512731794e-09 1.6408978291521263e-11
4.7226049087139665e-01 1.8347716697389466e-09 1.6407575681027838e-11
4.9998760288326438e-01 1.8283564672909352e-09 1.6406179364015119e-11
5.2934261465676602e-01 1.8219515444664433e-09 1.6404775897439560e-11
5.6042110259498301e-01 1.8155560505955395e-09 1.6403357774610850e-11
5.9332425453300308e-01 1.8091723016653042e-09 1.6401945479996671e-11
6.2815919919339480e-01 1.8027983906607218e-09 1.6400522058184237e-11
6.6503935498449884e-01 1.7964343529274388e-09 1.6399087575756457e-11
7.0408479927718448e-01 1.7900821523663327e-09 1.6397659866470673e-11
7.4542265936238916e-01 1.7837391973999203e-09 1.6396215336275630e-11
7.8918752636235512e-01 1.7774074951318101e-09 1.6394772122705364e-11
8.3552189344320549e-01 1.7710857728259893e-09 1.6393318638766990e-11
8.8457661975562996e-01 1.7647751499690602e-09 1.6391865168822430e-11
9.3651142161421408e-01 1.7584750980603214e-09 1.6390406727050858e-11
9.9149539251463392e-01 1.7521849474887723e-09 1.6388936982301674e-11
1.0497075536818281e+00 1.7459060088077505e-09 1.6387468277713215e-11
1.1113374369416700e+00 1.7396372621353734e-09 1.6385990844306133e-11
1.1765857018138945e+00 1.7333786672567071e-09 1.6384504356095529e-11
1.2456647888354673e+00 1.7271319758841624e-09 1.6383025240585546e-11
1.3187996112415321e+00 1.7208947330475801e-09 1.6381530254152636e-11
1.3962282872559717e+00 1.7146678796831928e-09 1.6380028259650507e-11
1.4782029153758303e+00 1.7084512119926031e-09 1.6378517194626919e-11
1.5649903951738307e+00 1.7022464394575642e-09 1.6377013434152970e-11
1.6568732962914228e+00 1.6960506788866547e-09 1.6375489246726486e-11
1.7541507784516972e+00 1.6898671794979110e-09 1.6373975806130738e-11
1.8571395654876213e+00 1.6836921229554429e-09 1.6372436233111182e-11
1.9661749765569099e+00 1.6775294422666580e-09 1.6370908590546474e-11
2.0816120179010489e+00 1.6713768554540645e-09 1.6369370640414542e-11
2.2038265387031069e+00 1.6652342926146430e-09 1.6367821609897423e-11
2.3332164548076659e+00 1.6591024224595626e-09 1.6366268055812634e-11
2.4702030442871616e+00 1.6529815811696661e-09 1.6364713111090572e-11
2.6152323190728395e+00 1.6468708834203808e-09 1.6363148092675820e-11
2.7687764771161927e+00 1.6407705336817766e-09 1.6361574920350162e-11
2.9313354398089468e+00 1.6346811348653958e-09 1.6359999596925097e-11
3.1034384796672470e+00 1.6286022991061807e-09 1.6358418017180735e-11
3.2856459435795875e+00 1.6225335563577278e-09 1.6356825603514779e-11
3.4785510772291826e+00 1.6164760226434323e-09 1.6355233460058460e-11
3.6827819566308677e+00 1.6104285025480105e-09 1.6353629377831965e-11
3.8990035330713928e+00 1.6043919457345916e-09 1.6352023086783410e-11
4.1279197981111837e+00 1.5983659257265200e-09 1.6350410061144875e-11
4.3702760756965624e+00 1.5923501959634910e-09 1.6348787838969621e-11
4.6268614488452604e+00 1.5863453269158580e-09 1.6347162063451180e-11
4.8985113288062339e+00 1.5803507359322502e-09 1.6345526711799751e-11
5.1861101750586496e+00 1.5743662940383804e-09 1.6343880432571855e-11
5.4905943750060384e+00 1.5683932125956219e-09 1.6342235669208147e-11
5.8129552927415435e+00 1.5624306822862284e-09 1.6340583988887368e-11
6.1542424968106957e+00 1.5564787927439899e-09 1.6338926247705554e-11
6.5155671774809116e+00 1.5505368316165850e-09 1.6337254906869978e-11
6.8981057646439394e+00 1.5446056201442115e-09 1.6335578579474120e-11
7.3031037581307103e+00 1.5386848229918001e-09 1.6333893578859498e-11
7.7318797829096386e+00 1.5327758047725652e-09 1.6332214302970999e-11
8.1858298823716122e+00 1.5268766987380053e-09 1.6330520975492099e-11
8.6664320636801033e+00 1.5209878575383805e-09 1.6328817241815944e-11
9.1752511099854956e+00 1.5151098203256947e-09 1.6327108671049924e-11
9.7139436751716435e+00 1.5092423489698621e-09 1.6325392790367107e-11
1.0284263677722530e+01 1.5033861928995978e-09 1.6323677597345114e-11
1.0888068011270828e+01 1.4975398980270145e-09 1.6321947310376210e-11
1.1527322590421194e+01 1.4917041691946618e-09 1.6320209346391526e-11
1.2204108751532816e+01 1.4858787939821190e-09 1.6318461426424345e-11
1.2920630029301345e+01 1.4800647500432001e-09 1.6316714206166446e-11
1.3679219331204004e+01 1.4742610894367766e-09 1.6314957121495553e-11
1.4482346533166968e+01 1.4684678378737917e-09 1.6313190548191849e-11
1.5332626521185601e+01 1.4626851606203592e-09 1.6311416073359301e-11
1.6232827705080140e+01 1.4569134802290919e-09 1.6309638384736826e-11
1.7185881032106543e+01 1.4511516348470810e-09 1.6307844392419306e-11
1.8194889529769782e+01 1.4454013952756117e-09 1.6306053937886546e-11
1.9263138408909803e+01 1.4396614967255601e-09 1.6304252695375573e-11
2.0394105759954634e+01 1.4339319940015780e-09 1.6302441220057820e-11
2.1591473877166294e+01 1.4282137102565802e-09 1.6300628765308251e-11
2.2859141247749985e+01 1.4225047756775880e-09 1.6298793956839108e-11
2.4201235244861568e+01 1.4168075602014655e-09 1.6296963832801595e-11
2.5622125565840310e+01 1.4111209318843455e-09 1.6295125214525565e-11
2.7126438459420168e+01 1.4054443593094589e-09 1.6293272022642516e-11
2.8719071788241653e+01 1.3997790878912707e-09 1.6291418664377300e-11
3.0405210975706080e+01 1.3941243860815673e-09 1.6289556331664191e-11
3.2190345889093209e+01 1.3884800114707358e-09 1.6287682268457622e-11
3.4080288713911699e+01 1.3828463768087370e-09 1.6285801285295280e-11
3.6081192877679115e+01 1.3772231283115358e-09 1.6283908924412386e-11
3.8199573084745055e+01 1.3716107039117663e-09 1.6282010361079777e-11
4.0442326527388389e+01 1.3660088948162543e-09 1.6280103090391230e-11
4.2816755342249358e+01 1.3604181614712741e-09 1.6278192502505247e-11
4.5330590385212055e+01 1.3548377952401122e-09 1.6276270090755219e-11
4.7992016402145453e+01 1.3492678478971240e-09 1.6274336262879208e-11
5.0809698677455764e+01 1.3437087844961880e-09 1.6272396610958543e-11
5.3792811247214857e+01 1.3381605549151643e-09 1.6270450441963355e-11
5.6951066768723109e+01 1.3326227046597693e-09 1.6268492133339590e-11
6.0294748143758468e+01 1.3270954149100648e-09 1.6266523761381557e-11
6.3834741998473284e+01 1.3215795615416655e-09 1.6264556024916609e-11
6.7582574128945382e+01 1.3160735908745328e-09 1.6262569724695181e-11
7.1550447027789900e+01 1.3105787682810258e-09 1.6260580436710346e-11
7.5751279614013981e+01 1.3050938739560764e-09 1.6258572827852138e-11
8.0198749295470009e+01 1.2996205951684898e-09 1.6256567873828768e-11
8.4907336500857767e+01 1.2941574723699292e-09 1.6254547214470795e-11
8.9892371826266171e+01 1.2887053793018427e-09 1.6252521793196065e-11
9.5170085949758416e+01 1.2832641230893954e-09 1.6250489080183415e-11
1.0075766247651600e+02 1.2778329789970948e-09 1.6248439730598218e-11
1.0667329388659958e+02 1.2724131275676773e-09 1.6246388640404963e-11
1.1293624076748543e+02 1.2670034972849847e-09 1.6244322204778685e-11
1.1956689452423186e+02 1.2616050414793081e-09 1.6242252403055668e-11
1.2658684377145215e+02 1.2562168954659256e-09 1.6240168041604897e-11
1.3401894462325865e+02 1.2508392757476561e-09 1.6238071704799630e-11
1.4188739511003311e+02 1.2454727004292408e-09 1.6235970171115057e-11
1.5021781396431612e+02 1.2401168576491625e-09 1.6233859280141739e-11
1.5903732403233221e+02 1.2347717185225492e-09 1.6231738384948632e-11
1.6837464058272937e+02 1.2294370182945778e-09 1.6229604019770240e-11
1.7826016480005507e+02 1.2241132977455944e-09 1.6227463211933093e-11
1.8872608276737256e+02 1.2188002524081825e-09 1.6225311793483264e-11
1.9980647026029317e+02 1.2134975645675818e-09 1.6223145403399292e-11
2.1153740369362097e+02 1.2082060738109648e-09 1.6220975214580726e-11
2.2395707758183943e+02 1.2029255164972086e-09 1.6218797513217477e-11
2.3710592889587662e+02 1.1976553937975938e-09 1.6216605635067044e-11
2.5102676872104038e+02 1.1923959076206196e-09 1.6214402028962808e-11
2.6576492164478532e+02 1.1871471474922232e-09 1.6212187866311739e-11
2.8136837332814218e+02 1.1819093591783364e-09 1.6209966335235827e-11
2.9788792674128359e+02 1.1766823092041245e-09 1.6207734208103050e-11
3.1537736757191158e+02 1.1714656184504777e-09 1.6205486082249977e-11
3.3389363934501580e+02 1.1662605693625985e-09 1.6203239524700152e-11
3.5349702882417188e+02 1.1610654277978658e-09 1.6200970513555827e-11
3.7425136229802439e+02 1.1558812450466977e-09 1.6198693461593825e-11
3.9622421339103954e+02 1.1507080446519581e-09 1.6196408642182580e-11
4.1948712307513426e+02 1.1455450930450990e-09 1.6194105564183547e-11
4.4411583259851409e+02 1.1403931805971807e-09 1.6191795193085129e-11
4.7019053009010713e+02 1.1352520264756809e-09 1.6189473541045798e-11
4.9779611164250940e+02 1.1301214527378988e-09 1.6187137895962189e-11
5.2702245772349613e+02 1.1250021699796444e-09 1.6184798278422923e-11
5.5796472581606133e+02 1.1198933718441798e-09 1.6182443075119788e-11
5.9072366023978793e+02 1.1147952821182379e-09 1.6180075303357950e-11
6.2540592016228766e+02 1.1097081797326453e-09 1.6177698821682891e-11
6.6212442686867882e+02 1.1046317987755887e-09 1.6175309858889385e-11
7.0099873141976809e+02 1.0995657836757762e-09 1.6172902879657586e-11
7.4215540389598846e+02 1.0945114326926683e-09 1.6170496796603987e-11
7.8572844549442414e+02 1.0894672753363305e-09 1.6168069992238152e-11
8.3185972482066200e+02 1.0844339459720316e-09 1.6165631530813879e-11
8.8069943979598258e+02 1.0794114729645202e-09 1.6163181772839703e-11
9.3240660668380531e+02 1.0743994340230013e-09 1.6160714269888242e-11
9.8714957782760041e+02 1.0693985397695443e-09 1.6158239395132482e-11
1.0451065897859589e+03 1.0644090360467375e-09 1.6155760939971323e-11
1.1064663436494841e+03 1.0594295780188109e-09 1.6153258386382430e-11
1.1714286194289443e+03 1.0544611036692320e-09 1.6150745717947139e-11
1.2402049265150665e+03 1.0495037588152465e-09 1.6148225086895304e-11
1.3130191923277821e+03 1.0445562520366132e-09 1.6145676566059163e-11
1.3901084913970928e+03 1.0396206749436857e-09 1.6143132164857129e-11
1.4717238172493494e+03 1.0346953495907000e-09 1.6140565758030267e-11
1.5581308996121179e+03 1.0297811291677020e-09 1.6137990479035704e-11
1.6496110695983516e+03 1.0248775698897257e-09 1.6135399286136310e-11
1.7464621756868044e+03 1.0199849328324720e-09 1.6132796131597784e-11
1.8489995534810118e+03 1.0151030599238505e-09 1.6130178218621389e-11
1.9575570524042541e+03 1.0102324808959154e-09 1.6127554042479308e-11
2.0724881226732996e+03 1.0053724530678183e-09 1.6124911435806138e-11
2.1941669660899861e+03 1.0005232480398477e-09 1.6122254723384946e-11
2.3229897543974757e+03 9.9568450323806014e-10 1.6119577752221651e-11
2.4593759191680106e+03 9.9085696919509720e-10 1.6116892480295560e-11
2.6037695174218838e+03 9.8604012930041737e-10 1.6114190491504550e-11
2.7566406774239244e+03 9.8123442037140117e-10 1.6111478633533195e-11
2.9184871293648262e+03 9.7643941289508277e-10 1.6108749612448030e-11
3.0898358259110482e+03 9.7165526995048658e-10 1.6106006224983974e-11
3.2712446578995946e+03 9.6688214829624796e-10 1.6103250679226258e-11
3.4633042707637705e+03 9.6211976290264641e-10 1.6100478148201836e-11
3.6666399876039850e+03 9.5736824715726234e-10 1.6097690625310094e-11
3.8819138451648832e+03 9.5262773807159767e-10 1.6094890191461704e-11
4.1098267493477097e+03 9.4789802738397485e-10 1.6092073251284530e-11
4.3511207572759849e+03 9.4317919019197968e-10 1.6089240930993744e-11
4.6065814933446463e+03 9.3847104315783690e-10 1.6086389810296850e-11
4.8770407071189811e+03 9.3377399106544230e-10 1.6083526579399873e-11
5.1633789814116653e+03 9.2908824886991319e-10 1.6080654877267711e-11
5.4665285993548387e+03 9.2441267204018713e-10 1.6077754836071059e-11
5.7874765798024991e+03 9.1974874743760846e-10 1.6074851800751017e-11
6.1272678909455217e+03 9.1509513743518531e-10 1.6071922557387281e-11
6.4870088526031368e+03 9.1045270254738379e-10 1.6068981674158150e-11
6.8678707382675857e+03 9.0582123056475744e-10 1.6066025392759839e-11
7.2710935886305579e+03 9.0120065101413579e-10 1.6063052296893108e-11
7.6979902490069726e+03 8.9659070378412012e-10 1.6060057480380405e-11
8.1499506438023391e+03 8.9199184196923752e-10 1.6057048823335179e-11
8.6284463019399336e+03 8.8740443333450189e-10 1.6054032804377120e-11
9.1350351479830224e+03 8.8282726811063240e-10 1.6050987295367895e-11
9.6713665745503986e+03 8.7826120429955743e-10 1.6047927725624735e-11
1.0239186812541524e+04 8.7370627718721177e-10 1.6044854421243062e-11
1.0840344616654929e+04 8.6916220422733186e-10 1.6041762126239930e-11
1.1476797284712438e+04 8.6462869374359435e-10 1.6038645047365890e-11
1.2150617030386156e+04 8.6010667937542046e-10 1.6035520397466038e-11
1.2863997730078396e+04 8.5559564696954895e-10 1.6032378347902848e-11
1.3619262065920144e+04 8.5109507596662379e-10 1.6029208949742067e-11
1.4418869088146348e+04 8.4660611408201419e-10 1.6026033559217637e-11
1.5265422221468581e+04 8.4212755550907025e-10 1.6022829193405634e-11
1.6161677741514595e+04 8.3766034177813303e-10 1.6019613470167317e-11
1.7110553748931226e+04 8.3320383286554346e-10 1.6016373864320124e-11
1.8115139670371158e+04 8.2875864238465901e-10 1.6013121983807943e-11
1.9178706317295619e+04 8.2432423555860753e-10 1.6009847299091772e-11
2.0304716535345386e+04 8.1990090047244784e-10 1.6006555083570526e-11
2.1496836478950907e+04 8.1548844320152307e-10 1.6003241361857096e-11
2.2758947547892749e+04 8.1108676982362206e-10 1.5999903942198269e-11
2.4095159024673820e+04 8.0669653455101886e-10 1.5996555596759877e-11
2.5509821453851811e+04 8.0231719693497438e-10 1.5993185362778483e-11
2.7007540806890560e+04 7.9794837754896897e-10 1.5989785218898544e-11
2.8593193478652367e+04 7.9359143139555813e-10 1.5986382186925561e-11
3.0271942164354859e+04 7.8924520472539938e-10 1.5982952898865668e-11
3.2049252668689318e+04 7.8490971638712233e-10 1.5979497323872969e-11
3.3930911701825236e+04 7.8058526673034789e-10 1.5976021244227018e-11
3.5923045720246722e+04 7.7627239621573937e-10 1.5972535534280291e-11
3.8032140873760050e+04 7.7197027054573855e-10 1.5969022837939963e-11
4.0265064123621916e+04 7.6767903308937256e-10 1.5965485815360404e-11
4.2629085600541701e+04 7.6339856296574304e-10 1.5961921490880066e-11
4.5131902275357788e+04 7.5912958663163553e-10 1.5958344780267348e-11
4.7781663019451531e+04 7.5487173463439555e-10 1.5954747771376466e-11
5.0586995136498081e+04 7.5062481906721552e-10 1.5951126247169455e-11
5.3557032451932537e+04 7.4638883951666591e-10 1.5947479773808301e-11
5.6701445051593357e+04 7.4216397647273870e-10 1.5943811919197284e-11
6.0030470766362203e+04 7.3795025579732624e-10 1.5940122857468410e-11
6.3554948505317072e+04 7.3374783170192931e-10 1.5936415874934503e-11
6.7286353545920443e+04 7.2955609396395999e-10 1.5932677227415048e-11
7.1236834896150482e+04 7.2537567076948391e-10 1.5928920214402947e-11
7.5419254850214129e+04 7.2120638790436706e-10 1.5925140925774544e-11
7.9847230866638958e+04 7.1704806171015896e-10 1.5921334913501820e-11
8.4535179905085140e+04 7.1290098761001501e-10 1.5917508274699254e-11
8.9498365366242113e+04 7.0876507771205133e-10 1.5913658871913598e-11
9.4752946787630863e+04 7.0463984337063430e-10 1.5909775415479088e-11
1.0031603245712574e+05 7.0052577964721603e-10 1.5905868493958851e-11
1.0620573511548810e+05 6.9642334818148943e-10 1.5901948396230394e-11
1.1244123092928446e+05 6.9233179697382454e-10 1.5897997775877441e-11
1.1904282192618500e+05 6.8825141090845840e-10 1.5894022550850145e-11
1.2603200209593819e+05 6.8418223301659226e-10 1.5890023636413793e-11
1.3343152737222370e+05 6.8012391202016683e-10 1.5885992321863097e-11
1.4126548972325140e+05 6.7607698815726559e-10 1.5881940926790532e-11
1.4955939559232065e+05 6.7204135815686794e-10 1.5877866580954500e-11
1.5834024894374979e+05 6.6801649928149257e-10 1.5873756779201487e-11
1.6763663918454543e+05 6.6400300134402550e-10 1.5869624830303108e-11
1.7747883424809322e+05 6.6000098456684143e-10 1.5865473603089972e-11
1.8789887914291900e+05 6.5600964220184502e-10 1.5861283028545852e-11
1.9893070028740476e+05 6.5202962846827396e-10 1.5857068712866580e-11
2.1061021597013841e+05 6.4806089698374298e-10 1.5852828856635532e-11
2.2297545329556632e+05 6.4410346875921277e-10 1.5848563856190172e-11
2.3606667199568514e+05 6.4015727953005850e-10 1.5844271691852259e-11
2.4992649551091515e+05 6.3622205026869198e-10 1.5839945169779151e-11
2.6460004976691055e+05 6.3229802505752955e-10 1.5835589598075148e-11
2.8013511009917752e+05 6.2838527855688602e-10 1.5831206594244914e-11
2.9658225680383737e+05 6.2448394668613685e-10 1.5826799169156205e-11
3.1399503982102219e+05 6.2059374858002845e-10 1.5822359845930663e-11
3.3243015308705834e+05 6.1671464212380155e-10 1.5817887078147538e-11
3.5194761912314384e+05 6.1284724449791175e-10 1.5813396223953856e-11
3.7261098446147912e+05 6.0899047186469868e-10 1.5808858935822157e-11
3.9448752654517739e+05 6.0514532849362728e-10 1.5804300686972497e-11
4.1764847277555126e+05 6.0131134804685181e-10 1.5799709123382076e-11
4.4216923242001428e+05 5.9748886726862305e-10 1.5795092215492961e-11
4.6812964213561226e+05 5.9367734323435519e-10 1.5790435572212299e-11
4.9561422590763221e+05 5.8987728492423391e-10 1.5785751965576825e-11
5.2471247024956183e+05 5.8608855613336344e-10 1.5781037438191333e-11
5.5551911556047737e+05 5.8231092639589821e-10 1.5776285227162838e-11
5.8813446458842081e+05 5.7854473878539629e-10 1.5771504132328642e-11
6.2266470900415431e+05 5.7478999477680135e-10 1.5766693658894321e-11
6.5922227514850488e+05 5.7104655571516967e-10 1.5761849632506631e-11
6.9792619007908728e+05 5.6731426892082530e-10 1.5756967411926642e-11
7.3890246910812822e+05 5.6359331274744833e-10 1.5752051177285826e-11
7.8228452609325631e+05 5.5988382402289271e-10 1.5747104296477667e-11
8.2821360781702143e+05 5.5618558811826215e-10 1.5742120198945391e-11
8.7683925386953005e+05 5.5249886963164400e-10 1.5737105966536220e-11
9.2831978353141667e+05 5.4882337159314592e-10 1.5732052556229967e-11
9.8282281124249124e+05 5.4515952545813167e-10 1.5726971757563990e-11
1.0405257923342529e+06 5.4150678175836745e-10 1.5721847247994242e-11
1.1016166008032316e+06 5.3786558813486936e-10 1.5716691341903814e-11
1.1662941410061887e+06 5.3423568378530555e-10 1.5711496004357850e-11
1.2347689952689202e+06 5.3061737200047949e-10 1.5706269460224527e-11
1.3072641095170537e+06 5.2701028858825185e-10 1.5701000477922088e-11
1.3840155191613249e+06 5.2341458922254331e-10 1.5695692982908251e-11
1.4652731176005683e+06 5.1983056470844901e-10 1.5690355162953732e-11
1.5513014698447427e+06 5.1625765574961582e-10 1.5684969475777406e-11
1.6423806739068748e+06 5.1269662287734418e-10 1.5679558507576976e-11
1.7388072727686993e+06 5.0914671943109807e-10 1.5674098685968994e-11
1.8408952198890420e+06 5.0560859214860247e-10 1.5668609516416357e-11
1.9489769013987428e+06 5.0208160359200584e-10 1.5663070551997503e-11
2.0634042183100353e+06 4.9856618582395278e-10 1.5657494498054108e-11
2.1845497322641648e+06 4.9506247775259177e-10 1.5651885172487432e-11
2.3128078785474123e+06 4.9157010659108733e-10 1.5646230083924217e-11
2.4485962503252234e+06 4.8808940250404015e-10 1.5640539179097639e-11
2.5923569582754732e+06 4.8461996619397450e-10 1.5634799034836227e-11
2.7445580700479695e+06 4.8116252091431507e-10 1.5629032208824850e-11
2.9056951342365881e+06 4.7771615700192951e-10 1.5623208588415311e-11
3.0762927938262392e+06 4.7428166705160377e-10 1.5617353283816794e-11
3.2569064943675068e+06 4.7085844492339560e-10 1.5611445672062666e-11
3.4481242924409476e+06 4.6744718836933664e-10 1.5605508183524843e-11
3.6505687702987911e+06 4.6404724399553896e-10 1.5599518480552899e-11
3.8648990629183115e+06 4.6065919664340079e-10 1.5593495458676021e-11
4.0918130040662629e+06 4.5728237088849456e-10 1.5587415326106575e-11
4.3320493983621849e+06 4.5391759366359807e-10 1.5581305644263905e-11
4.5863904267376401e+06 4.5056426519496613e-10 1.5575145287942907e-11
4.8556641931237988e+06 4.4722247659366622e-10 1.5568936649422640e-11
5.1407474206585288e+06 4.4389246846525048e-10 1.5562686970537823e-11
5.4425683061921019e+06 4.4057401313489012e-10 1.5556387837036609e-11
5.7621095423848163e+06 4.3726746933451322e-10 1.5550051145593253e-11
6.1004115172368018e+06 4.3397266563529144e-10 1.5543669797435150e-11
6.4585757014665762e+06 4.3068927009485176e-10 1.5537231656495764e-11
6.8377682347679976e+06 4.2741770444649072e-10 1.5530750605834926e-11
7.2392237226212574e+06 4.2415795926294250e-10 1.5524225788921342e-11
7.6642492560206987e+06 4.2090996582309945e-10 1.5517653851789560e-11
8.1142286672063377e+06 4.1767366018205840e-10 1.5511031512964215e-11
8.5906270352561716e+06 4.1444929498139703e-10 1.5504367655157924e-11
9.0949954562079515e+06 4.1123665904905102e-10 1.5497653305088535e-11
9.6289760932424124e+06 4.0803587687470332e-10 1.5490892589420242e-11
1.0194307523369651e+07 4.0484681836202326e-10 1.5484079618696845e-11
1.0792830398027992e+07 4.0166964193157242e-10 1.5477219599987850e-11
1.1426493436024310e+07 3.9850430451912162e-10 1.5470310089146735e-11
1.2097359768329473e+07 3.9535068004486521e-10 1.5463345362358558e-11
1.2807613655385340e+07 3.9220926980522449e-10 1.5456344162554678e-11
1.3559567598795595e+07 3.8907950864416630e-10 1.5449283463403645e-11
1.4355669870553631e+07 3.8596160263150753e-10 1.5442170476327144e-11
1.5198512484323418e+07 3.8285594488034237e-10 1.5435020171636608e-11
1.6090839634725137e+07 3.7976192306278698e-10 1.5427807226092478e-11
1.7035556632104736e+07 3.7667993871015957e-10 1.5420546810549237e-11
1.8035739361875992e+07 3.7361009842458861e-10 1.5413242559641079e-11
1.9094644299235627e+07 3.7055210940073315e-10 1.5405881650432616e-11
2.0215719111856002e+07 3.6750600829402644e-10 1.5398464758695753e-11
2.1402613885078833e+07 3.6447214948699090e-10 1.5391005767768937e-11
2.2659193006155286e+07 3.6145017297902383e-10 1.5383488937552863e-11
2.3989547746228833e+07 3.5844029523041026e-10 1.5375922278260418e-11
2.5398009581023403e+07 3.5544252600296781e-10 1.5368305567170871e-11
2.6889164293610442e+07 3.5245685638465143e-10 1.5360637611079292e-11
2.8467866905168626e+07 3.4948315274685127e-10 1.5352911931815956e-11
3.0139257482352287e+07 3.4652176242900211e-10 1.5345142839416999e-11
3.1908777872732013e+07 3.4357243201233873e-10 1.5337318475006555e-11
3.3782189422799639e+07 3.4063524288533855e-10 1.5329441508288222e-11
3.5765591736221485e+07 3.3771021571865311e-10 1.5321512325447726e-11
3.7865442533418551e+07 3.3479746457869349e-10 1.5313535335663513e-11
4.0088578677129760e+07 3.3189682696817213e-10 1.5305502695830624e-11
4.2442238432419516e+07 3.2900837774890862e-10 1.5297416693006605e-11
4.4934085033600703e+07 3.2613222797487497e-10 1.5289281979977300e-11
4.7572231634809308e+07 3.2326825663705686e-10 1.5281092412879928e-11
5.0365267725461282e+07 3.2041673917413137e-10 1.5272860006758947e-11
5.3322287096603021e+07 3.1757725571431293e-10 1.5264565633082562e-11
5.6452917449204415e+07 3.1475034542731753e-10 1.5256233290870402e-11
5.9767351740802012e+07 3.1193558375064428e-10 1.5247842019731567e-11
6.3276381372546345e+07 3.0913311304545758e-10 1.5239399106590609e-11
6.6991431324713707e+07 3.0634301752970157e-10 1.5230908175764199e-11
7.0924597355071798e+07 3.0356532453723833e-10 1.5222370088388686e-11
7.5088685381220669e+07 3.0079991373919882e-10 1.5213778835887020e-11
7.9497253175124645e+07 2.9804690504554284e-10 1.5205140013744796e-11
8.4164654505596757e+07 2.9530635159539236e-10 1.5196457095506332e-11
8.9106085872448564e+07 2.9257807677967174e-10 1.5187721745442399e-11
9.4337635984476402e+07 2.8986229162060671e-10 1.5178941467170393e-11
9.9876338142367870e+07 2.8715882057365568e-10 1.5170112086965631e-11
1.0574022569709204e+08 2.8446773547312647e-10 1.5161235397803795e-11
1.1194839076432765e+08 2.8178903654829512e-10 1.5152311615255169e-11
1.1852104638610870e+08 2.7912280687423136e-10 1.5143346601510540e-11
1.2547959234206541e+08 2.7646895811780857e-10 1.5134338950159118e-11
1.3284668482454774e+08 2.7382739489507628e-10 1.5125280685464640e-11
1.4064631020447063e+08 2.7119829186206962e-10 1.5116186368920576e-11
1.4890386312806964e+08 2.6858141849241839e-10 1.5107042651724837e-11
1.5764622919882348e+08 2.6597698360319553e-10 1.5097864646266415e-11
1.6690187251376432e+08 2.6338485288144532e-10 1.5088645537535411e-11
1.7670092833916393e+08 2.6080492427443515e-10 1.5079381663094694e-11
1.8707530122735748e+08 2.5823722573523977e-10 1.5070081316421142e-11
1.9805876889413962e+08 2.5568176575968680e-10 1.5060745579728978e-11
2.0968709219496828e+08 2.5313838306679093e-10 1.5051367623027468e-11
2.2199813155802131e+08 2.5060732457171933e-10 1.5041965335212369e-11
2.3503197025322264e+08 2.4808798259265320e-10 1.5032516141496540e-11
2.4883104489856687e+08 2.4558081468734553e-10 1.5023044271882218e-11
2.6344028362866256e+08 2.4308524575879630e-10 1.5013529224313481e-11
2.7890725237536532e+08 2.4060161276200814e-10 1.5003988317006089e-11
2.9528230973674774e+08 2.3812949652924872e-10 1.4994410000256227e-11
3.1261877093867296e+08 2.3566897191252335e-10 1.4984810354092740e-11
3.3097308142277640e+08 2.3321984752680757e-10 1.4975182288635570e-11
3.5040500062607408e+08 2.3078188233416511e-10 1.4965526334964589e-11
3.7097779655052316e+08 2.2835485308499766e-10 1.4955834926141145e-11
3.9275845175607091e+08 2.2593884478105896e-10 1.4946129515579061e-11
4.1581788144783700e+08 2.2353335953302054e-10 1.4936397004979504e-11
4.4023116436754197e+08 2.2113817133561482e-10 1.4926635699476886e-11
4.6607778724088609e+08 2.1875311197854219e-10 1.4916855106993717e-11
4.9344190357682389e+08 2.1637787470826586e-10 1.4907047990018501e-11
5.2241260766129714e+08 2.1401195326930936e-10 1.4897227148361913e-11
5.5308422463757670e+08 2.1165503175716738e-10 1.4887382353043681e-11
5.8555661761761665e+08 2.0930780112612257e-10 1.4877512353454863e-11
6.1993551282440603e+08 2.0696676542318120e-10 1.4867621370680903e-11
6.5633284382387173e+08 2.0463418751728212e-10 1.4857713968597568e-11
6.9486711596718442e+08 2.0230870987686648e-10 1.4847778295083968e-11
7.3566379222997069e+08 1.9998925347835278e-10 1.4837826620980925e-11
7.7885570170475924e+08 1.9767599226028830e-10 1.4827850917761554e-11
8.2458347207657647e+08 1.9536710992239517e-10 1.4817854638260508e-11
8.7299598748987389e+08 1.9306285819507270e-10 1.4807825435770430e-11
9.2425087329744720e+08 1.9076128342568836e-10 1.4797773884983432e-11
9.7851500926973712e+08 1.8846121744862972e-10 1.4787686274266334e-11
1.0359650729353489e+09 1.8616043194985468e-10 1.4777571927475428e-11
1.0967881148219595e+09 1.8386388958575018e-10 1.4767424017081930e-11
1.1611821674704032e+09 1.8156095329317702e-10 1.4757232723959663e-11
1.2293568902049458e+09 1.7925619645908840e-10 1.4747003116081825e-11
1.3015342517588999e+09 1.7694822637424804e-10 1.4736721717412523e-11
1.3779492529782801e+09 1.7462857727937402e-10 1.4726388217810869e-11
1.4588506919563737e+09 1.7230180481088629e-10 1.4715989049583697e-11
1.5445019740905840e+09 1.6996841965626970e-10 1.4705523549789446e-11
1.6351819696988144e+09 1.6761168460065112e-10 1.4694975853044255e-11
1.7311859219878776e+09 1.6524088545075352e-10 1.4684348797997839e-11
1.8328264083299713e+09 1.6285428745113139e-10 1.4673618353413570e-11
1.9404343579772243e+09 1.6044298711291014e-10 1.4662789507714001e-11
2.0543601295276556e+09 1.5800381689677440e-10 1.4651835158252054e-11
2.1749746516508751e+09 1.5553035697146803e-10 1.4640737680340725e-11
2.3026706307873487e+09 1.5302887178141404e-10 1.4629497715665295e-11
2.4378638297536106e+09 1.5048011255956085e-10 1.4618082188346965e-11
2.5809944214161344e+09 1.4789914510307639e-10 1.4606481548912191e-11
2.7325284218415504e+09 1.4524719244956700e-10 1.4594670870856411e-11
2.8929592075890756e+09 1.4255275935121976e-10 1.4582634109744118e-11
3.0628091220855918e+09 1.3979914574995075e-10 1.4570339962969590e-11
3.2426311763132024e+09 1.3695188671591160e-10 1.4557765196164795e-11
3.4330108493468661e+09 1.3403726502341795e-10 1.4544887243982441e-11
3.6345679946040483e+09 1.3104168273909743e-10 1.4531668856380617e-11
3.8479588580133328e+09 1.2795905604148754e-10 1.4518085293105752e-11
4.0738782146724620e+09 1.2474391137292374e-10 1.4504092792994829e-11
4.3130616309529800e+09 1.2145498209348097e-10 1.4489654087654008e-11
4.5662878594161263e+09 1.1799174193518472e-10 1.4474741735256483e-11
4.8343813743380537e+09 1.1440339147919631e-10 1.4459318433573520e-11
5.1182150560991974e+09 1.1068881695713726e-10 1.4443329014677168e-11
5.4187130331784210e+09 1.0678794562778420e-10 1.4426728079827422e-11
5.7368536910045147e+09 1.0273510605794769e-10 1.4409475537152670e-11
6.0736728574621658e+09 9.8480219164657496e-11 1.4391527000692839e-11
6.4302671754233255e+09 9.4035421055979389e-11 1.4372828273528823e-11
6.8077976732852716e+09 8.9406889245992953e-11 1.4353329580801966e-11
7.2074935451398335e+09 8.4541870865270477e-11 1.4332971793189842e-11
7.6306561528823767e+09 7.9442306491924775e-11 1.4311712800567222e-11
8.0786632632900620e+09 7.4153674637907922e-11 1.4289502737889987e-11
8.5529735338657360e+09 6.8639296025140115e-11 1.4266282733619041e-11
9.0551312620518227e+09 6.2839357796734482e-11 1.4242010392331299e-11
9.5867714132781429e+09 5.6904595768066307e-11 1.4216628505787514e-11
1.0149624944213278e+10 5.0665361527563499e-11 1.4190100657140754e-11
1.0745524438552502e+10 4.4438051937261715e-11 1.4162393681467227e-11
1.1376410073690525e+10 3.8050792154837262e-11 1.4133458283480835e-11
1.2044335937707102e+10 3.1637858609732825e-11 1.4103260582083308e-11
1.2751476717231462e+10 2.5369130406283174e-11 1.4071803144627186e-11
1.3500134777961962e+10 1.9232360959472532e-11 1.4039063358603953e-11
1.4292747660892668e+10 1.3450090178885305e-11 1.4005034542785804e-11
1.5131896018655384e+10 8.3211751123170391e-12 1.3969722489749952e-11
1.6020312017815117e+10 4.1242191729142563e-12 1.3933161609855796e-11
1.6960888234477732e+10 1.1772993744587980e-12 1.3895399078395002e-11
1.7956687072170845e+10 1.9261347907035649e-15 1.3856481292672428e-11
1.9010950732663544e+10 1.1897626751049640e-12 1.3816496866959236e-11
2.0127111772186504e+10 5.5633148817458272e-12 1.3775522262056241e-11
2.1308804277424652e+10 1.3918769392732058e-11 1.3733698666354272e-11
2.2559875697667576e+10 2.7886756951522646e-11 1.3691157759307575e-11
2.3884399371644367e+10 4.8311296724280079e-11 1.3648053295817083e-11
2.5286687789826019e+10 7.7811189590016915e-11 1.3604576088501826e-11
2.6771306635378754e+10 1.1841020556934419e-10 1.3560964461605981e-11
2.8343089649480846e+10 1.7261453105013384e-10 1.3517410986933571e-11
3.0007154369405933e+10 2.4492953883883117e-10 1.3474167149239221e-11
3.1768918790610634e+10 3.3935404871538858e-10 1.3431500376809622e-11
3.3634119007079926e+10 4.6222097043890029e-10 1.3389665866783518e-11
3.5608827887361244e+10 6.2048632404902091e-10 1.3348960696467673e-11
3.7699474847098312e+10 8.2349577526762198e-10 1.3309608681458668e-11
3.9912866782437439e+10 1.0800835981616870e-09 1.3271882830111993e-11
4.2256210232467438e+10 1.4044483194801095e-09 1.3235964129857689e-11
4.4737134842846649e+10 1.8177315423814165e-09 1.3202040626427650e-11
4.7363718207016899e+10 2.3316167794276927e-09 1.3170183218569249e-11
5.0144512165879044e+10 2.9813629579702610e-09 1.3140472416199071e-11
5.3088570651564346e+10 3.7883456021099772e-09 1.3112789473166668e-11
5.6205479165951744e+10 4.7977306645612792e-09 1.3086949543820926e-11
5.9505385989915718e+10 6.0482541749521081e-09 1.3062647213869172e-11
6.2999035224911865e+10 7.6064615978795840e-09 1.3039421011380808e-11
6.6697801774486450e+10 9.5501764827889369e-09 1.3016628300402521e-11
7.0613728379598267e+10 1.1964848417092617e-08 1.2993500893416009e-11
7.4759564828343185e+10 1.4936383373422160e-08 1.2969106616562057e-11
7.9148809467735123e+10 1.8620664492503632e-08 1.2942356678758520e-11
8.3795753152709946e+10 2.3135882577920205e-08 1.2912048581397747e-11
8.8715525775435287e+10 2.8665896070419464e-08 1.2877018511438755e-11
9.3924145526430237e+10 3.5494771955853954e-08 1.2835938919144137e-11
9.9438571047872757e+10 4.3971090613098639e-08 1.2787685281926162e-11
1.0527675664891078e+11 5.4193074609798386e-08 1.2731303142822249e-11
1.1145771076273961e+11 6.6674424688309198e-08 1.2666108495142827e-11
1.1800155783578751e+11 8.2025098048286972e-08 1.2591812366014893e-11
1.2492960385049980e+11 1.0071904702306828e-07 1.2508866833497247e-11
1.3226440569507011e+11 1.2360022374772226e-07 1.2418023240372288e-11
1.4002984460596317e+11 1.5158234878958795e-07 1.2321037884665988e-11
1.4825120392236511e+11 1.8596700480041480e-07 1.2220185622742953e-11
1.5695525140570389e+11 2.2773786730368894e-07 1.2118414627694086e-11
1.6617032639227960e+11 2.7870791208279486e-07 1.2019138310904759e-11
1.7592643206274496e+11 3.4190011783488095e-07 1.1925735449923461e-11
1.8625533312887393e+11 4.1872750416808796e-07 1.1841661435993870e-11
1.9719065925565372e+11 5.1365446873747851e-07 1.1768961149310889e-11
2.0876801455545297e+11 6.2935351814390244e-07 1.1708520795660900e-11
2.2102509351074158e+11 7.7418935365487766e-07 1.1659470310742845e-11
2.3400180370281851e+11 9.4798124342906359e-07 1.1618043843970536e-11
2.4774039574611041e+11 1.1602537003702797e-06 1.1578490297450251e-11
2.6228560085112027e+11 1.4175138285484078e-06 1.1532801486329436e-11
2.7768477646388428e+11 1.7298746246585808e-06 1.1472079050902415e-11
2.9398806045615356e+11 2.0960943949175119e-06 1.1388021755894283e-11
3.1124853436829150e+11 2.5482362384446613e-06 1.1275159824702427e-11
3.2952239623642242e+11 3.0823410754632505e-06 1.1132845446912935e-11
3.4886914356649725e+11 3.7186712548166979e-06 1.0967273974845628e-11
3.6935176705105872e+11 4.5139440549258265e-06 1.0791055419467049e-11
3.9103695565938214e+11 5.4648839494905931e-06 1.0621587279201202e-11
4.1399531376878485e+11 6.6340627671465256e-06 1.0476303763774442e-11
4.3830159104401190e+11 8.0999877296842351e-06 1.0366335877599994e-11
4.6403492581320612e+11 9.8798999427330105e-06 1.0289303960148328e-11
4.9127910273281567e+11 1.2011995011592612e-05 1.0227072328799485e-11
5.2012282558040521e+11 1.4540314725404656e-05 1.0147568359287980e-11
5.5066000606354822e+11 1.7461485709353899e-05 1.0017754166685909e-11
5.8299006958507642e+11 2.0880639629622803e-05 9.8214691369547039e-12
6.1721827896030127e+11 2.5001787964810930e-05 9.5745074311390347e-12
6.5345607714012585e+11 3.0054020695987734e-05 9.3251475309410304e-12
6.9182145005596985e+11 3.6369319021931658e-05 9.1297981600429984e-12
7.3243931076780090e+11 4.4151845808577736e-05 9.0102591453414908e-12
7.7544190616612109e+11 5.3237898328163781e-05 8.9224962334083368e-12
8.2096924755199377e+11 6.3522124195374585e-05 8.7754500633169727e-12
8.6916956649710010e+11 7.4857445506902262e-05 8.5113941010413462e-12
9.2019979746794617e+11 8.9022042959092273e-05 8.1839096996111664e-12
9.7422608878571948e+11 1.0713661682155806e-04 7.9284188411120675e-12
1.0314243435853113e+12 1.2938030916411636e-04 7.7988555119612901e-12
1.0919807925348931e+12 1.5327473540855112e-04 7.6558463396440968e-12
1.1560926001806213e+12 1.7865740166609658e-04 7.3407781508487381e-12
1.2239685068908225e+12 2.1184970075777387e-04 6.9695359967410602e-12
1.2958295084896165e+12 2.5620618274638311e-04 6.7773896363809739e-12
1.3719095757928975e+12 2.9912058695328550e-04 6.6172731029759389e-12
1.4524564163892319e+12 3.4661906303092531e-04 6.2256405568364293e-12
1.5377322811461433e+12 4.1574802858129783e-04 5.9131462011132598e-12
1.6280148180675093e+12 4.8583851928689885e-04 5.7621574109956879e-12
1.7235979762822673e+12 5.5871456472616891e-04 5.3410862410144708e-12
1.8247929631074998e+12 6.6872900826142959e-04 5.1067912692912904e-12
1.9319292573022424e+12 7.5612632838210274e-04 4.8060007290947782e-12
2.0453556818108401e+12 8.9768002672289894e-04 4.4859678846969245e-12
2.1654415394887480e+12 1.0096147620477080e-03 4.1925915241261965e-12
2.2925778155083066e+12 1.1894312519747285e-03 3.9432709671451900e-12
2.4271784503597075e+12 1.3575824655816934e-03 3.5589169986168916e-12
2.5696816875916235e+12 1.5216586033505422e-03 3.3170629446475244e-12
2.7205515006798057e+12 1.7350020065349568e-03 3.0868950709302044e-12
2.8802791036690386e+12 1.9613807645822811e-03 2.8290251256211772e-12
3.0493845505073262e+12 2.2039274432329096e-03 2.5548499622478845e-12
3.2284184282792241e+12 2.5382466654616563e-03 2.2779640993524909e-12
3.4179636498515610e+12 2.7696167128747513e-03 2.1426581414163931e-12
3.6186373517677715e+12 3.1621738902576206e-03 1.9206701968938938e-12
3.8310929035706846e+12 3.5217882018467078e-03 1.7317175255166169e-12
4.0560220350954536e+12 3.7663307000787385e-03 1.6311120543065027e-12
4.2941570886591968e+12 4.2219119642534064e-03 1.4943503426907984e-12
4.5462734034796904e+12 4.5258196103127807e-03 1.4507407112306162e-12
4.8131918400871426e+12 4.9095008197154759e-03 1.3910852408537906e-12
5.0957814529477100e+12 5.1889978334405257e-03 1.4110679230036987e-12
5.3949623200009316e+12 5.7072914778307096e-03 1.4102780016997954e-12
5.7117085383230811e+12 6.1644190470631520e-03 1.4351038864372818e-12
6.0470513956707598e+12 6.5996439043522585e-03 1.4922464513147858e-12
6.4020827282302393e+12 7.0291712165830482e-03 1.5761631403167522e-12
6.7779584755055479e+12 7.4595965983866083e-03 1.6813011275657369e-12
7.1759024439187656e+12 7.9005919668740151e-03 1.8014382384813131e-12
7.5972102913773838e+12 8.3581004066950407e-03 1.9277041870525376e-12
8.0432537457811826e+12 8.7782542181006271e-03 2.0481445726613278e-12
8.5154850712042715e+12 9.2656044979816093e-03 2.1497004896400555e-12
9.0154417962926152e+12 9.7874409985620418e-03 2.2226658371268829e-12
9.5447517202734453e+12 1.0421989120563980e-02 2.2656931164416105e-12
1.0105138212874471e+13 1.1205421152398426e-02 2.2881718058869622e-12
1.0698425825409656e+13 1.2142383539202859e-02 2.3069291425399497e-12
1.1326546231299340e+13 1.3198416630260312e-02 2.3366846725124203e-12
1.1991544515367883e+13 1.4254275308598479e-02 2.3785604526625463e-12
1.2695585832394781e+13 1.5107197855844176e-02 2.4147527559174792e-12
1.3440962456599752e+13 1.5693740845081378e-02 2.4169551699131671e-12
1.4230101245012502e+13 1.6082988303823601e-02 2.3684659570488559e-12
1.5065571539028984e+13 1.6370833065451448e-02 2.2855439099637441e-12
1.5950093529879094e+13 1.6818328752096292e-02 2.2164056191514782e-12
1.6886547115244066e+13 1.7513938578564994e-02 2.2069232679124878e-12
1.7877981275857711e+13 1.8032943506013518e-02 2.2542457209017902e-12
1.8927624002623070e+13 1.8265818577485177e-02 2.2968240631666084e-12
2.0038892806563945e+13 1.7847715898058423e-02 2.2720584202052123e-12
2.1215405845832215e+13 1.7083113983999740e-02 2.1965373577486365e-12
2.2460993705996516e+13 1.6614464686403093e-02 2.1650743009544188e-12
2.3779711871970801e+13 1.6692959361339219e-02 2.2314915027499663e-12
2.5175853932187207e+13 1.6766379514133137e-02 2.3096440031979494e-12
2.6653965558006637e+13 1.6075462143484896e-02 2.2760926023400359e-12
2.8218859303879172e+13 1.4872763868726744e-02 2.1790274991450846e-12
2.9875630276445855e+13 1.4312864507443217e-02 2.1941148854324639e-12
3.1629672723595316e+13 1.4439402705534935e-02 2.3049323505100123e-12
3.3486697597489957e+13 1.4014518843773910e-02 2.2885018867459987e-12
3.5452751148740812e+13 1.2742530256587772e-02 2.1670486959132845e-12
3.7534234612276477e+13 1.2137956492450889e-02 2.2155043617706239e-12
3.9737925048996914e+13 1.2324703913128720e-02 2.3294495891170336e-12
4.2070997411073516e+13 1.1545938334054951e-02 2.2164663940954274e-12
4.4541047902732219e+13 1.0438275950066569e-02 2.1687940955177858e-12
4.7156118712586133e+13 1.0582962609319893e-02 2.3286789337555702e-12
4.9924724198037836e+13 1.0142667285622815e-02 2.2288288310263933e-12
5.2855878607009148e+13 9.0124224996149579e-03 2.1685285488434482e-12
5.5959125427250500e+13 9.2520723886657334e-03 2.3452733325156549e-12
5.9244568458795789e+13 8.6110009143431539e-03 2.1725653954305384e-12
6.2722904710724484e+13 7.8554964240920792e-03 2.2443180127058221e-12
6.6405459229344203e+13 8.1512129624326402e-03 2.3040654197593190e-12
7.0304221971182383e+13 7.0341018009476269e-03 2.1389831946269628e-12
7.4431886840850875e+13 7.2789657457403376e-03 2.3635299510462091e-12
7.8801893020878125e+13 6.5510381692571330e-03 2.1207109659851275e-12
8.3428468728080750e+13 6.4163654703444598e-03 2.3602348293276247e-12
8.8326677538929828e+13 6.0551159388602168e-03 2.1297557116043883e-12
9.3512467434754562e+13 5.7482011501199691e-03 2.3601193251212444e-12
9.9002722726458297e+13 5.4714452319206339e-03 2.1171512770889199e-12
1.0481531902781609e+14 5.2801705310874551e-03 2.3870047147773709e-12
1.1096918145632786e+14 4.8081279136506627e-03 2.0889359457495036e-12
1.1748434625113783e+14 4.9679238622776468e-03 2.3977356039677917e-12
1.2438202600862797e+14 4.1647039014150187e-03 2.1314481133238690e-12
1.3168467874809575e+14 4.5911721942588895e-03 2.2758012224849149e-12
1.3941608103236961e+14 3.8635060028227161e-03 2.3346825921959873e-12
1.4760140538145419e+14 3.8310672040127161e-03 2.0651900804109023e-12
1.5626730223123894e+14 3.9371952555671257e-03 2.4235618589293962e-12
1.6544198670413084e+14 3.1800779554915851e-03 2.2172523187236409e-12
1.7515533047410694e+14 3.4438830502294777e-03 2.0893062290628191e-12
1.8543895902531253e+14 3.3609318158057690e-03 2.4745478931762363e-12
1.9632635462084750e+14 2.6897909468837637e-03 2.1938200956709475e-12
2.0785296531701194e+14 2.9846603401846453e-03 2.0640834360568362e-12
2.2005632037792312e+14 2.9364626745468697e-03 2.5078453236182964e-12
2.3297615246631159e+14 2.2760429769266193e-03 2.2124370253440164e-12
2.4665452700830934e+14 2.5902198129277650e-03 2.0342012816106137e-12
2.6113597915344819e+14 2.5218964881196125e-03 2.5659216363158326e-12
2.7646765877576153e+14 1.9186560531305637e-03 2.1009704740026439e-12
2.9269948398813594e+14 2.4187973240852871e-03 2.2093695149091632e-12
3.0988430366970456e+14 1.8424768382204455e-03 2.4886500423353642e-12
3.2807806953547894e+14 2.0412329466158361e-03 1.9716991661328158e-12
3.4734001830841800e+14 1.7211316262763746e-03 2.5803290728245021e-12
3.6773286458711431e+14 1.9515897721381981e-03 2.0583869552456958e-12
3.8932300503701138e+14 1.3662333578540263e-03 2.2252530925346370e-12
4.1218073457000788e+14 1.7589864756990120e-03 2.6717383128115800e-12
4.3638047521625462e+14 1.7189362548604673e-03 2.1000549647886308e-12
4.6200101843338456e+14 1.3494538351940214e-03 1.8627568097638705e-12
4.8912578164205694e+14 1.1414181780677744e-03 2.0313080582478714e-12
5.1784307982310531e+14 1.0836161267120603e-03 2.1986789236663351e-12
5.4824641306051625e+14 1.0554906368777407e-03 2.2463641946075709e-12
5.8043477096651675e+14 9.9444257579174990e-04 2.1996909170897809e-12
6.1451295497991238e+14 9.8826165553509175e-04 2.1090839961665292e-12
6.5059191958699475e+14 9.6093821412735272e-04 2.0338057950212667e-12
6.8878913357608038e+14 9.7045120994383445e-04 2.0209560594237150e-12
7.2922896250180750e+14 9.6886508531646653e-04 2.0756172245195171e-12
7.7204307360451350e+14 9.4126016594909623e-04 2.1634364404689623e-12
8.1737086450296725e+14 8.9239023699619910e-04 2.2434783409303167e-12
8.6535991705634575e+14 8.5039230143443259e-04 2.2939616685674778e-12
9.1616647787308175e+14 7.8367413607760843e-04 2.3141622067792689e-12
9.6995596703114000e+14 7.4397026226530956e-04 2.3136891242107246e-12
1.0269035166659380e+15 6.9540008796566024e-04 2.3029929305372837e-12
1.0871945411796360e+15 6.5832801266960637e-04 2.2893284455538547e-12
1.1510253409282105e+15 6.2550618777523455e-04 2.2765098575551877e-12
1.2186037413519435e+15 5.9241422102869826e-04 2.2659965630498973e-12
1.2901497696301140e+15 5.6531305665630759e-04 2.2579915707282005e-12
1.3658963710631822e+15 5.3672847791426609e-04 2.2521669389118401e-12
1.4460901675147715e+15 5.1153980476787157e-04 2.2480494825359030e-12
1.5309922603829695e+15 4.8668861687422524e-04 2.2451947285872706e-12
1.6208790807151462e+15 4.6324980746163016e-04 2.2432409036914015e-12
1.7160432892343850e+15 4.4098855824252958e-04 2.2419168428471261e-12
1.8167947292077270e+15 4.1954638403732454e-04 2.2410250404176851e-12
1.9234614352588015e+15 3.9928845892039851e-04 2.2404288054505197e-12
2.0363907014091935e+15 3.7983279211159618e-04 2.2400314106026679e-12
2.1559502118262452e+15 3.6136889210728750e-04 2.2397679134585556e-12
2.2825292379586435e+15 3.4374609354383503e-04 2.2395913811486146e-12
2.4165399059577140e+15 3.2696863687182922e-04 2.2394810232354887e-12
2.5584185385107095e+15 3.1099950560077832e-04 2.2394069710113564e-12
2.7086270754553030e+15 2.9578694241500772e-04 2.2393523593438547e-12
2.8676545778003385e+15 2.8131807456836788e-04 2.2393297822274989e-12
3.0360188200500050e+15 2.6754245797175460e-04 2.2393100631218816e-12
3.2142679760154820e+15 2.5443618389987946e-04 2.2392846909210805e-12
3.4029824036033135e+15 2.4196899511876822e-04 2.2392916208782919e-12
3.6027765343912050e+15 2.3010646500714541e-04 2.2392808748251804e-12
3.8143008741437760e+15 2.1882388819564744e-04 2.2392841176885559e-12
4.0382441207812620e+15 2.0809101850835575e-04 2.2392839420685702e-12
4.2753354066975835e+15 1.9788267878225656e-04 2.2392830447004568e-12
4.5263466727280420e+15 1.8817285339013272e-04 2.2392781733745100e-12
4.7920951814963860e+15 1.7893903007951644e-04 2.2392837362114068e-12
5.0734461783238330e+15 1.7015629210997919e-04 2.2392784346172792e-12
5.3713157083643620e+15 1.6180443956417950e-04 2.2392837032824339e-12
5.6866735991379580e+15 1.5386136454801917e-04 2.2392835909239968e-12
6.0205466181730660e+15 1.4630690518433354e-04 2.2392743798104217e-12
6.3740218160384330e+15 1.3912389143832729e-04 2.2392827587234408e-12
6.7482500656497690e+15 1.3229244100117544e-04 2.2392818899675105e-12
7.1444498093740370e+15 1.2579599185880510e-04 2.2392809002508448e-12
7.5639110261321260e+15 1.1961814591888022e-04 2.2392798416136306e-12
8.0079994314154000e+15 1.1374339912204283e-04 2.2392802177095232e-12
8.4781609238920180e+15 1.0815629609638417e-04 2.2392692778389299e-12
8.9759262930797240e+15 1.0284379802762874e-04 2.2392690113392962e-12
9.5029162034134940e+15 9.7791953488265650e-05 2.2392687104920672e-12
1.0060846470934434e+16 9.2987832215033088e-05 2.2392646880488006e-12
1.0651533649781622e+16 8.8420046941665084e-05 2.2392758239854021e-12
1.1276900946674696e+16 8.4075930747356164e-05 2.2392744910713347e-12
1.1938984482644984e+16 7.9944993558728054e-05 2.2392727006632158e-12
1.2639939922401230e+16 7.6016403543606421e-05 2.2392588529487390e-12
1.3382049492916094e+16 7.2281457182270592e-05 2.2392708252648065e-12
1.4167729414083674e+16 6.8728976662340245e-05 2.2392546087760171e-12
1.4999537765642600e+16 6.5351312783013145e-05 2.2392533035017860e-12
1.5880182815976658e+16 6.2139443548359170e-05 2.2392520584007649e-12
1.6812531839912776e+16 5.9085071496322827e-05 2.2392444141049184e-12
1.7799620454224248e+16 5.6180929732888070e-05 2.2392478921513539e-12
1.8844662501236016e+16 5.3419201718475654e-05 2.2392449422332346e-12
1.9951060512709560e+16 5.0793003195696650e-05 2.2392396178652678e-12
2.1122416788079440e+16 4.8295939796658942e-05 2.2392433203087740e-12
2.2362545123108540e+16 4.5921251233876689e-05 2.2392362997686757e-12
2.3675483227151100e+16 4.3663392356884387e-05 2.2392410265621797e-12
2.5065505869449796e+16 4.1516151732826499e-05 2.2392327860744725e-12
2.6537138797273196e+16 3.9474855776368811e-05 2.2392535794960710e-12
2.8095173471206488e+16 3.7533028816108131e-05 2.2392283769227731e-12
2.9744682665574304e+16 3.5686928379157970e-05 2.2392255836669168e-12
3.1491036984785092e+16 3.3931514038378186e-05 2.2392245810751053e-12
3.3339922349376836e+16 3.2262323180240846e-05 2.2392244564301737e-12
3.5297358508692936e+16 3.0675116544869126e-05 2.2392248238167276e-12
3.7369718640466336e+16 2.9166098879834911e-05 2.2392436347356231e-12
3.9563750101121360e+16 2.7730672892977568e-05 2.2392199090683517e-12
4.1886596394359352e+16 2.6365979837056699e-05 2.2392143958073085e-12
4.4345820429550624e+16 2.5068400458548529e-05 2.2392154080048303e-12
4.6949429145663200e+16 2.3834734073861680e-05 2.2392336111681411e-12
4.9705899580895080e+16 2.2661234825033081e-05 2.2392077378723411e-12
5.2624206472896936e+16 2.1545843805039914e-05 2.2392296070333525e-12
5.5713851479442376e+16 2.0484822887615218e-05 2.2392038105438723e-12
5.8984894114689600e+16 1.9476332276232321e-05 2.2392243210188273e-12
6.2447984501752240e+16 1.8517017121763984e-05 2.2391979010668356e-12
6.6114398048226616e+16 1.7605023195034965e-05 2.2391944881502153e-12
6.9996072157567648e+16 1.6737859527913639e-05 2.2391923841466692e-12
7.4105645095847248e+16 1.5913307102106496e-05 2.2391897906888214e-12
7.8456497140431856e+16 1.5129276405260932e-05 2.2391860877433709e-12
8.3062794144565536e+16 1.4383810214503599e-05 2.2391869874091860e-12
8.7939533659690448e+16 1.3674990749908947e-05 2.2391885779218336e-12
9.3102593765681248e+16 1.3000954814497338e-05 2.2391797037343436e-12
9.8568784767967584e+16 1.2360115154475169e-05 2.2391815137032823e-12
1.0435590392987830e+17 1.1750725205476443e-05 2.2391727075420050e-12
1.1048279341839803e+17 1.1171371166828130e-05 2.2391780618878191e-12
1.1696940165201011e+17 1.0620522066366932e-05 2.2391891441848328e-12
1.2383684825035307e+17 1.0096699254209012e-05 2.2391855283698624e-12
1.3110749279717662e+17 9.5985573326449721e-06 2.2391614947640174e-12
1.3880500764046675e+17 9.1249819815513673e-06 2.2391545666133870e-12
1.4695445496678051e+17 8.6747150214837400e-06 2.2391510812454790e-12
1.5558236840071760e+17 8.2466200097742466e-06 2.2391536310903106e-12
1.6471683939522909e+17 7.8395617880497032e-06 2.2391502276025315e-12
1.7438760869402173e+17 7.4525117307601174e-06 2.2391407491277184e-12
1.8462616316386365e+17 7.0845193641394276e-06 2.2391351744043433e-12
1.9546583831204374e+17 6.7346495224745110e-06 2.2391344447380332e-12
2.0694192682279686e+17 6.4019761136757450e-06 2.2391264961015632e-12
2.1909179346605437e+17 6.0856867562026703e-06 2.2391220446590667e-12
2.3195499675266755e+17 5.7850197295998615e-06 2.2391413205355645e-12
2.4557341773217152e+17 5.4991022388354585e-06 2.2391375866487713e-12
2.5999139635247402e+17 5.2272052530924071e-06 2.2391076787245083e-12
2.7525587582541222e+17 4.9687454135681336e-06 2.2391017688315973e-12
2.9141655546823789e+17 4.7230273718316430e-06 2.2391018592496954e-12
3.0852605251862982e+17 4.4893904598801993e-06 2.2390924371511561e-12
3.2664007345012730e+17 4.2672645457809451e-06 2.2390855780547499e-12
3.4581759534573235e+17 4.0560948827102810e-06 2.2390868276037118e-12
3.6612105792024045e+17 3.8553063648466348e-06 2.2390738818775115e-12
3.8761656681645850e+17 3.6644241079791314e-06 2.2390690165848137e-12
4.1037410883727226e+17 3.4829773594769478e-06 2.2390913273733583e-12
4.3446777981428973e+17 3.3104080504889814e-06 2.2390550407742227e-12
4.5997602585500966e+17 3.1463876088294456e-06 2.2390561082891669e-12
4.8698189875393306e+17 2.9904435134186159e-06 2.2390500982296876e-12
5.1557332639927424e+17 2.8422050787024674e-06 2.2390650764121222e-12
5.4584339905562771e+17 2.7012598196364304e-06 2.2390583777240514e-12
5.7789067245473997e+17 2.5672369187294449e-06 2.2390216631682210e-12
6.1181948868114342e+17 2.4398503237142169e-06 2.2390139391421094e-12
6.4774031589750669e+17 2.3187471672061530e-06 2.2390049449638894e-12
6.8577010801573312e+17 2.2036235617597049e-06 2.2389985620923240e-12
7.2603268548491520e+17 2.0941775343526124e-06 2.2389904281897823e-12
7.6865913843585677e+17 1.9901365893616605e-06 2.2389844665538316e-12
8.1378825349486195e+17 1.8912247189317075e-06 2.2389707619298639e-12
8.6156696565635904e+17 1.7972036338563262e-06 2.2389637048754568e-12
9.1215083668567411e+17 1.7078221532449253e-06 2.2389547608425564e-12
9.6570456160946982e+17 1.6228547381900415e-06 2.2389414710690840e-12
1.0224025049430568e+18 1.5420865475373196e-06 2.2389332617185994e-12
1.0824292684003598e+18 1.4653248826610106e-06 2.2389623567941115e-12
1.1459802919350277e+18 1.3923426504879839e-06 2.2389550216297947e-12
1.2132624900694664e+18 1.3229652376946766e-06 2.2389480670288376e-12
1.2844949255837801e+18 1.2570187006178219e-06 2.2389356008334778e-12
1.3599095227579313e+18 1.1943172853682991e-06 2.2388799216008509e-12
1.4397518224894669e+18 1.1347497174649348e-06 2.2389241221986457e-12
1.5242817817452127e+18 1.0781128849967194e-06 2.2389137419897190e-12
1.6137746199500700e+18 1.0242774036905021e-06 2.2388947166870047e-12
1.7085217150684815e+18 9.7310710986083271e-07 2.2388841802089246e-12
1.8088315522962460e+18 9.2446864393446365e-07 2.2388755881672473e-12
1.9150307284512932e+18 8.7823921381948634e-07 2.2388547396097599e-12
2.0274650153338668e+18 8.3430098954309528e-07 2.2388431061399452e-12
2.1465004855180695e+18 7.9254030578038217e-07 2.2388343704295413e-12
2.2725247042403960e+18 7.5284966990251550e-07 2.2388245824090581e-12
2.4059479912656307e+18 7.1512607103419976e-07 2.2388108496812623e-12
2.5472047568389315e+18 6.7925754089488261e-07 2.2387256176354216e-12
2.6967549160735309e+18 6.4519700296237163e-07 2.2387924237558592e-12
2.8550853863793572e+18 6.1281346378310568e-07 2.2387808029643519e-12
3.0227116728076820e+18 5.8204050271444440e-07 2.2387725072708606e-12
3.2001795464739226e+18 5.5278533822776239e-07 2.2387375322932704e-12
3.3880668215229880e+18 5.2498935127010289e-07 2.2387320213133679e-12
3.5869852364230518e+18 4.9857637692789362e-07 2.2387229647829725e-12
3.7975824457125857e+18 4.7347294909263673e-07 2.2387063409437530e-12
4.0205441286860887e+18 4.4961749329342760e-07 2.2386877927291377e-12
4.2565962218836992e+18 4.2694673241096111e-07 2.2386571308615949e-12
4.5065072826537733e+18 4.0541218268219737e-07 2.2386623934025676e-12
4.7710909914833777e+18 3.8493868020216753e-07 2.2386165828487829e-12
5.0512088012446474e+18 3.6548867588876953e-07 2.2386136661470207e-12
5.3477727419821036e+18 3.4700697490403103e-07 2.2385832949658473e-12
5.6617483903734374e+18 3.2945102729756458e-07 2.2385853804527708e-12
5.9941580135312876e+18 3.1276515724479307e-07 2.2385328511600479e-12
6.3460838973827092e+18 2.9691061758590835e-07 2.2385038178799492e-12
6.7186718704624589e+18 2.8185168637283264e-07 2.2385193468234371e-12
7.1131350345937009e+18 2.6753810269793500e-07 2.2384765488785269e-12
7.5307577146019574e+18 2.5394409428642275e-07 2.2384384707600049e-12
7.9728996399231560e+18 2.4102845980464065e-07 2.2384323664213203e-12
8.4410003717197189e+18 2.2875987972240971e-07 2.2383929996405640e-12
8.9365839899195996e+18 2.1710578713296729e-07 2.2384004443265452e-12
9.4612640554376131e+18 2.0602875157605175e-07 2.2383485743477714e-12
1.0016748863736820e+19 1.9550845357119268e-07 2.2383222434845126e-12
1.0604847006833826e+19 1.8551511139754696e-07 2.2382834891580504e-12
1.1227473261858163e+19 1.7602820564572675e-07 2.2382565849413468e-12
1.1886654825336816e+19 1.6701292291711147e-07 2.2382270807095408e-12
1.2584537913503689e+19 1.5844827504689760e-07 2.2381175009836061e-12
1.3323394750122473e+19 1.5031600975369194e-07 2.2381051320354983e-12
1.4105630964575545e+19 1.4259241837245840e-07 2.2380301813783610e-12
1.4933793424304523e+19 1.3525532187950383e-07 2.2380133713003753e-12
1.5810578527106099e+19 1.2828938943096057e-07 2.2380332545469126e-12
1.6738840980280127e+19 1.2167282287908012e-07 2.2379728686195917e-12
1.7721603095215280e+19 1.1539123752251720e-07 2.2379716496253738e-12
1.8762064627672207e+19 1.0942278144089163e-07 2.2379523285521344e-12
1.9863613195805659e+19 1.0375681381853160e-07 2.2378854144613398e-12
2.1029835309843223e+19 9.8380540927432506e-08 2.2378673137483724e-12
2.2264528049333813e+19 9.3271990502228684e-08 2.2377834304249220e-12
2.3571711425982996e+19 8.8422869015323751e-08 2.2376765484491965e-12
2.4955641472330351e+19 8.3820141839621132e-08 2.2376639138667966e-12
2.6420824098881397e+19 7.9448248510725700e-08 2.2376798215240579e-12
2.7972029764813459e+19 7.5299744621764102e-08 2.2376316682399640e-12
2.9614309010018226e+19 7.1360142947438748e-08 2.2375598606402451e-12
3.1353008899055677e+19 6.7622033446111232e-08 2.2375149510360949e-12
3.3193790430555501e+19 6.4073975635605064e-08 2.2374662900151392e-12
3.5142646968751788e+19 6.0706045404504891e-08 2.2373997454437430e-12
3.7205923757157712e+19 5.7509627088198550e-08 2.2371913288043038e-12
3.9390338577919599e+19 5.4475504319496181e-08 2.2372671839977514e-12
4.1703003624110531e+19 5.1597020015275381e-08 2.2369845258219645e-12
4.4151448656180683e+19 4.8863869688557491e-08 2.2368316418583553e-12
4.6743645517953647e+19 4.6271881834360121e-08 2.2367454004253452e-12
4.9488034091996627e+19 4.3815646279091069e-08 2.2368243356961621e-12
5.2393549778866627e+19 4.1482647242852550e-08 2.2367517827443985e-12
5.5469652589706363e+19 3.9268117647599376e-08 2.2366193563719482e-12
5.8726357946905207e+19 3.7168015382447877e-08 2.2365028627691847e-12
6.2174269293116793e+19 3.5176864050075239e-08 2.2364276692407573e-12
6.5824612614797566e+19 3.3289308468153952e-08 2.2364965315606772e-12
6.9689272992676545e+19 3.1498139331998511e-08 2.2363552011557959e-12
7.3780833298151752e+19 2.9799413982778123e-08 2.2363192498426534e-12
7.8112615161614795e+19 2.8187598790990963e-08 2.2361452023504082e-12
8.2698722346082959e+19 2.6655323933648690e-08 2.2356976760081576e-12
8.7554086667365335e+19 2.5207681662272318e-08 2.2356606855611841e-12
9.2694516610263056e+19 2.3838172353069829e-08 2.2358972147137076e-12
9.8136748799105384e+19 2.2536118159574064e-08 2.2358574757082147e-12
1.0389850249019279e+20 2.1300202213323987e-08 2.2353325442313965e-12
1.0999853726357697e+20 2.0132866257385532e-08 2.2355827263211270e-12
1.1645671410200207e+20 1.9024550003506788e-08 2.2355875379458818e-12
1.2329406005588940e+20 1.7973473319104754e-08 2.2349699671318601e-12
1.3053283670489380e+20 1.6972184260731422e-08 2.2343921291074301e-12
1.3819661263894531e+20 1.6036299218963623e-08 2.2352232426798883e-12
1.4631034019474951e+20 1.5139408609638105e-08 2.2342979895879528e-12
1.5490043669761189e+20 1.4293601575987977e-08 2.2340930517457889e-12
1.6399487047308309e+20 1.3491156340382668e-08 2.2338074870590068e-12
1.7362325190848315e+20 1.2738234420516610e-08 2.2345592671314025e-12
1.8381692986076896e+20 1.2016829862347733e-08 2.2337561006477561e-12
1.9460909372466345e+20 1.1338727064350865e-08 2.2338561198110974e-12
2.0603488149334770e+20 1.0691804758876987e-08 2.2336465681634115e-12
2.1813149416356538e+20 1.0081899385463790e-08 2.2334493282463224e-12
2.3093831685760369e+20 9.5087807480308169e-09 2.2337502854315622e-12
2.4449704705654155e+20 8.9627976363446805e-09 2.2335696691667946e-12
2.5885183036225100e+20 8.4466934864719402e-09 2.2331640916064381e-12
