# #Parameters: delta_c =0.4, gamma = 0.2, gstar = 107.5#Columns: mPBH [Msun, fPBH]
1.3524879408762520e+21 0.0000000000000000e+00
1.1925887348483322e+21 0.0000000000000000e+00
1.0515937684188771e+21 0.0000000000000000e+00
9.2726806942215176e+20 0.0000000000000000e+00
8.1764089745669777e+20 0.0000000000000000e+00
7.2097450482729052e+20 0.0000000000000000e+00
6.3573659075497257e+20 0.0000000000000000e+00
5.6057601221498398e+20 0.0000000000000000e+00
4.9430136638457446e+20 0.0000000000000000e+00
4.3586210520180969e+20 0.0000000000000000e+00
3.8433188267407802e+20 0.0000000000000000e+00
3.3889387096730770e+20 0.0000000000000000e+00
2.9882781251484346e+20 0.0000000000000000e+00
2.6349860290338754e+20 0.0000000000000000e+00
2.3234622355838589e+20 0.0000000000000000e+00
2.0487686464750240e+20 0.0000000000000000e+00
1.8065509748749330e+20 0.0000000000000000e+00
1.5929697237590704e+20 0.0000000000000000e+00
1.4046393243837048e+20 0.0000000000000000e+00
1.2385744701721148e+20 0.0000000000000000e+00
1.0921427953294850e+20 0.0000000000000000e+00
9.6302314807469588e+19 0.0000000000000000e+00
8.4916879706001359e+19 0.0000000000000000e+00
7.4877498774766633e+19 0.0000000000000000e+00
6.6025033446547317e+19 0.0000000000000000e+00
5.8219159466458546e+19 0.0000000000000000e+00
5.1336142551521640e+19 0.0000000000000000e+00
4.5266877025053254e+19 0.0000000000000000e+00
3.9915156335418180e+19 0.0000000000000000e+00
3.5196148044387787e+19 0.0000000000000000e+00
3.1035049111488922e+19 0.0000000000000000e+00
2.7365900158671352e+19 0.0000000000000000e+00
2.4130539919691411e+19 0.0000000000000000e+00
2.1277683300737855e+19 0.0000000000000000e+00
1.8762108438238757e+19 0.0000000000000000e+00
1.6543939867552328e+19 0.0000000000000000e+00
1.4588016439738702e+19 0.0000000000000000e+00
1.2863333966987629e+19 0.0000000000000000e+00
1.1342553761834248e+19 0.0000000000000000e+00
1.0001569279805352e+19 0.0000000000000000e+00
8.8191239961616456e+18 0.0000000000000000e+00
7.7764744595347988e+18 0.0000000000000000e+00
6.8570931813768571e+18 0.0000000000000000e+00
6.0464066515943875e+18 0.0000000000000000e+00
5.3315643275397315e+18 0.0000000000000000e+00
4.7012349345042237e+18 0.0000000000000000e+00
4.1454268487841270e+18 0.0000000000000000e+00
3.6553297161339423e+18 0.0000000000000000e+00
3.2231747950324628e+18 0.0000000000000000e+00
2.8421118110024694e+18 0.0000000000000000e+00
2.5061003699485568e+18 0.0000000000000000e+00
2.2098142092590771e+18 0.0000000000000000e+00
1.9485567689148664e+18 0.0000000000000000e+00
1.7181867442860667e+18 0.0000000000000000e+00
1.5150524405221148e+18 0.0000000000000000e+00
1.3359338879580221e+18 0.0000000000000000e+00
1.1779918009831959e+18 0.0000000000000000e+00
1.0387225712978099e+18 0.0000000000000000e+00
9.1591858213529510e+17 0.0000000000000000e+00
8.0763321437462835e+17 0.0000000000000000e+00
7.1214998983910131e+17 0.0000000000000000e+00
6.2795536265870195e+17 0.0000000000000000e+00
5.5371472740021254e+17 0.0000000000000000e+00
4.8825126365953197e+17 0.0000000000000000e+00
4.3052728177270867e+17 0.0000000000000000e+00
3.7962777394847347e+17 0.0000000000000000e+00
3.3474591008417914e+17 0.0000000000000000e+00
2.9517024835304787e+17 0.0000000000000000e+00
2.6027345783221171e+17 0.0000000000000000e+00
2.2950237440905843e+17 0.0000000000000000e+00
2.0236923233774698e+17 0.0000000000000000e+00
1.7844393245350490e+17 0.0000000000000000e+00
1.5734722448483440e+17 0.0000000000000000e+00
1.3874469539350557e+17 0.0000000000000000e+00
1.2234146844892091e+17 0.0000000000000000e+00
1.0787752900958077e+17 0.0000000000000000e+00
9.5123602918594544e+16 0.0000000000000000e+00
8.3877522179904928e+16 0.0000000000000000e+00
7.3961020305983264e+16 0.0000000000000000e+00
6.5216906538669712e+16 0.0000000000000000e+00
5.7506574150512528e+16 0.0000000000000000e+00
5.0707803329609512e+16 0.0000000000000000e+00
4.4712823820534280e+16 0.0000000000000000e+00
3.9426606611427392e+16 0.0000000000000000e+00
3.4765357588047604e+16 0.0000000000000000e+00
3.0655189277042928e+16 0.0000000000000000e+00
2.7030949623668316e+16 0.0000000000000000e+00
2.3835189238400136e+16 0.0000000000000000e+00
2.1017250741827536e+16 0.0000000000000000e+00
1.8532465772631736e+16 0.0000000000000000e+00
1.6341446930080330e+16 0.0000000000000000e+00
1.4409463427311108e+16 0.0000000000000000e+00
1.2705890558615064e+16 0.0000000000000000e+00
1.1203724253986930e+16 0.0000000000000000e+00
9.8791530259376800e+15 0.0000000000000000e+00
8.7111805233124110e+15 0.0000000000000000e+00
7.6812927090513130e+15 0.0000000000000000e+00
6.7731643861846370e+15 0.0000000000000000e+00
5.9724004200779850e+15 0.0000000000000000e+00
5.2663075549300920e+15 0.0000000000000000e+00
4.6436932074878580e+15 0.0000000000000000e+00
4.0946880485705260e+15 0.0000000000000000e+00
3.6105895600662615e+15 0.0000000000000000e+00
3.1837240875554670e+15 0.0000000000000000e+00
2.8073252018971935e+15 0.0000000000000000e+00
2.4754264416356385e+15 0.0000000000000000e+00
2.1827667360403225e+15 0.0000000000000000e+00
1.9247070095995305e+15 0.0000000000000000e+00
1.6971566460288615e+15 0.0000000000000000e+00
1.4965086461441420e+15 0.0000000000000000e+00
1.3195824517580165e+15 0.0000000000000000e+00
1.1635735292771405e+15 0.0000000000000000e+00
1.0260089138277948e+15 0.0000000000000000e+00
9.0470800922058588e+14 0.0000000000000000e+00
7.9774802237756262e+14 0.0000000000000000e+00
7.0343348430791400e+14 0.0000000000000000e+00
6.2026937449602475e+14 0.0000000000000000e+00
5.4693742268498550e+14 0.0000000000000000e+00
4.8227521240485244e+14 0.0000000000000000e+00
4.2525775500665875e+14 0.0000000000000000e+00
3.7498124212424038e+14 0.0000000000000000e+00
3.3064871901709762e+14 0.0000000000000000e+00
2.9155745169627475e+14 0.0000000000000000e+00
2.5708778758410991e+14 0.0000000000000000e+00
2.2669333313334428e+14 0.0000000000000000e+00
1.9989229270679525e+14 0.0000000000000000e+00
1.7625983142643134e+14 0.0000000000000000e+00
1.5542134093206053e+14 0.0000000000000000e+00
1.3704650130226672e+14 0.0000000000000000e+00
1.2084404501053869e+14 0.0000000000000000e+00
1.0655713991778931e+14 0.0000000000000000e+00
9.3959318115088703e+13 0.0000000000000000e+00
8.2850886082937906e+13 0.0000000000000000e+00
7.3055759262961812e+13 0.0000000000000000e+00
6.4418670865451836e+13 0.0000000000000000e+00
5.6802710668360430e+13 0.0000000000000000e+00
5.0087154794183969e+13 0.0000000000000000e+00
4.4165552063590500e+13 0.0000000000000000e+00
3.8944036591757523e+13 0.0000000000000000e+00
3.4339839879652453e+13 0.0000000000000000e+00
3.0279978814773105e+13 0.0000000000000000e+00
2.6700098784280879e+13 0.0000000000000000e+00
2.3543453562211492e+13 0.0000000000000000e+00
2.0760005800515508e+13 0.0000000000000000e+00
1.8305633865423250e+13 0.0000000000000000e+00
1.6141432446353594e+13 0.0000000000000000e+00
1.4233095851017252e+13 0.0000000000000000e+00
1.2550374211057602e+13 0.0000000000000000e+00
1.1066593978310221e+13 0.0000000000000000e+00
9.7582351108598672e+12 0.0000000000000000e+00
8.6045582466880869e+12 0.0000000000000000e+00
7.5872759550803545e+12 0.0000000000000000e+00
6.6902628546559131e+12 0.0000000000000000e+00
5.8993000029764492e+12 0.0000000000000000e+00
5.2018495059425938e+12 0.0000000000000000e+00
4.5868557742143574e+12 0.0000000000000000e+00
4.0445702762850547e+12 0.0000000000000000e+00
3.5663970102941553e+12 0.0000000000000000e+00
3.1447562450856167e+12 0.0000000000000000e+00
2.7729643706125991e+12 0.0000000000000000e+00
2.4451279531452578e+12 0.0000000000000000e+00
2.1560503159048889e+12 0.0000000000000000e+00
1.9011491642938218e+12 0.0000000000000000e+00
1.6763839499627615e+12 0.0000000000000000e+00
1.4781918223321609e+12 0.0000000000000000e+00
1.3034311523074495e+12 0.0000000000000000e+00
1.1493317329581116e+12 0.0000000000000000e+00
1.0134508677700422e+12 0.0000000000000000e+00
8.9363465040713782e+11 0.0000000000000000e+00
7.8798382221079736e+11 0.0000000000000000e+00
6.9482366622987207e+11 0.0000000000000000e+00
6.1267746055828284e+11 0.0000000000000000e+00
5.4024307017769427e+11 0.0000000000000000e+00
4.7637230625241144e+11 0.0000000000000000e+00
4.2005272569178937e+11 0.0000000000000000e+00
3.7039158247711121e+11 0.0000000000000000e+00
3.2660167635850739e+11 0.0000000000000000e+00
2.8798887460348523e+11 0.0000000000000000e+00
2.5394110899890933e+11 0.0000000000000000e+00
2.2391867369315134e+11 0.0000000000000000e+00
1.9744567008532419e+11 0.0000000000000000e+00
1.7410246315082129e+11 0.0000000000000000e+00
1.5351902962513293e+11 0.0000000000000000e+00
1.3536909260511668e+11 0.0000000000000000e+00
1.1936494959275549e+11 0.0000000000000000e+00
1.0525291199848412e+11 0.0000000000000000e+00
9.2809283813688385e+10 0.0000000000000000e+00
8.1836815708564987e+10 0.0000000000000000e+00
7.2161578347724045e+10 0.0000000000000000e+00
6.3630205361102821e+10 0.0000000000000000e+00
5.6107462267333214e+10 0.0000000000000000e+00
4.9474102813513931e+10 0.0000000000000000e+00
4.3624978751306580e+10 0.0000000000000000e+00
3.8467373086594009e+10 0.0000000000000000e+00
3.3919530382324795e+10 0.0000000000000000e+00
2.9909360817737362e+10 0.0000000000000000e+00
2.6373297461445766e+10 0.0000000000000000e+00
2.3255288644530796e+10 0.0000000000000000e+00
2.0505909461303894e+10 0.0000000000000000e+00
1.8081578313760670e+10 0.0000000000000000e+00
1.5943866080830286e+10 0.0000000000000000e+00
1.4058886961764389e+10 0.0000000000000000e+00
1.2396761337660147e+10 0.0000000000000000e+00
1.0931142136704296e+10 0.0000000000000000e+00
9.6387971953476028e+09 0.0000000000000000e+00
8.4992409952370968e+09 0.0000000000000000e+00
7.4944099384086924e+09 0.0000000000000000e+00
6.6083760133868713e+09 0.0000000000000000e+00
5.8270943133889322e+09 0.0000000000000000e+00
5.1381804044360476e+09 0.0000000000000000e+00
4.5307140143362970e+09 0.0000000000000000e+00
3.9950659307292962e+09 0.0000000000000000e+00
3.5227453642783036e+09 0.0000000000000000e+00
3.1062653574978533e+09 0.0000000000000000e+00
2.7390241057539425e+09 0.0000000000000000e+00
2.4152003092048674e+09 0.0000000000000000e+00
2.1296608968607979e+09 0.0000000000000000e+00
1.8778796600564790e+09 0.0000000000000000e+00
1.6558655055609715e+09 0.0000000000000000e+00
1.4600991910334861e+09 0.0000000000000000e+00
1.2874775399916272e+09 0.0000000000000000e+00
1.1352642520194895e+09 0.0000000000000000e+00
1.0010465284868212e+09 0.0000000000000000e+00
8.8269682623487794e+08 0.0000000000000000e+00
7.7833913297006536e+08 0.0000000000000000e+00
6.8631922978206623e+08 0.0000000000000000e+00
6.0517846940475273e+08 0.0000000000000000e+00
5.3363065456781024e+08 0.0000000000000000e+00
4.7054164992776132e+08 0.0000000000000000e+00
4.1491140439834785e+08 0.0000000000000000e+00
3.6585809890843725e+08 0.0000000000000000e+00
3.2260416830670351e+08 0.0000000000000000e+00
2.8446397584027833e+08 0.0000000000000000e+00
2.5083294483017063e+08 0.0000000000000000e+00
2.2117797526496759e+08 0.0000000000000000e+00
1.9502899340209192e+08 0.0000000000000000e+00
1.7197150042569330e+08 0.0000000000000000e+00
1.5164000204672593e+08 0.0000000000000000e+00
1.3371221489497180e+08 0.0000000000000000e+00
1.1790395786601189e+08 0.0000000000000000e+00
1.0396464744368729e+08 0.0000000000000000e+00
9.1673325592456684e+07 0.0000000000000000e+00
8.0835157256053314e+07 0.0000000000000000e+00
7.1278341942779019e+07 0.0000000000000000e+00
6.2851390441641927e+07 0.0000000000000000e+00
5.5420723501382031e+07 0.0000000000000000e+00
4.8868554408012889e+07 0.0000000000000000e+00
4.3091021896698296e+07 0.0000000000000000e+00
3.7996543801943883e+07 0.0000000000000000e+00
3.3504365349099692e+07 0.0000000000000000e+00
2.9543279075517483e+07 0.0000000000000000e+00
2.6050496090276267e+07 0.0000000000000000e+00
2.2970650780328523e+07 0.0000000000000000e+00
2.0254923186232936e+07 0.0000000000000000e+00
1.7860265135872263e+07 0.0000000000000000e+00
1.5748717869266789e+07 0.0000000000000000e+00
1.3886810337860649e+07 0.0000000000000000e+00
1.2245028640461106e+07 0.0000000000000000e+00
1.0797348185631810e+07 0.0000000000000000e+00
9.5208211646434236e+06 0.0000000000000000e+00
8.3952127958368380e+06 0.0000000000000000e+00
7.4026805743517159e+06 0.0000000000000000e+00
6.5274914428684004e+06 0.0000000000000000e+00
5.7557724001148799e+06 0.0000000000000000e+00
5.0752905939262714e+06 0.0000000000000000e+00
4.4752594130168296e+06 0.0000000000000000e+00
3.9461675037412858e+06 0.0000000000000000e+00
3.4796280015165163e+06 0.0000000000000000e+00
3.0682455870052758e+06 0.0000000000000000e+00
2.7054992597123645e+06 0.0000000000000000e+00
2.3856389707867168e+06 0.0000000000000000e+00
2.1035944765112950e+06 0.0000000000000000e+00
1.8548949676780039e+06 0.0000000000000000e+00
1.6355982008582288e+06 0.0000000000000000e+00
1.4422280081979646e+06 0.0000000000000000e+00
1.2717191951784012e+06 0.0000000000000000e+00
1.1213689528925093e+06 0.0000000000000000e+00
9.8879401465261797e+05 0.0000000000000000e+00
8.7189287779983529e+05 0.0000000000000000e+00
7.6881249187693582e+05 0.0000000000000000e+00
6.7791888512446231e+05 0.0000000000000000e+00
5.9777126368799701e+05 0.0000000000000000e+00
5.2709917297191243e+05 0.0000000000000000e+00
4.6478235911435273e+05 0.0000000000000000e+00
4.0983301135897177e+05 0.0000000000000000e+00
3.6138010383960837e+05 0.0000000000000000e+00
3.1865558857272682e+05 0.0000000000000000e+00
2.8098222079679900e+05 0.0000000000000000e+00
2.4776282367281427e+05 0.0000000000000000e+00
2.1847082217603837e+05 0.0000000000000000e+00
1.9264189612766061e+05 0.0000000000000000e+00
1.6986662005490757e+05 0.0000000000000000e+00
1.4978397321087829e+05 0.0000000000000000e+00
1.3207561687861430e+05 0.0000000000000000e+00
1.1646084824647724e+05 0.0000000000000000e+00
1.0269215086653245e+05 0.0000000000000000e+00
9.0551271164330159e+04 0.0000000000000000e+00
7.9845758807145146e+04 0.0000000000000000e+00
7.0405916090553059e+04 0.0000000000000000e+00
6.2082107986760275e+04 0.0000000000000000e+00
5.4742390215087493e+04 0.0000000000000000e+00
4.8270417736137337e+04 0.0000000000000000e+00
4.2563600516278224e+04 0.0000000000000000e+00
3.7531477328671070e+04 0.0000000000000000e+00
3.3094281813255773e+04 0.0000000000000000e+00
2.9181678065694519e+04 0.0000000000000000e+00
2.5731645712545527e+04 0.0000000000000000e+00
2.2689496799511915e+04 0.0000000000000000e+00
2.0007008909036202e+04 0.0000000000000000e+00
1.7641660765912962e+04 0.0000000000000000e+00
1.5555958214172802e+04 0.0000000000000000e+00
1.3716839881008074e+04 0.0000000000000000e+00
1.2095153106659247e+04 0.0000000000000000e+00
1.0665191833002391e+04 0.0000000000000000e+00
9.4042891257089959e+03 0.0000000000000000e+00
8.2924578708708723e+03 0.0000000000000000e+00
7.3120739506170894e+03 0.0000000000000000e+00
6.4475968756025741e+03 0.0000000000000000e+00
5.6853234459932828e+03 0.0000000000000000e+00
5.0131705361216655e+03 0.0000000000000000e+00
4.4204835596381472e+03 0.0000000000000000e+00
3.8978675790567086e+03 0.0000000000000000e+00
3.4370383825395570e+03 0.0000000000000000e+00
3.0306911672738161e+03 0.0000000000000000e+00
2.6723847478842681e+03 0.0000000000000000e+00
2.3564394544194183e+03 0.0000000000000000e+00
2.0778471014477445e+03 0.0000000000000000e+00
1.8321916011453509e+03 0.0000000000000000e+00
1.6155789619787811e+03 0.0000000000000000e+00
1.4245755633618214e+03 0.0000000000000000e+00
1.2561537278512199e+03 0.0000000000000000e+00
1.1076437281226533e+03 0.0000000000000000e+00
9.7669146796877749e+02 0.0000000000000000e+00
8.6122116650252565e+02 0.0000000000000000e+00
7.5940245405694611e+02 0.0000000000000000e+00
6.6962135820429967e+02 0.0000000000000000e+00
5.9045471998138487e+02 0.0000000000000000e+00
5.2064763478157704e+02 0.0000000000000000e+00
4.5909356031940354e+02 0.0000000000000000e+00
4.0481677635041416e+02 0.0000000000000000e+00
3.5695691810777737e+02 0.0000000000000000e+00
3.1475533828842043e+02 0.0000000000000000e+00
2.7754308140666188e+02 0.0000000000000000e+00
2.4473027989161452e+02 0.0000000000000000e+00
2.1579680384131831e+02 0.0000000000000000e+00
1.9028401621880252e+02 0.0000000000000000e+00
1.6778750279815213e+02 0.0000000000000000e+00
1.4795066161977547e+02 0.0000000000000000e+00
1.3045905033858321e+02 0.0000000000000000e+00
1.1503540186244165e+02 0.0000000000000000e+00
1.0143522927163096e+02 0.0000000000000000e+00
8.9442950350988227e+01 0.0000000000000000e+00
7.8868470303016949e+01 0.0000000000000000e+00
6.9544168473073412e+01 0.0000000000000000e+00
6.1322241321906468e+01 0.0000000000000000e+00
5.4072359527861025e+01 0.0000000000000000e+00
4.7679602080456696e+01 0.0000000000000000e+00
4.2042634617772499e+01 0.0000000000000000e+00
3.7072103131666722e+01 0.0000000000000000e+00
3.2689217578766225e+01 0.0000000000000000e+00
2.8824502945427486e+01 0.0000000000000000e+00
2.5416697969260966e+01 0.0000000000000000e+00
2.2411784060377457e+01 0.0000000000000000e+00
1.9762129029367134e+01 0.0000000000000000e+00
1.7425732048873659e+01 0.0000000000000000e+00
1.5365557880322518e+01 0.0000000000000000e+00
1.3548949812343878e+01 0.0000000000000000e+00
1.1947112005123079e+01 0.0000000000000000e+00
1.0534653035094749e+01 0.0000000000000000e+00
9.2891834045116308e+00 0.0000000000000000e+00
8.1909606358362819e+00 0.0000000000000000e+00
7.2225763251949440e+00 0.0000000000000000e+00
6.3686801942420175e+00 0.0000000000000000e+00
5.6157367662619722e+00 0.0000000000000000e+00
4.9518108094764930e+00 0.0000000000000000e+00
4.3663781465258893e+00 0.0000000000000000e+00
3.8501588311841131e+00 0.0000000000000000e+00
3.3949700479193514e+00 0.0000000000000000e+00
2.9935964025475710e+00 0.0000000000000000e+00
2.6396755479000684e+00 0.0000000000000000e+00
2.3275973315079312e+00 0.0000000000000000e+00
2.0524148666500972e+00 0.0000000000000000e+00
1.8097661171132784e+00 0.0000000000000000e+00
1.5958047526702348e+00 0.0000000000000000e+00
1.4071391792365575e+00 0.0000000000000000e+00
1.2407787772466283e+00 0.0000000000000000e+00
1.0940864960500289e+00 0.0000000000000000e+00
9.6473705288166611e-01 0.0000000000000000e+00
8.5068007379943422e-01 0.0000000000000000e+00
7.5010759232046820e-01 0.0000000000000000e+00
6.6142539056283733e-01 0.0000000000000000e+00
5.8322772860868810e-01 0.0000000000000000e+00
5.1427506151313074e-01 0.0000000000000000e+00
4.5347439074143225e-01 0.0000000000000000e+00
3.9986193857674113e-01 0.0000000000000000e+00
3.5258787086284943e-01 0.0000000000000000e+00
3.1090282591559626e-01 0.0000000000000000e+00
2.7414603606685850e-01 0.0000000000000000e+00
2.4173485355059018e-01 0.0000000000000000e+00
2.1315551470120114e-01 0.0000000000000000e+00
1.8795499606359123e-01 0.0000000000000000e+00
1.6573383332251884e-01 0.0000000000000000e+00
1.4613978922105095e-01 0.0000000000000000e+00
1.2886227009552431e-01 0.0000000000000000e+00
1.1362740252111911e-01 0.0000000000000000e+00
1.0019369202580000e-01 0.0000000000000000e+00
8.8348195057042028e-02 0.0000000000000000e+00
7.7903143521522722e-02 0.0000000000000000e+00
6.8692968391901879e-02 0.0000000000000000e+00
6.0571675200592687e-02 0.0000000000000000e+00
5.3410529818341906e-02 0.0000000000000000e+00
4.7096017833894707e-02 0.0000000000000000e+00
4.1528045187988853e-02 0.0000000000000000e+00
3.6618351539150190e-02 0.0000000000000000e+00
3.2289111210864890e-02 0.0000000000000000e+00
2.8471699543135352e-02 0.0000000000000000e+00
2.5105605093329559e-02 0.0000000000000000e+00
2.2137470443143268e-02 0.0000000000000000e+00
1.9520246407096181e-02 0.0000000000000000e+00
1.7212446235553198e-02 0.0000000000000000e+00
1.5177487990321025e-02 0.0000000000000000e+00
1.3383114668531331e-02 0.0000000000000000e+00
1.1800882882943406e-02 0.0000000000000000e+00
1.0405711993516769e-02 0.0000000000000000e+00
9.1754865433434016e-03 0.0000000000000000e+00
8.0907056969797414e-03 0.0000000000000000e+00
7.1341741242734701e-03 0.0000000000000000e+00
6.2907294297520630e-03 0.0000000000000000e+00
5.5470018069370816e-03 0.0000000000000000e+00
4.8912021077619225e-03 0.0000000000000000e+00
4.3129349676892994e-03 0.0000000000000000e+00
3.8030340242939981e-03 0.0000000000000000e+00
3.3534166172893933e-03 0.0000000000000000e+00
2.9569556667850905e-03 0.0000000000000000e+00
2.6073666988624890e-03 0.0000000000000000e+00
2.2991082276618965e-03 0.0000000000000000e+00
2.0272939148945541e-03 0.0000000000000000e+00
1.7876151143820459e-03 0.0000000000000000e+00
1.5762725738430086e-03 0.0000000000000000e+00
1.3899162113028825e-03 0.0000000000000000e+00
1.2255920114962093e-03 0.0000000000000000e+00
1.0806952004936367e-03 0.0000000000000000e+00
9.5292895630430887e-04 0.0000000000000000e+00
8.4026800095756196e-04 0.0000000000000000e+00
7.4092649694627009e-04 0.0000000000000000e+00
6.5332973914449650e-04 0.0000000000000000e+00
5.7608919347578553e-04 0.0000000000000000e+00
5.0798048665924827e-04 0.0000000000000000e+00
4.4792399813938346e-04 0.0000000000000000e+00
3.9496774655393009e-04 0.0000000000000000e+00
3.4827229946573422e-04 0.0000000000000000e+00
3.0709746715631682e-04 0.0000000000000000e+00
2.7079056955864599e-04 0.0000000000000000e+00
2.3877609034323388e-04 0.0000000000000000e+00
2.1054655416001628e-04 0.0000000000000000e+00
1.8565448242716857e-04 0.0000000000000000e+00
1.6370530015468647e-04 0.0000000000000000e+00
1.4435108136561610e-04 0.0000000000000000e+00
1.2728503397100633e-04 0.0000000000000000e+00
1.1223663667585872e-04 0.0000000000000000e+00
9.8967350829150483e-05 0.0000000000000000e+00
8.7266839244541308e-05 0.0000000000000000e+00
7.6949632054709608e-05 0.0000000000000000e+00
6.7852186748309132e-05 0.0000000000000000e+00
5.9830295786912285e-05 0.0000000000000000e+00
5.2756800708986387e-05 0.0000000000000000e+00
4.6519576486140257e-05 0.0000000000000000e+00
4.1019754180834362e-05 0.0000000000000000e+00
3.6170153732103708e-05 0.0000000000000000e+00
3.1893902026728967e-05 0.0000000000000000e+00
2.8123214350281026e-05 0.0000000000000000e+00
2.4798319902313361e-05 0.0000000000000000e+00
2.1866514343561378e-05 0.0000000000000000e+00
1.9281324356678002e-05 0.0000000000000000e+00
1.7001770977590603e-05 0.0000000000000000e+00
1.4991720020223751e-05 0.0000000000000000e+00
1.3219309297897146e-05 0.0000000000000000e+00
1.1656443562028239e-05 0.0000000000000000e+00
1.0278349152203112e-05 0.0000000000000000e+00
9.0631812981737998e-06 0.0000000000000000e+00
7.9916778489629394e-06 0.0000000000000000e+00
7.0468539401802397e-06 0.0000000000000000e+00
6.2137327595954805e-06 0.0000000000000000e+00
5.4791081432124225e-06 0.0000000000000000e+00
4.8313352386546031e-06 0.0000000000000000e+00
4.2601459175764217e-06 0.0000000000000000e+00
3.7564860111211657e-06 0.0000000000000000e+00
3.3123717883769165e-06 0.0000000000000000e+00
2.9207634028059269e-06 0.0000000000000000e+00
2.5754533005942446e-06 0.0000000000000000e+00
2.2709678220322511e-06 0.0000000000000000e+00
2.0024804361686651e-06 0.0000000000000000e+00
1.7657352333815829e-06 0.0000000000000000e+00
1.5569794631154917e-06 0.0000000000000000e+00
1.3729040474096315e-06 0.0000000000000000e+00
1.2105911272729261e-06 0.0000000000000000e+00
1.0674678104395337e-06 0.0000000000000000e+00
9.4126538734135164e-07 0.0000000000000000e+00
8.2998336881191180e-07 0.0000000000000000e+00
7.3185777546767195e-07 0.0000000000000000e+00
6.4533317610834912e-07 0.0000000000000000e+00
5.6903803190443592e-07 0.0000000000000000e+00
5.0176295554238441e-07 0.0000000000000000e+00
4.4244154070339200e-07 0.0000000000000000e+00
3.9013345799590217e-07 0.0000000000000000e+00
3.4400954938784519e-07 0.0000000000000000e+00
3.0333868486427854e-07 0.0000000000000000e+00
2.6747617296940432e-07 0.0000000000000000e+00
2.3585354152362038e-07 0.0000000000000000e+00
2.0796952652525800e-07 0.0000000000000000e+00
1.8338212639816446e-07 0.0000000000000000e+00
1.6170159563366923e-07 0.0000000000000000e+00
1.4258426676601119e-07 0.0000000000000000e+00
1.2572710275079203e-07 0.0000000000000000e+00
1.1086289339376162e-07 0.0000000000000000e+00
9.7756019686529609e-08 0.0000000000000000e+00
8.6198718907788754e-08 0.0000000000000000e+00
7.6007791286616320e-08 0.0000000000000000e+00
6.7021696023695917e-08 0.0000000000000000e+00
5.9097990638277781e-08 0.0000000000000000e+00
5.2111073050840224e-08 0.0000000000000000e+00
4.5950190610221718e-08 0.0000000000000000e+00
4.0517684505475717e-08 0.0000000000000000e+00
3.5727441733833510e-08 0.0000000000000000e+00
3.1503530086275902e-08 0.0000000000000000e+00
2.7778994513257131e-08 0.0000000000000000e+00
2.4494795791273916e-08 0.0000000000000000e+00
2.1598874666606876e-08 0.0000000000000000e+00
1.9045326641587717e-08 0.0000000000000000e+00
1.6793674322558954e-08 0.0000000000000000e+00
1.4808225795211104e-08 0.0000000000000000e+00
1.3057508856617031e-08 0.0000000000000000e+00
1.1513772135738749e-08 0.0000000000000000e+00
1.0152545194448522e-08 0.0000000000000000e+00
8.9522506360340242e-09 0.0000000000000000e+00
7.8938620725564966e-09 0.0000000000000000e+00
6.9606025293490366e-09 0.0000000000000000e+00
6.1376785059394953e-09 0.0000000000000000e+00
5.4120454778782022e-09 0.0000000000000000e+00
4.7722011223425785e-09 0.0000000000000000e+00
4.2080029898447819e-09 0.0000000000000000e+00
3.7105077318809139e-09 0.0000000000000000e+00
3.2718293360470939e-09 0.0000000000000000e+00
2.8850141214479378e-09 0.0000000000000000e+00
2.5439305128946821e-09 0.0000000000000000e+00
2.2431718466558225e-09 0.0000000000000000e+00
1.9779706670933314e-09 0.0000000000000000e+00
1.7441231556620287e-09 0.0000000000000000e+00
1.5379224943647690e-09 0.0000000000000000e+00
1.3561001073776461e-09 0.0000000000000000e+00
1.1957738494417983e-09 0.0000000000000000e+00
1.0544023197327588e-09 0.0000000000000000e+00
9.2974457701749077e-10 0.0000000000000000e+00
8.1982461752599654e-10 0.0000000000000000e+00
7.2290005246138859e-10 0.0000000000000000e+00
6.3743448864185348e-10 0.0000000000000000e+00
5.6207317446805305e-10 0.0000000000000000e+00
4.9562152516994525e-10 0.0000000000000000e+00
4.3702618692709074e-10 0.0000000000000000e+00
3.8535833970194449e-10 0.0000000000000000e+00
3.3979897411184484e-10 0.0000000000000000e+00
2.9962590895728203e-10 0.0000000000000000e+00
2.6420234361545256e-10 0.0000000000000000e+00
2.3296676383833922e-10 0.0000000000000000e+00
2.0542404094758110e-10 0.0000000000000000e+00
1.8113758333578008e-10 0.0000000000000000e+00
1.5972241586416437e-10 0.0000000000000000e+00
1.4083907745524956e-10 0.0000000000000000e+00
1.2418824014855428e-10 0.0000000000000000e+00
1.0950596432368126e-10 0.0000000000000000e+00
9.6559514879309190e-11 0.0000000000000000e+00
8.5143672048473691e-11 0.0000000000000000e+00
7.5077478371337319e-11 0.0000000000000000e+00
6.6201370260252661e-11 0.0000000000000000e+00
5.8374648688364980e-11 0.0000000000000000e+00
5.1473248908503342e-11 0.0000000000000000e+00
4.5387773849247534e-11 0.0000000000000000e+00
4.0021760014649475e-11 0.0000000000000000e+00
3.5290148399660349e-11 0.0000000000000000e+00
3.1117936183071628e-11 0.0000000000000000e+00
2.7438987825367789e-11 0.0000000000000000e+00
2.4194986725703095e-11 0.0000000000000000e+00
2.1334510820247163e-11 0.0000000000000000e+00
1.8812217468824582e-11 0.0000000000000000e+00
1.6588124709120620e-11 0.0000000000000000e+00
1.4626977485314771e-11 0.0000000000000000e+00
1.2897688804947728e-11 0.0000000000000000e+00
1.1372846965566847e-11 0.0000000000000000e+00
1.0028281039978550e-11 2.6522313101955752e-302
8.8426777324337695e-12 2.7371624653718857e-244
7.7972435323617516e-12 7.5668533449393087e-198
6.8754068103107282e-12 1.3946150961730079e-160
6.0625551338843636e-12 1.3228112612404063e-130
5.3458036397597752e-12 1.9896254625550258e-106
4.7137907901480437e-12 7.1098769257203748e-87
4.1564982761474309e-12 5.1321932468066136e-71
3.6650922131981717e-12 4.0747200424255307e-58
3.2317831113588995e-12 1.3641838369479177e-47
2.8497024007346713e-12 5.5994261668407422e-39
2.5127935548057811e-12 6.5861810511825751e-32
2.2157160858080319e-12 4.3668030661322608e-26
1.9537608903521095e-12 2.8008115942385731e-21
1.7227756033903021e-12 2.6765558357021628e-17
1.5190987772827626e-12 5.3869235385782468e-14
1.3395018426083504e-12 3.0146098489705977e-11
1.1811379307147939e-12 5.8651529789452035e-09
1.0414967467731588e-12 4.7495779226098435e-07
9.1836477800914500e-13 1.8510948134504353e-05
8.0979020635526453e-13 3.9043787265241272e-04
7.1405196933890069e-13 4.9002714698655591e-03
6.2963247877693912e-13 3.9513660675175213e-02
5.5519356482951379e-13 2.1779889654164694e-01
4.8955526409129110e-13 8.6270167902544970e-01
4.3167711548150354e-13 2.5563068119819925e+00
3.8064166744549415e-13 5.8512616401605149e+00
3.3563993503356485e-13 1.0611844407682078e+01
2.9595857633075672e-13 1.5553118071575613e+01
2.6096858496582177e-13 1.8700295583142903e+01
2.3011531945927179e-13 1.8648460025497094e+01
2.0290971136153008e-13 1.5539559728448966e+01
1.7892051281751904e-13 1.0867766549484587e+01
1.5776746067045452e-13 6.3894940025045752e+00
1.3911524874618312e-13 3.1554666743999280e+00
1.2266821277003913e-13 1.3049428251852075e+00
1.0816564366462877e-13 4.4955804056194815e-01
9.5377654937521490e-14 1.2808571974056959e-01
8.4101538651092359e-14 2.9904397293096237e-02
7.4158552211357967e-14 5.6577424496325451e-03
6.5391085041859219e-14 8.5611718956304559e-04
5.7660160230268965e-14 1.0205949566888893e-04
5.0843231545278347e-14 9.4225295308050796e-06
4.4832240903309259e-14 6.6087567280366512e-07
3.9531905493111367e-14 3.4465932006860911e-08
3.4858207406736156e-14 1.3050848843928008e-09
3.0737061835350980e-14 3.4949601525426620e-11
2.7103142718912011e-14 6.4300992706836185e-13
2.3898847234541241e-14 7.8729680969654645e-15
2.1073382709282970e-14 6.1949740810712006e-17
1.8581961483483397e-14 3.0151790104544951e-19
1.6385090962238538e-14 8.7055855260984950e-22
1.4447947601197101e-14 1.4245009803588781e-24
1.2739824903505764e-14 1.2568590318485264e-27
1.1233646677853433e-14 5.6641556550642916e-31
9.9055378420561289e-15 1.2292038750503032e-34
8.7344459688095384e-15 1.2049029825016383e-38
7.7018075745613445e-15 4.9760988850715757e-43
6.7912538617095872e-15 8.0259312042402362e-48
5.9883512497144435e-15 4.6534324668391325e-53
5.2803725821743726e-15 8.8562904341597501e-59
4.6560953831671055e-15 5.0064260961813352e-65
4.1056239649330280e-15 7.5299518013201053e-72
3.6202325670498752e-15 2.6691355611282216e-79
3.1922270406326723e-15 1.9512208060658687e-87
2.8148228850530759e-15 2.5409814537426293e-96
2.4820377038871504e-15 5.0224176779401532e-106
2.1885963753635374e-15 1.2655466045965328e-116
1.9298474341275033e-15 3.3637486606017459e-128
1.7016893388530540e-15 7.6805960531382677e-141
1.5005054569379903e-15 1.2063130414652221e-154
1.3231067356972780e-15 1.0243412323820587e-169
1.1666811513100836e-15 3.6215058834889644e-186
1.0287491342147246e-15 4.0126454112546062e-204
9.0712426437944874e-16 1.0224218230583531e-223
7.9987861341345788e-16 4.2723532368248130e-245
7.0531218414041497e-16 2.0226881045042156e-268
6.2192596320833770e-16 7.2361215295927404e-294
5.4839815958095199e-16 0.0000000000000000e+00
4.8356325225648428e-16 0.0000000000000000e+00
4.2639351509047970e-16 0.0000000000000000e+00
3.7598272586432733e-16 0.0000000000000000e+00
3.3153180136516670e-16 0.0000000000000000e+00
2.9233613077238189e-16 0.0000000000000000e+00
2.5777440656692215e-16 0.0000000000000000e+00
2.2729877591718243e-16 0.0000000000000000e+00
2.0042615642696641e-16 0.0000000000000000e+00
1.7673057858755563e-16 0.0000000000000000e+00
1.5583643355089216e-16 0.0000000000000000e+00
1.3741251919135645e-16 0.0000000000000000e+00
1.2116679007767560e-16 0.0000000000000000e+00
1.0684172813455882e-16 0.0000000000000000e+00
9.4210260612342329e-17 0.0000000000000000e+00
8.3072160658684859e-17 0.0000000000000000e+00
7.3250873436158959e-17 0.0000000000000000e+00
6.4590717475208739e-17 0.0000000000000000e+00
5.6954416899863971e-17 0.0000000000000000e+00
5.0220925408493919e-17 0.0000000000000000e+00
4.4283507516543324e-17 0.0000000000000000e+00
3.9048046646231479e-17 0.0000000000000000e+00
3.4431553243984941e-17 0.0000000000000000e+00
3.0360849277149856e-17 0.0000000000000000e+00
2.6771408257362242e-17 0.0000000000000000e+00
2.3606332403282249e-17 0.0000000000000000e+00
2.0815450729268773e-17 0.0000000000000000e+00
1.8354523763393441e-17 0.0000000000000000e+00
1.6184542288449153e-17 0.0000000000000000e+00
1.4271108989981569e-17 0.0000000000000000e+00
1.2583893209589916e-17 0.0000000000000000e+00
1.1096150160546502e-17 0.0000000000000000e+00
9.7842969846221839e-18 0.0000000000000000e+00
8.6275389300041523e-18 0.0000000000000000e+00
7.6075397246959406e-18 0.0000000000000000e+00
6.7081309203434520e-18 0.0000000000000000e+00
5.9150555991695043e-18 0.0000000000000000e+00
5.2157423814077459e-18 0.0000000000000000e+00
4.5991061509264652e-18 0.0000000000000000e+00
4.0553723402613793e-18 0.0000000000000000e+00
3.5759219897205073e-18 0.0000000000000000e+00
3.1531551245286422e-18 0.0000000000000000e+00
2.7803702843411768e-18 0.0000000000000000e+00
2.4516582954995505e-18 0.0000000000000000e+00
2.1618086021646606e-18 0.0000000000000000e+00
1.9062266715438791e-18 0.0000000000000000e+00
1.6808611639655900e-18 0.0000000000000000e+00
1.4821397133424147e-18 0.0000000000000000e+00
1.3069123000522504e-18 0.0000000000000000e+00
1.1524013186152553e-18 0.0000000000000000e+00
1.0161575486688022e-18 0.0000000000000000e+00
8.9602133131653603e-19 0.0000000000000000e+00
7.9008833544171791e-19 0.0000000000000000e+00
6.9667937133131740e-19 0.0000000000000000e+00
6.1431377311405854e-19 0.0000000000000000e+00
5.4168592808549630e-19 0.0000000000000000e+00
4.7764458087670244e-19 0.0000000000000000e+00
4.2117458440764963e-19 0.0000000000000000e+00
3.7138080835202384e-19 0.0000000000000000e+00
3.2747395003946949e-19 0.0000000000000000e+00
2.8875802287769666e-19 0.0000000000000000e+00
2.5461932396817537e-19 0.0000000000000000e+00
2.2451670603614268e-19 0.0000000000000000e+00
1.9797299947124570e-19 0.0000000000000000e+00
1.7456744850573339e-19 0.0000000000000000e+00
1.5392904163291466e-19 0.0000000000000000e+00
1.3573063054335122e-19 0.0000000000000000e+00
1.1968374435559836e-19 0.0000000000000000e+00
1.0553401693953813e-19 0.0000000000000000e+00
9.3057154848895491e-20 0.0000000000000000e+00
8.2055381948861843e-20 0.0000000000000000e+00
7.2354304381071521e-20 0.0000000000000000e+00
6.3800146171173204e-20 0.0000000000000000e+00
5.6257311659371898e-20 0.0000000000000000e+00
4.9606236115016032e-20 0.0000000000000000e+00
4.3741490464355315e-20 0.0000000000000000e+00
3.8570110088722256e-20 0.0000000000000000e+00
3.4010121202166390e-20 0.0000000000000000e+00
2.9989241449540960e-20 0.0000000000000000e+00
2.6443734127638969e-20 0.0000000000000000e+00
2.3317397867159134e-20 0.0000000000000000e+00
2.0560675760505775e-20 0.0000000000000000e+00
1.8129869813820171e-20 0.0000000000000000e+00
1.5986448271191811e-20 0.0000000000000000e+00
1.4096434831135548e-20 0.0000000000000000e+00
1.2429870073550780e-20 0.0000000000000000e+00
1.0960336559999888e-20 0.0000000000000000e+00
9.6645400794728861e-21 0.0000000000000000e+00
8.5219404017769696e-21 0.0000000000000000e+00
7.5144256854694277e-21 0.0000000000000000e+00
6.6260253792278942e-21 0.0000000000000000e+00
5.8426570657382428e-21 0.0000000000000000e+00
5.1519032352089804e-21 0.0000000000000000e+00
4.5428144500558024e-21 0.0000000000000000e+00
4.0057357806331226e-21 0.0000000000000000e+00
3.5321537607698403e-21 0.0000000000000000e+00
3.1145614371372342e-21 0.0000000000000000e+00
2.7463393732859321e-21 0.0000000000000000e+00
2.4216507220975886e-21 0.0000000000000000e+00
2.1353487033975224e-21 0.0000000000000000e+00
1.8828950201175230e-21 0.0000000000000000e+00
1.6602879197867996e-21 0.0000000000000000e+00
1.4639987610238450e-21 0.0000000000000000e+00
1.2909160795162426e-21 0.0000000000000000e+00
1.1382962668548438e-21 0.0000000000000000e+00
1.0037200804108440e-21 0.0000000000000000e+00
8.8505429487489134e-22 0.0000000000000000e+00
7.8041788758064290e-22 0.0000000000000000e+00
6.8815222160118073e-22 0.0000000000000000e+00
6.0679475397815569e-22 0.0000000000000000e+00
5.3505585232099294e-22 0.0000000000000000e+00
4.7179835228643891e-22 0.0000000000000000e+00
4.1601953189487908e-22 0.0000000000000000e+00
3.6683521695082398e-22 0.0000000000000000e+00
3.2346576561544994e-22 0.0000000000000000e+00
2.8522370996679327e-22 0.0000000000000000e+00
2.5150285864853506e-22 0.0000000000000000e+00
2.2176868786871970e-22 0.0000000000000000e+00
1.9554986843208541e-22 0.0000000000000000e+00
1.7243079449720182e-22 0.0000000000000000e+00
1.5204499562863576e-22 0.0000000000000000e+00
1.3406932771562824e-22 0.0000000000000000e+00
1.1821885067511901e-22 0.0000000000000000e+00
1.0424231174329020e-22 0.0000000000000000e+00
9.1918162759405759e-23 0.0000000000000000e+00
8.1051048310124469e-23 0.0000000000000000e+00
7.1468709066402909e-23 0.0000000000000000e+00
6.3019251226391636e-23 0.0000000000000000e+00
5.5568738781122719e-23 0.0000000000000000e+00
4.8999070436932396e-23 0.0000000000000000e+00
4.3206107540793018e-23 0.0000000000000000e+00
3.8098023333511038e-23 0.0000000000000000e+00
3.3593847364063819e-23 0.0000000000000000e+00
2.9622181991981898e-23 0.0000000000000000e+00
2.6120070632479487e-23 0.0000000000000000e+00
2.3031999804416887e-23 0.0000000000000000e+00
2.0309019162108409e-23 0.0000000000000000e+00
1.7907965562234667e-23 0.0000000000000000e+00
1.5790778866195592e-23 0.0000000000000000e+00
1.3923898632401105e-23 0.0000000000000000e+00
1.2277732135203664e-23 0.0000000000000000e+00
1.0826185277809325e-23 0.0000000000000000e+00
9.5462489634705700e-24 0.0000000000000000e+00
8.4176343683452781e-24 0.0000000000000000e+00
7.4224513345803851e-24 0.0000000000000000e+00
6.5449247856845667e-24 0.0000000000000000e+00
5.7711446689721585e-24 0.0000000000000000e+00
5.0888454613037331e-24 0.0000000000000000e+00
4.4872117429771798e-24 0.0000000000000000e+00
3.9567067578337928e-24 0.0000000000000000e+00
3.4889212420139124e-24 0.0000000000000000e+00
3.0764401250802575e-24 0.0000000000000000e+00
2.7127249905304506e-24 0.0000000000000000e+00
2.3920104325308701e-24 0.0000000000000000e+00
2.1092126659759914e-24 0.0000000000000000e+00
1.8598489412132646e-24 0.0000000000000000e+00
1.6399664860401603e-24 0.0000000000000000e+00
1.4460798486034450e-24 0.0000000000000000e+00
1.2751156479948457e-24 0.0000000000000000e+00
1.1243638567618358e-24 0.0000000000000000e+00
9.9143484309074939e-25 0.0000000000000000e+00
8.7422149172000986e-25 0.0000000000000000e+00
7.7086580314507192e-25 0.0000000000000000e+00
6.7972944166511586e-25 0.0000000000000000e+00
5.9936776541561869e-25 0.0000000000000000e+00
5.2850692672555242e-25 0.0000000000000000e+00
4.6602367980734663e-25 0.0000000000000000e+00
4.1092757570224775e-25 0.0000000000000000e+00
3.6234526224576473e-25 0.0000000000000000e+00
3.1950664018489624e-25 0.0000000000000000e+00
2.8173265600200549e-25 0.0000000000000000e+00
2.4842453794390726e-25 0.0000000000000000e+00
2.1905430463199654e-25 0.0000000000000000e+00
1.9315639580113548e-25 0.0000000000000000e+00
1.7032029250264100e-25 0.0000000000000000e+00
1.5018400979096728e-25 0.0000000000000000e+00
1.3242835874382517e-25 0.0000000000000000e+00
1.1677188686060980e-25 0.0000000000000000e+00
1.0296641663712105e-25 0.0000000000000000e+00
9.0793111596672535e-26 0.0000000000000000e+00
8.0059007418481245e-26 0.0000000000000000e+00
7.0593953176811661e-26 0.0000000000000000e+00
6.2247914205083888e-26 0.0000000000000000e+00
5.4888593831522733e-26 0.0000000000000000e+00
4.8399336287412803e-26 0.0000000000000000e+00
4.2677277546081541e-26 0.0000000000000000e+00
3.7631714780745530e-26 0.0000000000000000e+00
3.3182668594786763e-26 0.0000000000000000e+00
2.9259615233766703e-26 0.0000000000000000e+00
2.5800368682902200e-26 0.0000000000000000e+00
2.2750094929665913e-26 0.0000000000000000e+00
2.0060442766145110e-26 0.0000000000000000e+00
1.7688777353145747e-26 0.0000000000000000e+00
1.5597504396922308e-26 0.0000000000000000e+00
1.3753474225777951e-26 0.0000000000000000e+00
1.2127456320285437e-26 0.0000000000000000e+00
1.0693675967689132e-26 0.0000000000000000e+00
9.4294056957890224e-27 0.0000000000000000e+00
8.3146050099543992e-27 0.0000000000000000e+00
7.3316027225801882e-27 0.0000000000000000e+00
6.4648168394519030e-27 0.0000000000000000e+00
5.7005075628202058e-27 0.0000000000000000e+00
5.0265594959260855e-27 0.0000000000000000e+00
4.4322895966100849e-27 0.0000000000000000e+00
3.9082778357919898e-27 0.0000000000000000e+00
3.4462178765181655e-27 0.0000000000000000e+00
3.0387854066230935e-27 0.0000000000000000e+00
2.6795220378913711e-27 0.0000000000000000e+00
2.3627329313537329e-27 0.0000000000000000e+00
2.0833965259328194e-27 0.0000000000000000e+00
1.8370849395077805e-27 0.0000000000000000e+00
1.6198937806403328e-27 0.0000000000000000e+00
1.4283802583784449e-27 0.0000000000000000e+00
1.2595086090883905e-27 0.0000000000000000e+00
1.1106019752532144e-27 0.0000000000000000e+00
9.7929997344683570e-28 0.0000000000000000e+00
8.6352127887610905e-28 0.0000000000000000e+00
7.6143063340162501e-28 0.0000000000000000e+00
6.7140975406767142e-28 0.0000000000000000e+00
5.9203168099941170e-28 0.0000000000000000e+00
5.2203815804507433e-28 0.0000000000000000e+00
4.6031968761376006e-28 0.0000000000000000e+00
4.0589794354942646e-28 0.0000000000000000e+00
3.5791026326011805e-28 0.0000000000000000e+00
3.1559597328022942e-28 0.0000000000000000e+00
2.7828433150661044e-28 0.0000000000000000e+00
2.4538389497547869e-28 0.0000000000000000e+00
2.1637314464435613e-28 0.0000000000000000e+00
1.9079221856823624e-28 0.0000000000000000e+00
1.6823562242912450e-28 0.0000000000000000e+00
1.4834580187027866e-28 0.0000000000000000e+00
1.3080747474755162e-28 0.0000000000000000e+00
1.1534263345580718e-28 0.0000000000000000e+00
1.0170613811019616e-28 0.0000000000000000e+00
8.9681830727870056e-29 0.0000000000000000e+00
7.9079108814337156e-29 0.0000000000000000e+00
6.9729904040936422e-29 0.0000000000000000e+00
6.1486018121091717e-29 0.0000000000000000e+00
5.4216773655214597e-29 0.0000000000000000e+00
4.7806942706741838e-29 0.0000000000000000e+00
4.2154920274307267e-29 0.0000000000000000e+00
3.7171113706933849e-29 0.0000000000000000e+00
3.2776522532197666e-29 0.0000000000000000e+00
2.8901486185582407e-29 0.0000000000000000e+00
2.5484579790758857e-29 0.0000000000000000e+00
2.2471640487316952e-29 0.0000000000000000e+00
1.9814908871847543e-29 0.0000000000000000e+00
1.7472271942995462e-29 0.0000000000000000e+00
1.5406595550066600e-29 0.0000000000000000e+00
1.3585135763554400e-29 0.0000000000000000e+00
1.1979019836955735e-29 0.0000000000000000e+00
1.0562788532386148e-29 0.0000000000000000e+00
9.3139925551922931e-30 0.0000000000000000e+00
8.2128367004789220e-30 0.0000000000000000e+00
7.2418660707573392e-30 0.0000000000000000e+00
6.3856893908200144e-30 0.0000000000000000e+00
5.6307350339837964e-30 0.0000000000000000e+00
4.9650358923675428e-30 0.0000000000000000e+00
4.3780396810924243e-30 0.0000000000000000e+00
3.8604416694518144e-30 0.0000000000000000e+00
3.4040371876029934e-30 0.0000000000000000e+00
3.0015915707979956e-30 0.0000000000000000e+00
2.6467254795855925e-30 0.0000000000000000e+00
2.3338137781434055e-30 0.0000000000000000e+00
2.0578963678185830e-30 0.0000000000000000e+00
1.8145995624594736e-30 0.0000000000000000e+00
1.6000667592258174e-30 0.0000000000000000e+00
1.4108973059099528e-30 0.0000000000000000e+00
1.2440925957283717e-30 0.0000000000000000e+00
1.0970085351094759e-30 0.0000000000000000e+00
9.6731363102314296e-31 0.0000000000000000e+00
8.5295203347694524e-31 0.0000000000000000e+00
7.5211094734902817e-31 0.0000000000000000e+00
6.6319189698907182e-31 0.0000000000000000e+00
5.8478538808962441e-31 0.0000000000000000e+00
5.1564856518259519e-31 0.0000000000000000e+00
4.5468551059985390e-31 0.0000000000000000e+00
4.0092987260857677e-31 0.0000000000000000e+00
3.5352954735211069e-31 0.0000000000000000e+00
3.1173317178340011e-31 0.0000000000000000e+00
2.7487821348452337e-31 0.0000000000000000e+00
2.4238046857888328e-31 0.0000000000000000e+00
2.1372480126304252e-31 0.0000000000000000e+00
1.8845697816637477e-31 0.0000000000000000e+00
1.6617646810156844e-31 0.0000000000000000e+00
1.4653009307159871e-31 0.0000000000000000e+00
1.2920642989263944e-31 0.0000000000000000e+00
1.1393087369052556e-31 0.0000000000000000e+00
1.0046128502019822e-31 0.0000000000000000e+00
8.8584151608667800e-32 0.0000000000000000e+00
7.8111203879679710e-32 0.0000000000000000e+00
6.8876430611274081e-32 0.0000000000000000e+00
6.0733447420129917e-32 0.0000000000000000e+00
5.3553176359432039e-32 0.0000000000000000e+00
4.7221799848526528e-32 0.0000000000000000e+00
4.1638956501253268e-32 0.0000000000000000e+00
3.6716150254220650e-32 0.0000000000000000e+00
3.2375347577453191e-32 0.0000000000000000e+00
2.8547740531168495e-32 0.0000000000000000e+00
2.5172656061382242e-32 0.0000000000000000e+00
2.2196594245096547e-32 0.0000000000000000e+00
1.9572380239893970e-32 0.0000000000000000e+00
1.7258416495117223e-32 0.0000000000000000e+00
1.5218023371108536e-32 0.0000000000000000e+00
1.3418857714387111e-32 0.0000000000000000e+00
1.1832400172338993e-32 0.0000000000000000e+00
1.0433503120631658e-32 0.0000000000000000e+00
9.1999920373475707e-33 0.0000000000000000e+00
8.1123140050525907e-33 0.0000000000000000e+00
7.1532277690475854e-33 0.0000000000000000e+00
6.3075304387878696e-33 0.0000000000000000e+00
5.5618165002918671e-33 0.0000000000000000e+00
4.9042653195446146e-33 0.0000000000000000e+00
4.3244537685171519e-33 0.0000000000000000e+00
3.8131910036584967e-33 0.0000000000000000e+00
3.3623727778614284e-33 0.0000000000000000e+00
2.9648529765376257e-33 0.0000000000000000e+00
2.6143303414665084e-33 0.0000000000000000e+00
2.3052485868266948e-33 0.0000000000000000e+00
2.0327083241078004e-33 0.0000000000000000e+00
1.7923893997848072e-33 0.0000000000000000e+00
1.5804824146971994e-33 0.0000000000000000e+00
1.3936283396157934e-33 0.0000000000000000e+00
1.2288652698185236e-33 0.0000000000000000e+00
1.0835814746580651e-33 0.0000000000000000e+00
9.5547399789036594e-34 0.0000000000000000e+00
8.4251215251967831e-34 0.0000000000000000e+00
7.4290533150100225e-34 0.0000000000000000e+00
6.5507462405384413e-34 0.0000000000000000e+00
5.7762778766475864e-34 0.0000000000000000e+00
5.0933717904948802e-34 0.0000000000000000e+00
4.4912029424846466e-34 0.0000000000000000e+00
3.9602260938864721e-34 0.0000000000000000e+00
3.4920245011289980e-34 0.0000000000000000e+00
