# k_modes P_scalar P_tensor
4.5675641744056251e-05 2.7066353882732907e-09 9.4803285841302441e-12
4.8641434218905519e-05 2.7007604986758561e-09 9.4800073215863494e-12
5.1799800342816153e-05 2.6948908721249839e-09 9.4796813636373061e-12
5.5163244230835744e-05 2.6890279580757312e-09 9.4793557466911407e-12
5.8745081910201787e-05 2.6831711968718303e-09 9.4790284705328254e-12
6.2559494039098743e-05 2.6773212168850004e-09 9.4787018026742226e-12
6.6621582048528418e-05 2.6714783809937911e-09 9.4783770107861114e-12
7.0947427929561724e-05 2.6656409217685980e-09 9.4780478625338655e-12
7.5554157902672303e-05 2.6598101140611061e-09 9.4777188329498130e-12
8.0460010221221898e-05 2.6539861056236427e-09 9.4773904395575251e-12
8.5684407377534377e-05 2.6481676496179323e-09 9.4770582799027139e-12
9.1248032997425733e-05 2.6423562527475367e-09 9.4767277070391314e-12
9.7172913727618847e-05 2.6365514415463672e-09 9.4763970295691819e-12
1.0348250644023896e-04 2.6307525925491738e-09 9.4760639784501019e-12
1.1020179109963708e-04 2.6249601173353920e-09 9.4757300990765980e-12
1.1735736965920369e-04 2.6191735121551176e-09 9.4753935008438237e-12
1.2497757137971182e-04 2.6133954461078008e-09 9.4750638616038896e-12
1.3309256498614800e-04 2.6076212970097331e-09 9.4747244622373318e-12
1.4173447810706590e-04 2.6018550649574889e-09 9.4743897572807903e-12
1.5093752446932802e-04 2.5960944094302610e-09 9.4740512883082737e-12
1.6073813935180538e-04 2.5903402468651778e-09 9.4737123668988005e-12
1.7117512383430349e-04 2.5845939108762067e-09 9.4733778393920086e-12
1.8228979841279982e-04 2.5788523885795776e-09 9.4730367315321111e-12
1.9412616658916648e-04 2.5731179231109756e-09 9.4726972177855531e-12
2.0673108908303393e-04 2.5673892569208803e-09 9.4723547190022576e-12
2.2015446935551013e-04 2.5616678390234093e-09 9.4720145360612946e-12
2.3444945117925148e-04 2.5559520876951212e-09 9.4716708351796980e-12
2.4967262903707432e-04 2.5502434438745079e-09 9.4713289496497863e-12
2.6588427218208484e-04 2.5445409639841164e-09 9.4709853717032474e-12
2.8314856324639196e-04 2.5388450092355036e-09 9.4706414585986274e-12
3.0153385234306477e-04 2.5331558089044432e-09 9.4702980537549668e-12
3.2111292766733745e-04 2.5274724355476390e-09 9.4699517057884664e-12
3.4196330366838263e-04 2.5217941785869863e-09 9.4695997077755161e-12
3.6416752793253892e-04 2.5161246943778747e-09 9.4692557835345846e-12
3.8781350799295763e-04 2.5104601394572738e-09 9.4689055175574809e-12
4.1299485935952231e-04 2.5048020072158663e-09 9.4685545240602056e-12
4.3981127614690755e-04 2.4991521902268237e-09 9.4682099042497111e-12
4.6836892576811054e-04 2.4935059419239792e-09 9.4678537532648472e-12
4.9878086925606512e-04 2.4878684160759445e-09 9.4675055664218909e-12
5.3116750887741019e-04 2.4822360774201380e-09 9.4671519315179930e-12
5.6565706481053564e-04 2.4766104453623117e-09 9.4667986297085269e-12
6.0238608277509917e-04 2.4709916459262390e-09 9.4664461685925347e-12
6.4149997462273367e-04 2.4653784742139224e-09 9.4660898630971614e-12
6.8315359402917972e-04 2.4597712831534834e-09 9.4657311179234983e-12
7.2751184956702623e-04 2.4541717256230392e-09 9.4653762517226509e-12
7.7475035758624484e-04 2.4485785811831869e-09 9.4650205678605455e-12
8.2505613748730269e-04 2.4429913585652030e-09 9.4646621999725821e-12
8.7862835213946841e-04 2.4374108164452133e-09 9.4643040716021160e-12
9.3567909637566832e-04 2.4318360711870615e-09 9.4639427154310302e-12
9.9643423668556528e-04 2.4262683779216731e-09 9.4635830643075210e-12
1.0611343054312613e-03 2.4207069348725961e-09 9.4632219357493624e-12
1.1300354531258521e-03 2.4151512994480802e-09 9.4628576446217239e-12
1.2034104625449514e-03 2.4096022955544323e-09 9.4624933450976999e-12
1.2815498286860990e-03 2.4040601121517598e-09 9.4621298299386395e-12
1.3647629088516600e-03 2.3985238868236515e-09 9.4617637060612976e-12
1.4533791474084475e-03 2.3929947845150949e-09 9.4613995362451809e-12
1.5477493800729449e-03 2.3874716050714443e-09 9.4610326252882462e-12
1.6482472228858550e-03 2.3819544082024001e-09 9.4606631427678844e-12
1.7552705513749875e-03 2.3764446911725377e-09 9.4602970610009956e-12
1.8692430757625599e-03 2.3709414567561492e-09 9.4599304400928101e-12
1.9906160184532252e-03 2.3654435460023791e-09 9.4595586132057940e-12
2.1198699004440838e-03 2.3599530790853405e-09 9.4591900598996651e-12
2.2575164437291526e-03 2.3544687417761836e-09 9.4588195215670841e-12
2.4041005972299987e-03 2.3489900727449627e-09 9.4584452002772667e-12
2.5602026942732918e-03 2.3435182636647529e-09 9.4580717583948401e-12
2.7264407501568226e-03 2.3380525308976635e-09 9.4576961064223177e-12
2.9034729089001581e-03 2.3325943161578796e-09 9.4573240591160783e-12
3.0920000488667324e-03 2.3271409428030342e-09 9.4569447932359998e-12
3.2927685575731415e-03 2.3216945301398479e-09 9.4565668687757924e-12
3.5065732866712608e-03 2.3162541963141620e-09 9.4561867280758861e-12
3.7342606988020471e-03 2.3108216624439945e-09 9.4558113324663102e-12
3.9767322187796222e-03 2.3053944535357345e-09 9.4554306652930244e-12
4.2349478023730805e-03 2.2999746135980081e-09 9.4550530231965802e-12
4.5099297368150189e-03 2.2945602991674759e-09 9.4546708459337887e-12
4.8027666880831521e-03 2.2891517276870857e-09 9.4542850356267244e-12
5.1146180109784087e-03 2.2837510073539711e-09 9.4539042566338144e-12
5.4467183390632841e-03 2.2783559514654558e-09 9.4535194848965831e-12
5.8003824726322335e-03 2.2729681588220889e-09 9.4531373664352406e-12
6.1770105840658037e-03 2.2675861662855845e-09 9.4527517949116396e-12
6.5780937611767260e-03 2.2622099369415641e-09 9.4523626324978202e-12
7.0052199104943666e-03 2.2568411981599609e-09 9.4519770631728571e-12
7.4600800438588211e-03 2.2514777447703423e-09 9.4515858709940343e-12
7.9444749732136728e-03 2.2461215811712068e-09 9.4511974441379569e-12
8.4603224401023358e-03 2.2407713704629796e-09 9.4508061742118112e-12
9.0096647080939850e-03 2.2354271140961799e-09 9.4504120457308537e-12
9.5946766481978651e-03 2.2300902358335040e-09 9.4500210511871507e-12
1.0217674349276475e-02 2.2247588175551058e-09 9.4496251345814572e-12
1.0881124287546647e-02 2.2194351893985464e-09 9.4492341224210044e-12
1.1587653091471002e-02 2.2141171380882341e-09 9.4488386356376699e-12
1.2340057940699435e-02 2.2088050707366892e-09 9.4484403832788152e-12
1.3141317640230483e-02 2.2034997462617831e-09 9.4480426049412503e-12
1.3994604413635724e-02 2.1982012165289195e-09 9.4476455174093423e-12
1.4903296462037086e-02 2.1929090124324854e-09 9.4472471247833111e-12
1.5870991338558623e-02 2.1876233593801849e-09 9.4468483893327323e-12
1.6901520191202939e-02 2.1823435441166068e-09 9.4464462337092504e-12
1.7998962930540159e-02 2.1770700814136423e-09 9.4460428385498788e-12
1.9167664382259409e-02 2.1718042098777566e-09 9.4456436167129284e-12
2.0412251488531187e-02 2.1665427459527743e-09 9.4452347096400218e-12
2.1737651626281728e-02 2.1612896268757904e-09 9.4448332886360895e-12
2.3149112114902243e-02 2.1560409814942200e-09 9.4444224248284663e-12
2.4652220990624897e-02 2.1508011391680612e-09 9.4440210032589944e-12
2.6252929129812252e-02 2.1455664411759943e-09 9.4436131272212927e-12
2.7957573808747284e-02 2.1403384653626767e-09 9.4432056148761494e-12
2.9772903793198250e-02 2.1351157879070159e-09 9.4427921984160667e-12
3.1706106057089137e-02 2.1299004341627781e-09 9.4423818294533379e-12
3.3764834236056085e-02 2.1246913074704348e-09 9.4419696733878660e-12
3.5957238928538797e-02 2.1194883778720079e-09 9.4415555470931272e-12
3.8291999964370174e-02 2.1142923779082182e-09 9.4411427140911225e-12
4.0778360768617350e-02 2.1091023065724421e-09 9.4407267719283929e-12
4.3426164956721434e-02 2.1039196357986251e-09 9.4403142180847860e-12
4.6245895305818657e-02 2.0987418425030515e-09 9.4398937970599726e-12
4.9248715256531489e-02 2.0935710637149194e-09 9.4394750898491878e-12
5.2446513109537518e-02 2.0884067811613934e-09 9.4390556879881657e-12
5.5851949091892179e-02 2.0832489185405634e-09 9.4386353442108820e-12
5.9478505479443174e-02 2.0780982575185965e-09 9.4382175681865920e-12
6.3340539973773369e-02 2.0729523818100505e-09 9.4377913686691868e-12
6.7453342544993994e-02 2.0678141188909000e-09 9.4373696080942244e-12
7.1833195965431279e-02 2.0626820244327133e-09 9.4369457270770348e-12
7.6497440273862308e-02 2.0575554794742827e-09 9.4365168419235402e-12
8.1464541425516623e-02 2.0524363545278163e-09 9.4360915357943016e-12
8.6754164399632447e-02 2.0473227054071158e-09 9.4356608912108840e-12
9.2387251054003180e-02 2.0422167674519738e-09 9.4352351817874452e-12
9.8386103034744710e-02 2.0371166728554907e-09 9.4348058029937850e-12
1.0477447006952560e-01 2.0320234605542341e-09 9.4343775568078566e-12
1.1157764399381874e-01 2.0269354566062282e-09 9.4339426774063092e-12
1.1882255888242761e-01 2.0218547985044499e-09 9.4335110746021343e-12
1.2653789768271270e-01 2.0167805128658695e-09 9.4330782240637307e-12
1.3475420577168379e-01 2.0117122057603515e-09 9.4326422721688493e-12
1.4350401188653616e-01 2.0066500115803523e-09 9.4322038716917654e-12
1.5282195690739955e-01 2.0015938614880575e-09 9.4317626273978210e-12
1.6274493100215728e-01 1.9965457943768667e-09 9.4313281844251270e-12
1.7331221967629770e-01 1.9915033175021949e-09 9.4308887917071760e-12
1.8456565930601621e-01 1.9864670893631265e-09 9.4304475242960425e-12
1.9654980277033013e-01 1.9814377534136171e-09 9.4300074510991302e-12
2.0931209583795207e-01 1.9764136526290006e-09 9.4295607004390391e-12
2.2290306500724477e-01 1.9713972077577559e-09 9.4291187563012699e-12
2.3737651754292458e-01 1.9663859930334930e-09 9.4286700953797872e-12
2.5278975450146918e-01 1.9613822161264622e-09 9.4282252001844901e-12
2.6920379758860352e-01 1.9563847813994118e-09 9.4277788889108884e-12
2.8668363074700726e-01 1.9513930955618720e-09 9.4273282540777764e-12
3.0529845743069767e-01 1.9464082232001112e-09 9.4268784334496486e-12
3.2512197458464936e-01 1.9414300958951175e-09 9.4264291049578703e-12
3.4623266441434980e-01 1.9364577731525222e-09 9.4259757103151443e-12
3.6871410510041774e-01 1.9314924467746386e-09 9.4255240272100557e-12
3.9265530168841972e-01 1.9265327631755694e-09 9.4250674444933513e-12
4.1815103846389101e-01 1.9215805255978659e-09 9.4246148094622334e-12
4.4530225420763025e-01 1.9166331674908842e-09 9.4241534996617607e-12
4.7421644181692124e-01 1.9116933454902782e-09 9.4236965522768271e-12
5.0500807387479896e-01 1.9067603508955010e-09 9.4232405013106027e-12
5.3779905585220933e-01 1.9018329981293732e-09 9.4227795237099772e-12
5.7271920873730986e-01 1.8969118776639132e-09 9.4223164900629720e-12
6.0990678300266266e-01 1.8919961554863305e-09 9.4218472229196172e-12
6.4950900594513961e-01 1.8870891147779755e-09 9.4213880673005841e-12
6.9168266456548277e-01 1.8821872880173385e-09 9.4209217863364631e-12
7.3659472629516698e-01 1.8772915916714215e-09 9.4204529160782646e-12
7.8442300002805099e-01 1.8724033298982072e-09 9.4199880033979071e-12
8.3535684007386968e-01 1.8675209888630070e-09 9.4195194246001255e-12
8.8959789582055238e-01 1.8626449191751927e-09 9.4190489299492148e-12
9.4736091007332235e-01 1.8577745895403008e-09 9.4185738491906156e-12
1.0088745692312133e+00 1.8529119160030788e-09 9.4181038901071936e-12
1.0743824086669251e+00 1.8480552005035750e-09 9.4176304138493884e-12
1.1441437768944320e+00 1.8432039239858311e-09 9.4171507501416399e-12
1.2184348623415389e+00 1.8383609644706473e-09 9.4166796105917319e-12
1.2975497867924204e+00 1.8335232412106103e-09 9.4162012423555693e-12
1.3818017698291338e+00 1.8286917479768357e-09 9.4157207289068700e-12
1.4715243688821824e+00 1.8238671046161142e-09 9.4152412139109331e-12
1.5670727997995435e+00 1.8190477368696980e-09 9.4147546107697941e-12
1.6688253431623579e+00 1.8142362113268329e-09 9.4142741629833639e-12
1.7771848419149447e+00 1.8094304191292638e-09 9.4137889342047045e-12
1.8925802962383296e+00 1.8046311718561629e-09 9.4133031760532749e-12
2.0154685619814607e+00 1.7998386637629551e-09 9.4128178620311056e-12
2.1463361593742820e+00 1.7950525179557325e-09 9.4123310492362420e-12
2.2857011991834373e+00 1.7902732195615835e-09 9.4118452416292862e-12
2.4341154339363476e+00 1.7854992042847507e-09 9.4113522654981383e-12
2.5921664423345447e+00 1.7807310468435016e-09 9.4108550949129917e-12
2.7604799555044610e+00 1.7759704469797607e-09 9.4103626601675011e-12
2.9397223342954000e+00 1.7712165872038341e-09 9.4098707152836572e-12
3.1306032074324297e+00 1.7664683701971825e-09 9.4093733520240139e-12
3.3338782809687597e+00 1.7617272408791397e-09 9.4088783473746128e-12
3.5503523301603557e+00 1.7569917692120730e-09 9.4083780191102604e-12
3.7808823856077618e+00 1.7522630883984359e-09 9.4078784091374276e-12
4.0263811262792011e+00 1.7475403682201513e-09 9.4073750732531438e-12
4.2878204928480992e+00 1.7428242196528736e-09 9.4068712472558895e-12
4.5662355356503870e+00 1.7381148195999168e-09 9.4063679387628888e-12
4.8627285124958304e+00 1.7334104489583791e-09 9.4058558448656206e-12
5.1784732525567909e+00 1.7287146239265309e-09 9.4053539857870188e-12
5.5147198036113192e+00 1.7240240515610677e-09 9.4048444764224149e-12
5.8727993810390631e+00 1.7193409182187027e-09 9.4043392435513519e-12
6.2541296381635094e+00 1.7146627793659149e-09 9.4038249229661873e-12
6.6602202788059222e+00 1.7099913470388146e-09 9.4033108702495683e-12
7.0926790342713888e+00 1.7053273017753138e-09 9.4028008233509330e-12
7.5532180284301429e+00 1.7006686564558494e-09 9.4022838567483200e-12
8.0436605560937853e+00 1.6960170697161607e-09 9.4017690893110103e-12
8.5659483015223241e+00 1.6913711501192710e-09 9.4012488324116424e-12
9.1221490256404199e+00 1.6867313823823469e-09 9.4007257455766970e-12
9.7144647523968697e+00 1.6820988411176819e-09 9.4002057970307790e-12
1.0345240486677522e+01 1.6774727787314817e-09 9.3996848671056687e-12
1.1016973498286205e+01 1.6728520636792635e-09 9.3991565683592306e-12
1.1732323208749396e+01 1.6682387497015256e-09 9.3986324207512765e-12
1.2494121720086925e+01 1.6636315945748217e-09 9.3981054493623807e-12
1.3305385027232610e+01 1.6590306161204752e-09 9.3975757343453169e-12
1.4169324958495286e+01 1.6544360859160992e-09 9.3970448113151842e-12
1.5089361891333075e+01 1.6498487666624767e-09 9.3965170202828728e-12
1.6069138293783219e+01 1.6452670684102567e-09 9.3959833221041295e-12
1.7112533145158594e+01 1.6406922397740346e-09 9.3954507732984099e-12
1.8223677293103144e+01 1.6361233902615023e-09 9.3949143230086177e-12
1.9406969807805471e+01 1.6315598897546070e-09 9.3943703257422083e-12
2.0667095398117645e+01 1.6270047130551308e-09 9.3938358718515062e-12
2.2009042958530532e+01 1.6224543533258423e-09 9.3932907608562793e-12
2.3438125320433816e+01 1.6179112180851332e-09 9.3927489000722795e-12
2.4960000285856985e+01 1.6133749657158511e-09 9.3922082862629286e-12
2.6580693026964738e+01 1.6088447540756308e-09 9.3916640878088186e-12
2.8306619939987453e+01 1.6043206291825444e-09 9.3911164743968044e-12
3.0144614048025520e+01 1.5998025662992101e-09 9.3905653103581052e-12
3.2101952053298334e+01 1.5952916364408774e-09 9.3900169525570038e-12
3.4186383145939374e+01 1.5907873565968763e-09 9.3894684539552912e-12
3.6406159683391849e+01 1.5862884129041900e-09 9.3889121321484341e-12
3.8770069861867114e+01 1.5817964449426361e-09 9.3883575847395513e-12
4.1287472509212925e+01 1.5773109084578149e-09 9.3878016986257543e-12
4.3968334136938253e+01 1.5728317278987177e-09 9.3872439405508200e-12
4.6823268398085418e+01 1.5683592434934071e-09 9.3866863431172621e-12
4.9863578107164876e+01 1.5638921909746228e-09 9.3861213594305759e-12
5.3101299988511677e+01 1.5594320010001706e-09 9.3855575123981970e-12
5.6549252330224206e+01 1.5549789686275728e-09 9.3849966309386355e-12
6.0221085732349437e+01 1.5505316475449928e-09 9.3844299762920091e-12
6.4131337150228987e+01 1.5460907566196940e-09 9.3838618531837833e-12
6.8295487446966121e+01 1.5416566384879609e-09 9.3832943733103804e-12
7.2730022682866391e+01 1.5372282935470697e-09 9.3827214218638391e-12
7.7452499384499831e+01 1.5328068971582835e-09 9.3821501777098442e-12
8.2481614051787659e+01 1.5283911374783761e-09 9.3815725867344341e-12
8.7837277178295253e+01 1.5239826325017317e-09 9.3809985908381739e-12
9.3540692077781301e+01 1.5195799239606350e-09 9.3804191758699174e-12
9.9614438829080697e+01 1.5151840940036222e-09 9.3798410657229905e-12
1.0608256367166301e+02 1.5107946506699563e-09 9.3792611922432633e-12
1.1297067420578763e+02 1.5064112182798397e-09 9.3786771980414203e-12
1.2030604077415715e+02 1.5020340525995337e-09 9.3780906944667890e-12
1.2811770442644365e+02 1.4976638174232824e-09 9.3775057451344708e-12
1.3643659189412449e+02 1.4932994547427689e-09 9.3769158071238757e-12
1.4529563803081794e+02 1.4889423380787770e-09 9.3763294533083783e-12
1.5472991620286567e+02 1.4845909575152889e-09 9.3757372080705934e-12
1.6477677714638449e+02 1.4802462548557131e-09 9.3751449819884778e-12
1.7547599684052827e+02 1.4759074172012278e-09 9.3745476316424523e-12
1.8686993398239707e+02 1.4715751666716510e-09 9.3739496869071666e-12
1.9900369768704590e+02 1.4672499973568544e-09 9.3733543291813939e-12
2.1192532607651941e+02 1.4629302183364393e-09 9.3727507677176712e-12
2.2568597646496215e+02 1.4586176045695508e-09 9.3721503215068991e-12
2.4034012789275010e+02 1.4543115721643008e-09 9.3715492857154034e-12
2.5594579681148807e+02 1.4500107757613737e-09 9.3709389720273317e-12
2.7256476677377856e+02 1.4457174406506541e-09 9.3703336935426641e-12
2.9026283303711483e+02 1.4414305663817986e-09 9.3697270260261068e-12
3.0911006305029639e+02 1.4371491522815243e-09 9.3691124249957345e-12
3.2918107385364323e+02 1.4328747331160175e-09 9.3684998846598942e-12
3.5055532749125035e+02 1.4286058156194065e-09 9.3678796402413638e-12
3.7331744560483247e+02 1.4243446518919100e-09 9.3672664143546786e-12
3.9755754445464976e+02 1.4200898149352770e-09 9.3666509054161246e-12
4.2337159169387843e+02 1.4158404222202098e-09 9.3660272400843952e-12
4.5086178630891209e+02 1.4115976244921372e-09 9.3654029753067973e-12
4.8013696322979411e+02 1.4073619673041357e-09 9.3647817800910711e-12
5.1131302421265275e+02 1.4031315090494824e-09 9.3641507156240708e-12
5.4451339670002210e+02 1.3989086877501591e-09 9.3635260121596942e-12
5.7986952247569752e+02 1.3946915337318312e-09 9.3628945163268595e-12
6.1752137804873178e+02 1.3904807458591183e-09 9.3622609034626882e-12
6.5761802882679785e+02 1.3862765216259590e-09 9.3616264681744141e-12
7.0031821927291287e+02 1.3820789364665569e-09 9.3609917239010456e-12
7.4579100138198362e+02 1.3778880952203293e-09 9.3603573960742332e-12
7.9421640396533792e+02 1.3737027753546243e-09 9.3597152076291975e-12
8.4578614539297223e+02 1.3695238965523113e-09 9.3590713349317589e-12
9.0070439261529327e+02 1.3653523438339134e-09 9.3584318134085880e-12
9.5918856946935432e+02 1.3611863841780878e-09 9.3577848366860625e-12
1.0214702174697095e+03 1.3570263453516868e-09 9.3571325938144690e-12
1.0877959124917950e+03 1.3528737304708599e-09 9.3564854280590190e-12
1.1584282409770246e+03 1.3487270406463420e-09 9.3558329887791422e-12
1.2336468395244576e+03 1.3445870271466031e-09 9.3551804923975450e-12
1.3137495019847902e+03 1.3404528356635287e-09 9.3545219421888009e-12
1.3990533584397569e+03 1.3363253534223066e-09 9.3538635714093531e-12
1.4898961307345364e+03 1.3322048000787243e-09 9.3532068761377895e-12
1.5866374695338875e+03 1.3280898141742018e-09 9.3525423163691589e-12
1.6896603781954791e+03 1.3239815990773930e-09 9.3518782825143120e-12
1.7993727290975926e+03 1.3198795895989516e-09 9.3512108671119497e-12
1.9162088784244067e+03 1.3157843435085973e-09 9.3505439832483431e-12
2.0406313858018757e+03 1.3116949168670332e-09 9.3498708845884912e-12
2.1731328455923117e+03 1.3076126352815694e-09 9.3492010417595779e-12
2.3142378370978586e+03 1.3035359208325997e-09 9.3485231323166226e-12
2.4645050013937916e+03 1.2994660131249542e-09 9.3478460444999543e-12
2.6245292530139286e+03 1.2954028210348594e-09 9.3471691740329390e-12
2.7949441352443109e+03 1.2913454926199987e-09 9.3464862766120057e-12
2.9764243283498699e+03 1.2872947511127534e-09 9.3458026315118420e-12
3.1696883206642647e+03 1.2832501511424489e-09 9.3451149440207681e-12
3.3755012531178513e+03 1.2792120006095845e-09 9.3444255047912149e-12
3.5946779484654089e+03 1.2751807989354508e-09 9.3437379044668427e-12
3.8280861372064601e+03 1.2711557681202390e-09 9.3430464822913776e-12
4.0766498929697632e+03 1.2671370194747461e-09 9.3423520254829152e-12
4.3413532909628111e+03 1.2631246371802098e-09 9.3416551133117166e-12
4.6232443039703003e+03 1.2591187240402541e-09 9.3409565560734200e-12
4.9234389513260667e+03 1.2551187973777876e-09 9.3402527324261851e-12
5.2431257172842543e+03 1.2511252308684652e-09 9.3395463713017313e-12
5.5835702562826446e+03 1.2471386736726176e-09 9.3388423244022343e-12
5.9461204037259386e+03 1.2431581628358307e-09 9.3381334232627699e-12
6.3322115121275738e+03 1.2391841029491254e-09 9.3374226399317615e-12
6.7433721337353718e+03 1.2352167343376817e-09 9.3367118248388140e-12
7.1812300721395713e+03 1.2312553262992519e-09 9.3359954135777759e-12
7.6475188268210222e+03 1.2273003831769771e-09 9.3352772198031475e-12
8.1440844561546510e+03 1.2233520919275632e-09 9.3345586672179726e-12
8.6728928860382366e+03 1.2194097902611431e-09 9.3338346766668153e-12
9.2360376930826606e+03 1.2154737760050748e-09 9.3331075238515839e-12
9.8357483931765983e+03 1.2115446624906111e-09 9.3323818970837119e-12
1.0474399268241552e+04 1.2076218903708370e-09 9.3316534709794261e-12
1.1154518766121599e+04 1.2037051500301099e-09 9.3309198806744254e-12
1.1878799510823657e+04 1.1997948805114208e-09 9.3301844799558530e-12
1.2650108962737975e+04 1.1958914425090711e-09 9.3294500705930774e-12
1.3471500771044533e+04 1.1919941948391106e-09 9.3287116712546267e-12
1.4346226863248541e+04 1.1881030611243767e-09 9.3279686620828327e-12
1.5277750319709690e+04 1.1842185657259697e-09 9.3272251347080890e-12
1.6269759084134235e+04 1.1803397399678960e-09 9.3264734062232367e-12
1.7326180564312199e+04 1.1764678535807426e-09 9.3257235012884533e-12
1.8451197180903146e+04 1.1726030186660760e-09 9.3249763784376875e-12
1.9649262925829473e+04 1.1687441590554627e-09 9.3242233953991067e-12
2.0925120995833386e+04 1.1648911078710130e-09 9.3234632845270380e-12
2.2283822571007786e+04 1.1610448887763790e-09 9.3227041829506026e-12
2.3730746812648544e+04 1.1572048919902761e-09 9.3219411361980254e-12
2.5271622159597828e+04 1.1533714806372272e-09 9.3211770901618216e-12
2.6912549007394660e+04 1.1495445443344658e-09 9.3204111854848153e-12
2.8660023860017332e+04 1.1457237925013782e-09 9.3196410098036907e-12
3.0520965049838789e+04 1.1419095011805297e-09 9.3188688043168435e-12
3.2502740127618086e+04 1.1381012589372765e-09 9.3180911623035908e-12
3.4613195030969677e+04 1.1342997793808511e-09 9.3173139795153878e-12
3.6860685146786062e+04 1.1305045130701228e-09 9.3165326710646406e-12
3.9254108390595349e+04 1.1267156246556026e-09 9.3157485880664347e-12
4.1802940433812139e+04 1.1229334694443624e-09 9.3149646903800135e-12
4.4517272218352635e+04 1.1191573288128455e-09 9.3141750126110108e-12
4.7407849907130985e+04 1.1153878290100915e-09 9.3133846817696246e-12
5.0486117428608202e+04 1.1116248504585344e-09 9.3125927854136073e-12
5.3764261783823575e+04 1.1078679300811703e-09 9.3117953910011010e-12
5.7255261295287361e+04 1.1041174623040218e-09 9.3109957678716711e-12
6.0972936988747831e+04 1.1003729777638788e-09 9.3101900010250669e-12
6.4932007311262227e+04 1.0966349081892511e-09 9.3093816143878453e-12
6.9148146402195795e+04 1.0929043670156370e-09 9.3085801141045175e-12
7.3638046147854024e+04 1.0891791955091088e-09 9.3077671799515557e-12
7.8419482265417086e+04 1.0854608762957269e-09 9.3069553485217668e-12
8.3511384677814436e+04 1.0817485956481257e-09 9.3061377247929743e-12
8.8933912458147737e+04 1.0780429983196536e-09 9.3053197665525861e-12
9.4708533640380163e+04 1.0743435724737188e-09 9.3044970868692826e-12
1.0085811021225591e+05 1.0706503640269158e-09 9.3036700662911026e-12
1.0740698862695145e+05 1.0669637781286857e-09 9.3028421643073913e-12
1.1438109619178927e+05 1.0632840398294832e-09 9.3020153899173612e-12
1.2180804371562458e+05 1.0596098370360124e-09 9.3011782456323195e-12
1.2971723482129596e+05 1.0559425828878392e-09 9.3003430691808487e-12
1.3813998235590075e+05 1.0522810970681708e-09 9.2994994398430426e-12
1.4710963235978424e+05 1.0486264374753716e-09 9.2986567629628488e-12
1.5666169608502465e+05 1.0449782892315253e-09 9.2978121757494636e-12
1.6683399058609898e+05 1.0413358706786873e-09 9.2969587181856547e-12
1.7766678843931571e+05 1.0377009341991477e-09 9.2961120361268313e-12
1.8920297718378025e+05 1.0340715347856993e-09 9.2952547259672240e-12
2.0148822911510611e+05 1.0304492037807221e-09 9.2944004469463900e-12
2.1457118210411514e+05 1.0268324362412073e-09 9.2935357154819873e-12
2.2850363215637274e+05 1.0232225446589133e-09 9.2926723115591179e-12
2.4334073847493489e+05 1.0196189271770082e-09 9.2918047930542751e-12
2.5914124183813317e+05 1.0160215010601619e-09 9.2909323499874207e-12
2.7596769715699396e+05 1.0124308715619930e-09 9.2900605290241089e-12
2.9388672113296628e+05 1.0088465178521249e-09 9.2891845511712365e-12
3.1296925599647983e+05 1.0052685499744705e-09 9.2883053756381676e-12
3.3329085037045024e+05 1.0016964602702487e-09 9.2874183942135957e-12
3.5493195837072167e+05 9.9813110633487823e-10 9.2865313689738337e-12
3.7797825812755752e+05 9.9457241954395055e-10 9.2856437735854769e-12
4.0252099098926398e+05 9.9101971225510477e-10 9.2847491206614101e-12
4.2865732275082346e+05 9.8747357665482652e-10 9.2838529600042991e-12
4.5649072833770618e+05 9.8393357157142987e-10 9.2829511229452147e-12
4.8613140146779001e+05 9.8040009838199716e-10 9.2820473649114865e-12
5.1769669091331301e+05 9.7687334204860290e-10 9.2811434460189705e-12
5.5131156508998107e+05 9.7335274320623432e-10 9.2802340119260803e-12
5.8710910681262054e+05 9.6983809751630154e-10 9.2793171121758603e-12
6.2523104017608531e+05 9.6633036644121869e-10 9.2784019235507537e-12
6.6582829164738290e+05 9.6282909875986249e-10 9.2774840633329891e-12
7.0906158759043529e+05 9.5933366083683733e-10 9.2765575264776968e-12
7.5510209058903775e+05 9.5584512298787205e-10 9.2756324748586078e-12
8.0413207708733180e+05 9.5236264704490122e-10 9.2747008695301658e-12
8.5634565903050802e+05 9.4888691699359030e-10 9.2737693225262481e-12
9.1194955236284633e+05 9.4541720603937879e-10 9.2728307443683716e-12
9.7116389542550838e+05 9.4195385326877027e-10 9.2718883673473946e-12
1.0342231204942657e+06 9.3849710887074457e-10 9.2709446866201936e-12
1.1013768819075045e+06 9.3504654301749934e-10 9.2699954236064790e-12
1.1728910444591318e+06 9.3160263836679117e-10 9.2690453620225780e-12
1.2490487359693456e+06 9.2816460302379197e-10 9.2680865728573732e-12
1.3301514682005802e+06 9.2473374445886507e-10 9.2671321092704420e-12
1.4165203305562406e+06 9.2130858326032781e-10 9.2661671642034810e-12
1.5084972612882871e+06 9.1788993887681949e-10 9.2651998913095263e-12
1.6064464012462730e+06 9.1447790215190249e-10 9.2642312764141262e-12
1.7107555355275669e+06 9.1107160242415497e-10 9.2632523484110659e-12
1.8218376287361307e+06 9.0767271997317024e-10 9.2622802136945422e-12
1.9401324599282099e+06 9.0427918838375682e-10 9.2612938354086481e-12
2.0661083637175520e+06 9.0089280772071818e-10 9.2603115545174008e-12
2.2002640844334904e+06 8.9751270567912458e-10 9.2593244728651380e-12
2.3431307506723483e+06 8.9413869511206194e-10 9.2583305927128310e-12
2.4952739780597663e+06 8.9077116859565149e-10 9.2573339539153701e-12
2.6572961085485979e+06 8.8740995099466517e-10 9.2563326557021452e-12
2.8298385951181599e+06 8.8405510011137598e-10 9.2553273937420261e-12
3.0135845413156496e+06 8.8070671367074878e-10 9.2543190736659741e-12
3.2092614056942305e+06 8.7736483248925805e-10 9.2533081702816176e-12
3.4176438818544121e+06 8.7402905323238716e-10 9.2522903498104425e-12
3.6395569654913181e+06 8.7069973761625250e-10 9.2512694671529678e-12
3.8758792205901071e+06 8.6737673032352726e-10 9.2502438213226520e-12
4.1275462577006747e+06 8.6406006371583249e-10 9.2492137408669652e-12
4.3955544380624602e+06 8.6075025170397865e-10 9.2481846846149683e-12
4.6809648182437504e+06 8.5744644722497373e-10 9.2471476123113152e-12
4.9849073509130049e+06 8.5414892913959421e-10 9.2461053951356734e-12
5.3085853583726799e+06 8.5085775450041757e-10 9.2450587852616799e-12
5.6532802965670843e+06 8.4757315011347271e-10 9.2440100169346586e-12
6.0203568284245385e+06 8.4429499872191013e-10 9.2429579360723093e-12
6.4112682266201200e+06 8.4102317431359264e-10 9.2419011236548119e-12
6.8275621271480499e+06 8.3775733740128663e-10 9.2408358131964966e-12
7.2708866564831464e+06 8.3449838595603168e-10 9.2397718404724539e-12
7.7429969565882357e+06 8.3124512042973571e-10 9.2386959726835287e-12
8.2457621336011942e+06 8.2799921606737448e-10 9.2376267520842627e-12
8.7811726577108633e+06 8.2475909994143404e-10 9.2365466757394279e-12
9.3513482435192633e+06 8.2152543665305509e-10 9.2354631671109387e-12
9.9585462420877777e+06 8.1829817580681294e-10 9.2343755700038904e-12
1.0605170577892907e+07 8.1507686137828413e-10 9.2332787241765030e-12
1.1293781266072225e+07 8.1186259594180852e-10 9.2321851497263919e-12
1.2027104547641015e+07 8.0865435287741997e-10 9.2310831292124068e-12
1.2808043682804007e+07 8.0545244742144849e-10 9.2299762818139230e-12
1.3639690445094878e+07 8.0225649985201108e-10 9.2288601613073243e-12
1.4525337361847799e+07 7.9906794816511444e-10 9.2277513237817133e-12
1.5468490749463255e+07 7.9588530408031154e-10 9.2266326099203186e-12
1.6472884595073579e+07 7.9270887969818911e-10 9.2255077007583080e-12
1.7542495339568235e+07 7.8953887381963270e-10 9.2243786801100342e-12
1.8681557620503530e+07 7.8637499027304265e-10 9.2232423319668995e-12
1.9894581037225731e+07 7.8321781449128154e-10 9.2221052726626892e-12
2.1186368004579268e+07 7.8006694249803509e-10 9.2209629171278538e-12
2.2562032765885942e+07 7.7692236437687030e-10 9.2198151125577033e-12
2.4027021640466493e+07 7.7378389520984091e-10 9.2186596138799049e-12
2.5587134585866030e+07 7.7065213534788448e-10 9.2175036069061308e-12
2.7248548160150282e+07 7.6752654686200450e-10 9.2163407483926838e-12
2.9017839975178912e+07 7.6440735531170994e-10 9.2151736651372702e-12
3.0902014737670735e+07 7.6129444708205136e-10 9.2140010604032623e-12
3.2908531981155075e+07 7.5818761211422375e-10 9.2128203740119571e-12
3.5045335598605074e+07 7.5508737059319551e-10 9.2116380064455579e-12
3.7320885292670004e+07 7.5199365387904925e-10 9.2104532031626278e-12
3.9744190068023719e+07 7.4890599898692949e-10 9.2092602870772166e-12
4.2324843898422472e+07 7.4582461099343758e-10 9.2080619308576276e-12
4.5073063709684350e+07 7.4274957215720276e-10 9.2068591660437683e-12
4.7999729828961685e+07 7.3968083718902427e-10 9.2056515623512058e-12
5.1116429060452223e+07 7.3661801895235710e-10 9.2044344153423363e-12
5.4435500558082096e+07 7.3356190821150071e-10 9.2032176892053131e-12
5.7970084676778734e+07 7.3051188081757518e-10 9.2019937924880758e-12
6.1734174995731555e+07 7.2746800203622166e-10 9.2007636961868244e-12
6.5742673719609916e+07 7.2443056067884362e-10 9.1995313147026318e-12
7.0011450677066803e+07 7.2139913977225061e-10 9.1982916035101980e-12
7.4557406150113925e+07 7.1837370218035195e-10 9.1970442592971767e-12
7.9398537783104181e+07 7.1535470565377635e-10 9.1957955459729042e-12
8.4554011836226091e+07 7.1234147105354683e-10 9.1945371613428285e-12
9.0044239065596521e+07 7.0933468635251842e-10 9.1932783009591692e-12
9.5890955530374721e+07 7.0633361215039252e-10 9.1920100180147721e-12
1.0211730864680552e+08 7.0333835627682853e-10 9.1907341598877260e-12
1.0874794882989560e+08 7.0034933364252176e-10 9.1894567663413868e-12
1.1580912708552365e+08 6.9736608873992010e-10 9.1881726569914480e-12
1.2332879893936935e+08 6.9438849854160785e-10 9.1868810209393424e-12
1.3133673511410663e+08 6.9141685014379719e-10 9.1855866257942585e-12
1.3986463939305118e+08 6.8845086561469173e-10 9.1842868844178823e-12
1.4894627413687852e+08 6.8548997331224381e-10 9.1829753647734646e-12
1.5861759395034254e+08 6.8253469675172757e-10 9.1816603752699619e-12
1.6891688802819434e+08 6.7958488329841492e-10 9.1803416341214937e-12
1.7988493174383953e+08 6.7664018218523491e-10 9.1790160583327993e-12
1.9156514808090055e+08 6.7370079321316061e-10 9.1776884429780050e-12
2.0400377954677662e+08 6.7076585694252871e-10 9.1763495462146280e-12
2.1725007124883884e+08 6.6783590208878250e-10 9.1750090583794870e-12
2.3135646585804206e+08 6.6491007263997519e-10 9.1736583501272963e-12
2.4637881123184985e+08 6.6198863467679864e-10 9.1723046096872525e-12
2.6237658151843351e+08 6.5907084067854877e-10 9.1709411121671349e-12
2.7941311261753589e+08 6.5615674214079863e-10 9.1695728194378943e-12
2.9755585293016887e+08 6.5324590045779745e-10 9.1681991644375312e-12
3.1687663038990796e+08 6.5033779204774892e-10 9.1668178942629345e-12
3.3745193683293658e+08 6.4743191992352610e-10 9.1654285022460296e-12
3.5936323083271283e+08 6.4452812036164372e-10 9.1640362164148492e-12
3.8269726019815320e+08 6.4162529233745369e-10 9.1626335919478287e-12
4.0754640541216326e+08 6.3872342392865128e-10 9.1612298070402033e-12
4.3400904537015599e+08 6.3582120522457692e-10 9.1598161849398791e-12
4.6218994686658359e+08 6.3291795749071570e-10 9.1583962586061491e-12
4.9220067937142521e+08 6.3001268467762812e-10 9.1569676833550741e-12
5.2416005673880458e+08 6.2710474319257870e-10 9.1555373444964795e-12
5.5819460759642339e+08 6.2419232263355994e-10 9.1540963048984148e-12
5.9443907627816653e+08 6.2127435765768853e-10 9.1526489583944336e-12
6.3303695628302693e+08 6.1834922385255098e-10 9.1511946744733115e-12
6.7414105837240946e+08 6.1541563164711089e-10 9.1497377369022873e-12
7.1791411555486107e+08 6.1247066543139187e-10 9.1482674049338079e-12
7.6452942735346699e+08 6.0951302743341123e-10 9.1467939394334570e-12
8.1417154590653288e+08 6.0654011608632260e-10 9.1453153170767259e-12
8.6703700661787868e+08 6.0354848595433887e-10 9.1438233100930611e-12
9.2333510624945843e+08 6.0053532098921900e-10 9.1423249649081096e-12
9.8328873153672767e+08 5.9749767522901574e-10 9.1408261214789520e-12
1.0471352416073890e+09 5.9443081584474165e-10 9.1393176148117534e-12
1.1151274076969368e+09 5.9133016680786400e-10 9.1377997188523896e-12
1.1875344138815019e+09 5.8819081704547571e-10 9.1362747706665762e-12
1.2646429227898085e+09 5.8500725863796753e-10 9.1347428883187456e-12
1.3467582105135894e+09 5.8177272678485785e-10 9.1332022700112216e-12
1.4342053752094703e+09 5.7847996895418513e-10 9.1316567787981654e-12
1.5273306241773903e+09 5.7512093029987477e-10 9.1301007107676476e-12
1.6265026445109949e+09 5.7168546030995260e-10 9.1285359930539785e-12
1.7321140627466464e+09 5.6816466364366609e-10 9.1269669446217691e-12
1.8445829992896762e+09 5.6454588743181148e-10 9.1253901647262510e-12
1.9643547237721305e+09 5.6081525556129797e-10 9.1238067654372326e-12
2.0919034178954246e+09 5.5695929208850433e-10 9.1222101021616598e-12
2.2277340527373152e+09 5.5296069897112529e-10 9.1206094188442240e-12
2.3723843879552836e+09 5.4880007753925912e-10 9.1190025022398412e-12
2.5264271008015351e+09 5.4445920708236089e-10 9.1173841642681115e-12
2.6904720533781943e+09 5.3991028121473185e-10 9.1157588796344362e-12
2.8651687071091719e+09 5.3513116440741268e-10 9.1141248341563646e-12
3.0512086939873743e+09 5.3008834782127975e-10 9.1124832616454382e-12
3.2493285547772951e+09 5.2475147005326868e-10 9.1108266971012396e-12
3.4603126550132828e+09 5.1908543442616418e-10 9.1091737978007734e-12
3.6849962903384480e+09 5.1304425322602179e-10 9.1075076328785218e-12
3.9242689934779730e+09 5.0658674850974862e-10 9.1058327848783159e-12
4.1790780559397216e+09 4.9966335024061468e-10 9.1041500673864392e-12
4.4504322783842516e+09 4.9221330425023981e-10 9.1024554848885365e-12
4.7394059645126009e+09 4.8417912575930921e-10 9.1007547997017843e-12
5.0471431742834263e+09 4.7549288185758605e-10 9.0990449735977948e-12
5.3748622532983150e+09 4.6607577182068686e-10 9.0973282317304950e-12
5.7238606562875500e+09 4.5585707218621307e-10 9.0955989239508841e-12
6.0955200837921867e+09 4.4474822770830993e-10 9.0938615839716234e-12
6.4913119523794851e+09 4.3263816325687445e-10 9.0921131768594458e-12
6.9128032200477886e+09 4.1945613905233354e-10 9.0903655932964270e-12
7.3616625898846693e+09 4.0508883927279631e-10 9.0885992447765922e-12
7.8396671165380840e+09 3.8942177094517199e-10 9.0868297795438637e-12
8.3487092416567383e+09 3.7236123603769820e-10 9.0850424478742787e-12
8.8908042861523380e+09 3.5379868231941229e-10 9.0832541163641080e-12
9.4680984289469585e+09 3.3363725114119978e-10 9.0814506655442341e-12
1.0082877203792660e+10 3.1180038824412027e-10 9.0796425861632924e-12
1.0737574547803812e+10 2.8824873242959054e-10 9.0778194566351298e-12
1.1434782437524431e+10 2.6293996126569584e-10 9.0759931315424822e-12
1.2177261150681488e+10 2.3597074692716815e-10 9.0741580532287802e-12
1.2967950194249529e+10 2.0742324990568101e-10 9.0723058807171006e-12
1.3809979942092785e+10 1.7754349254934837e-10 9.0704498410329731e-12
1.4706684028257191e+10 1.4671744411221882e-10 9.0685813214121979e-12
1.5661612544979528e+10 1.1554663946691418e-10 9.0667084164637624e-12
1.6678546097663504e+10 8.4915504761309356e-11 9.0648185511925781e-12
1.7761510772468880e+10 5.6047619025983771e-11 9.0629205841555410e-12
1.8914794075769058e+10 3.0678128843026139e-11 9.0610189731329062e-12
2.0142961908584263e+10 1.1210491721112117e-11 9.0590938633992202e-12
2.1450876643190624e+10 8.3196948973224770e-13 9.0571619996836362e-12
2.2843716373473679e+10 3.8790035850460419e-12 9.0552333075178830e-12
2.4326995415236748e+10 2.6109208715433306e-11 9.0532800287470631e-12
2.5906586137628578e+10 7.5157834445967673e-11 9.0513280413619658e-12
2.7588742212118958e+10 1.6107184011447972e-10 9.0493522550086801e-12
2.9380123371069035e+10 2.9704704473221355e-10 9.0473735612433908e-12
3.1287821773914165e+10 5.0026015874422441e-10 9.0453830210322958e-12
3.3319390085345100e+10 7.9323054183134395e-10 9.0433864923992396e-12
3.5482871376651672e+10 1.2056237964483145e-09 9.0413723296423040e-12
3.7786830968606575e+10 1.7748383734248226e-09 9.0393436979378737e-12
4.0240390341960800e+10 2.5506334026900416e-09 9.0373218273878293e-12
4.2853263249799263e+10 3.5958343651012749e-09 9.0352834244107976e-12
4.5635794174732185e+10 4.9935921107213954e-09 9.0332238021802218e-12
4.8598999283170509e+10 6.8472320676109296e-09 9.0311697143241380e-12
5.1754610038830948e+10 9.2994887540420666e-09 9.0290872190666438e-12
5.5115119648132545e+10 1.2521290135511006e-08 9.0270164908092334e-12
5.8693832521370392e+10 1.6741435593776009e-08 9.0249287276698313e-12
6.2504916945478996e+10 2.2250228217882388e-08 9.0228293948448245e-12
6.6563461176926147e+10 2.9422564683134267e-08 9.0207187065354486e-12
7.0885533176804108e+10 3.8736718302341966e-08 9.0185973590741403e-12
7.5488244224620056e+10 5.0815318748795241e-08 9.0164709796983964e-12
8.0389816662627182e+10 6.6444361930753613e-08 9.0143353850255073e-12
8.5609656038908432e+10 8.6651888243482802e-08 9.0121879782460298e-12
9.1168427934820770e+10 1.1272549965790138e-07 9.0100406971431838e-12
9.7088139780973938e+10 1.4634486381118443e-07 9.0078743240652032e-12
1.0339222798564568e+11 1.8965858608515206e-07 9.0057013721284545e-12
1.1010565072059041e+11 2.4535420637732874e-07 9.0035488924189476e-12
1.1725498673157249e+11 3.1698597909148904e-07 9.0013753034799200e-12
1.2486854056483228e+11 4.0911739281918803e-07 8.9991893588735204e-12
1.3297645462606752e+11 5.2741140876733234e-07 8.9970207430593266e-12
1.4161082851559171e+11 6.7916959435475341e-07 8.9948379703900882e-12
1.5080584611210638e+11 8.7387762439410733e-07 8.9926423899171414e-12
1.6059791090823480e+11 1.1235409302628552e-06 8.9904799291116768e-12
1.7102579013360226e+11 1.4435251450966347e-06 8.9882386988392771e-12
1.8213076823605829e+11 1.8532941702925194e-06 8.9861473442826521e-12
1.9395681032868695e+11 2.3782332601906844e-06 8.9839158781007112e-12
2.0655073624968228e+11 3.0494590565494977e-06 8.9817745999418124e-12
2.1996240592422211e+11 3.9088849897383015e-06 8.9796463961106100e-12
2.3424491676217148e+11 5.0078788205935962e-06 8.9775438304905187e-12
2.4945481387314899e+11 6.4111660532895634e-06 8.9754602738830896e-12
2.6565231393117847e+11 8.2041056795415470e-06 8.9734391953864734e-12
2.8290154357524658e+11 1.0490433457265643e-05 8.9714061863905475e-12
3.0127079328957300e+11 1.3411293377212619e-05 8.9694203963893766e-12
3.2083278776875043e+11 1.7132782151970833e-05 8.9676017075192035e-12
3.4166497383810675e+11 2.1873774194333461e-05 8.9656389547737938e-12
3.6384982706921710e+11 2.7907559419257580e-05 8.9638570021198095e-12
3.8747517830442938e+11 3.5577827716215753e-05 8.9621526340129196e-12
4.1263456138317365e+11 4.5319264851787838e-05 8.9605623134459247e-12
4.3942758344667108e+11 5.7675831752452895e-05 8.9590515744110409e-12
4.6796031928714526e+11 7.3342389784346391e-05 8.9576889287101427e-12
4.9834573130274164e+11 9.3167333714706406e-05 8.9565698501958071e-12
5.3070411672079230e+11 1.1821301778174193e-04 8.9555242492857346e-12
5.6516358386001257e+11 1.4977910570080052e-04 8.9545699740819695e-12
6.0186055931715149e+11 1.8953924709330620e-04 8.9539604363078819e-12
6.4094032808610852e+11 2.3947486948476204e-04 8.9536726796145725e-12
6.8255760874780005e+11 3.0207107945763817e-04 8.9534956268443022e-12
7.2687716600807275e+11 3.8025634397363808e-04 8.9537554278965371e-12
7.7407446300865222e+11 4.7775922636134738e-04 8.9543866500803313e-12
8.2433635599372168e+11 5.9888718287062217e-04 8.9554487173657266e-12
8.7786183408224951e+11 7.4886404735695833e-04 8.9570847384079470e-12
9.3486280707498035e+11 9.3394065796351263e-04 8.9590644097206939e-12
9.9556494441495447e+11 1.1611558899166335e-03 8.9616880607565606e-12
1.0602085686231228e+12 1.4391109962080299e-03 8.9649556648114687e-12
1.1290496067460837e+12 1.7772463575741909e-03 8.9688935739820293e-12
1.2023606035829143e+12 2.1862180097362788e-03 8.9735334872088813e-12
1.2804318007024509e+12 2.6781680798673171e-03 8.9788690170562549e-12
1.3635722855227944e+12 3.2655321166434191e-03 8.9849153103096526e-12
1.4521112150024861e+12 3.9619770066160803e-03 8.9916840253402748e-12
1.5463991187878464e+12 4.7806762500198956e-03 8.9990735018264208e-12
1.6468092869758281e+12 5.7349721896253142e-03 9.0070970692195425e-12
1.7537392479864041e+12 6.8364277511019670e-03 9.0155926529801688e-12
1.8676123423956992e+12 8.0924256101703382e-03 9.0244784285587760e-12
1.9888793989605476e+12 9.5102699785801856e-03 9.0335962997614215e-12
2.1180205194700959e+12 1.1086673775399269e-02 9.0427581275477246e-12
2.2555469794905156e+12 1.2815999696002445e-02 9.0517784204246253e-12
2.4020032525282705e+12 1.4679812297521338e-02 9.0603911607375186e-12
2.5579691656254438e+12 1.6652330942935212e-02 9.0683969515770128e-12
2.7240621949214336e+12 1.8693514512078062e-02 9.0755655350251198e-12
2.9009399102689351e+12 2.0762739370875461e-02 9.0816615820794071e-12
3.0893025785829580e+12 2.2790411709836006e-02 9.0866830221795919e-12
3.2898959362293257e+12 2.4720615615962074e-02 9.0902836582553514e-12
3.5035141414289526e+12 2.6487982754746592e-02 9.0927389444261586e-12
3.7310029183661802e+12 2.8017800564292612e-02 9.0940802458890813e-12
3.9732629054493691e+12 2.9261707397677056e-02 9.0945313765116035e-12
4.2312532209792373e+12 3.0164289402612836e-02 9.0943566023334059e-12
4.5059952603419434e+12 3.0707757834732393e-02 9.0939517170591084e-12
4.7985767397596484e+12 3.0870356449237520e-02 9.0933456543248994e-12
5.1101560026086113e+12 3.0677194147842115e-02 9.0930553491738976e-12
5.4419666053531934e+12 3.0151668724525852e-02 9.0931024795656924e-12
5.7953222012521465e+12 2.9339661956669295e-02 9.0935760946758010e-12
6.1716217411713135e+12 2.8296378515293812e-02 9.0944716376675245e-12
6.5723550120938184e+12 2.7071462207093850e-02 9.0954436061443924e-12
6.9991085352546152e+12 2.5722735837107498e-02 9.0965928023373819e-12
7.4535718472498613e+12 2.4295032346600656e-02 9.0977675589475611e-12
7.9375441889893037e+12 2.2827363735146575e-02 9.0988363300204151e-12
8.4529416289727061e+12 2.1353877387196830e-02 9.0999121293670255e-12
9.0018046490924082e+12 1.9898760730323720e-02 9.1008212694825820e-12
9.5863062229934785e+12 1.8484995826087283e-02 9.1017732051808928e-12
1.0208760418975418e+13 1.7127560789052605e-02 9.1027826967920046e-12
1.0871631561493592e+13 1.5836864756232666e-02 9.1037050641165764e-12
1.1577543987532102e+13 1.4619318597298307e-02 9.1045864124087278e-12
1.2329292436472688e+13 1.3477608926288581e-02 9.1054490580786041e-12
1.3129853114595316e+13 1.2412030221010024e-02 9.1063340653577099e-12
1.3982395478013920e+13 1.1420960030176681e-02 9.1071583681519575e-12
1.4890294780697670e+13 1.0501900457662059e-02 9.1079749823843508e-12
1.5857145437254207e+13 9.6515419880532291e-03 9.1087599461776045e-12
1.6886775253380883e+13 8.8661864661164196e-03 9.1095236037300912e-12
1.7983260580321254e+13 8.1419025825342790e-03 9.1102613216767724e-12
1.9150942453325531e+13 7.4748289595277916e-03 9.1110775281510466e-12
2.0394443778005602e+13 6.8607456316586253e-03 9.1117424840962192e-12
2.1718687632629023e+13 6.2958667314456495e-03 9.1123006434454110e-12
2.3128916758809359e+13 5.7768188448360201e-03 9.1129908152544197e-12
2.4630714317759266e+13 5.2998374762798645e-03 9.1135605444148540e-12
2.6230025994278422e+13 4.8617520490910849e-03 9.1140845019667031e-12
2.7933183535990629e+13 4.4595044349789734e-03 9.1145686524628790e-12
2.9746929821020035e+13 4.0902470908351302e-03 9.1150137786566841e-12
3.1678445553353098e+13 3.7513339506403888e-03 9.1154063163302830e-12
3.3735377691570641e+13 3.4403170620911144e-03 9.1157507912226632e-12
3.5925869723505094e+13 3.1549350748661426e-03 9.1160471882251964e-12
3.8258593906679930e+13 2.8930985548188612e-03 9.1162868992498251e-12
4.0742785602169672e+13 2.6528829018684567e-03 9.1164680262661800e-12
4.3388279837815312e+13 2.4325205729078944e-03 9.1165841711399066e-12
4.6205550245545906e+13 2.2303793533875096e-03 9.1166409337915247e-12
4.9205750526964977e+13 2.0449649246279912e-03 9.1166211553032062e-12
5.2400758611359945e+13 1.8748951421666215e-03 9.1165203134435940e-12
5.5803223680965516e+13 1.7189123779541857e-03 9.1163262682283357e-12
5.9426616249650289e+13 1.5758501535359181e-03 9.1160314478746401e-12
6.3285281493295359e+13 1.4446456717850426e-03 9.1156283028008980e-12
6.7394496042994898e+13 1.3243255049095054e-03 9.1151010858337590e-12
7.1770528465934844e+13 1.2139747628169746e-03 9.1144372238847922e-12
7.6430703673388875e+13 1.1128047439053505e-03 9.1136234773252419e-12
8.1393471510832031e+13 1.0200055482309717e-03 9.1126430495011507e-12
8.6678479801714016e+13 9.3494993268542338e-04 9.1114826397689643e-12
9.2306652134087609e+13 8.5694214818072319e-04 9.1101287935414753e-12
9.8300270698043609e+13 7.8543745983491152e-04 9.1085706361219306e-12
1.0468306450191722e+14 7.1989929565970806e-04 9.1068112540136491e-12
1.1148030331650614e+14 6.5982644346931788e-04 9.1048585273915266e-12
1.1871889771924473e+14 6.0474176550438092e-04 9.1027359166900738e-12
1.2642750563440158e+14 5.5437138455346048e-04 9.1004873514968526e-12
1.3463664579110834e+14 5.0805887026893529e-04 9.0981743741338578e-12
1.4337881854838966e+14 4.6575082402759585e-04 9.0958500076662145e-12
1.5268863456556562e+14 4.2692762021281612e-04 9.0936579379695073e-12
1.6260295182742319e+14 3.9112935438079824e-04 9.0916236728167364e-12
1.7316102156665834e+14 3.5856159295378267e-04 9.0898300471048661e-12
1.8440464366128284e+14 3.2840708779619112e-04 9.0883127742179755e-12
1.9637833212224638e+14 3.0088548122590345e-04 9.0870769387851438e-12
2.0912949132642638e+14 2.7566576961912871e-04 9.0861372426680592e-12
2.2270860369271734e+14 2.5249625731291116e-04 9.0854398579634443e-12
2.3716942954421231e+14 2.3127294124479354e-04 9.0849328836292429e-12
2.5256921994776981e+14 2.1189479964778089e-04 9.0845678967261172e-12
2.6896894337359659e+14 1.9399178686131015e-04 9.0843345575005351e-12
2.8643352707218038e+14 1.7771577322335511e-04 9.0841722033850158e-12
3.0503211412423381e+14 1.6267326991176880e-04 9.0840639318831737e-12
3.2483833718128906e+14 1.4895238013540242e-04 9.0839793236434915e-12
3.4593060998072306e+14 1.3633912717268671e-04 9.0839281658190927e-12
3.6839243778929212e+14 1.2478765430057396e-04 9.0838993365518395e-12
3.9231274800428919e+14 1.1420001208779384e-04 9.0837674934177373e-12
4.1778624222114600e+14 1.0449416945532817e-04 9.0838434016500457e-12
4.4491377116136738e+14 9.5604033679830668e-05 9.0837897052543767e-12
4.7380273394510200e+14 8.7455229101500136e-05 9.0837527965191650e-12
5.0456750328915394e+14 7.9992001414607366e-05 9.0837289160771146e-12
5.3732987831375962e+14 7.3154476738689674e-05 9.0836966607425565e-12
5.7221956675085862e+14 6.6892016657743729e-05 9.0836853026095825e-12
6.0937469846287450e+14 6.1156260877555637e-05 9.0836443262400087e-12
6.4894237230513588e+14 5.5903479692748322e-05 9.0836041948819853e-12
6.9107923849692088e+14 5.1093554500324726e-05 9.0835556852415260e-12
7.3595211880681850e+14 4.6688921402484873e-05 9.0833904144117222e-12
7.8373866700766000e+14 4.2657494651376651e-05 9.0834477213788956e-12
8.3462807221590238e+14 3.8966209847361309e-05 9.0833202999471379e-12
8.8882180789992788e+14 3.5587852571834966e-05 9.0832860763568722e-12
9.4653442952269125e+14 3.2495731546814472e-05 9.0832133047617180e-12
1.0079944239765084e+15 2.9665838708446862e-05 9.0830748436909565e-12
1.0734451141730764e+15 2.7076930795424863e-05 9.0831013169231471e-12
1.1431456223699248e+15 2.4707994181264259e-05 9.0830136175919334e-12
1.2173718960472485e+15 2.2540737796462540e-05 9.0828496757106358e-12
1.2964178003964712e+15 2.0558695013371655e-05 9.0828123026209467e-12
1.3805962817459192e+15 1.8745881724421565e-05 9.0827007605877205e-12
1.4702406065295965e+15 1.7088078341085365e-05 9.0825035892026291e-12
1.5657056807040798e+15 1.5572486625402289e-05 9.0823573656539453e-12
1.6673694548373752e+15 1.4187182600771319e-05 9.0822996833735295e-12
1.7756344204323735e+15 1.2920763216912265e-05 9.0820471253864880e-12
1.8909292034090602e+15 1.1763712367084294e-05 9.0819674882054507e-12
2.0137102610539322e+15 1.0706434033941685e-05 9.0817769292010919e-12
2.1444636891551998e+15 9.7405370711358824e-06 9.0814926649496964e-12
2.2837071464780730e+15 8.8584171895623479e-06 9.0812453758557911e-12
2.4319919041994195e+15 8.0529284639308469e-06 9.0809830874257154e-12
2.5899050284153000e+15 7.3175955596416873e-06 9.0807349264661060e-12
2.7580717043624020e+15 6.6463845924029179e-06 9.0804070561148390e-12
2.9371577115547655e+15 6.0339021524258790e-06 9.0800745795916629e-12
3.1278720596352385e+15 5.4751856078706360e-06 9.0798137088165643e-12
3.3309697953767385e+15 4.9654768016610831e-06 9.0793003014125636e-12
3.5472549919468430e+15 4.5007709749756347e-06 9.0788811563892283e-12
3.7775839322699510e+15 4.0771307603538074e-06 9.0783789904031141e-12
4.0228684990904270e+15 3.6910524251141947e-06 9.0778173729425953e-12
4.2840797851576565e+15 3.3393506286955100e-06 9.0772989147701280e-12
4.5622519378264970e+15 3.0189740779243104e-06 9.0765520370255034e-12
4.8584862532935960e+15 2.7273197370465928e-06 9.0758551482137577e-12
5.1739555366792480e+15 2.4618439014328234e-06 9.0749925718495386e-12
5.5099087452159490e+15 2.2203225311799384e-06 9.0740976335257782e-12
5.8676759329269930e+15 2.0006793053985010e-06 9.0731865109106674e-12
6.2486735163707290e+15 1.8009629799606426e-06 9.0719773001804142e-12
6.6544098822982960e+15 1.6194880662200806e-06 9.0707159808806932e-12
7.0864913594250340e+15 1.4546580191309010e-06 9.0693702816592643e-12
7.5466285779590230e+15 1.3049962011604000e-06 9.0677766233566951e-12
8.0366432420640240e+15 1.1692084028615934e-06 9.0661718176213698e-12
8.5584753420687080e+15 1.0460289660478822e-06 9.0641406264372333e-12
9.1141908349767920e+15 9.3438924858177819e-07 9.0620114598313099e-12
9.7059898236845760e+15 8.3325862294156846e-07 9.0596354644493720e-12
1.0336215267288642e+16 7.4170972999660209e-07 9.0569866153008827e-12
1.1007362256966942e+16 6.5889692750875385e-07 9.0540603935086389e-12
1.1722087894158490e+16 5.8404840964041312e-07 9.0508498019806935e-12
1.2483221810148570e+16 5.1644901623849015e-07 9.0471778537532527e-12
1.3293777368708004e+16 4.5545644736111265e-07 9.0429949186305700e-12
1.4156963596136708e+16 4.0049321301638815e-07 9.0384210544448760e-12
1.5076197885945070e+16 3.5102117315941721e-07 9.0333468399129685e-12
1.6055119528469956e+16 3.0655233523861299e-07 9.0277017543633921e-12
1.7097604118991108e+16 2.6664433584669288e-07 9.0214477549093464e-12
1.8207778901388248e+16 2.3089158277636665e-07 9.0144554728802517e-12
1.9390039108087708e+16 1.9893265410469892e-07 9.0068179901978789e-12
2.0649065360987088e+16 1.7042550003700028e-07 8.9982041858344611e-12
2.1989842202250792e+16 1.4507513314286055e-07 8.9887979927914298e-12
2.3417677828338016e+16 1.2260533790977970e-07 8.9785186428963866e-12
2.4938225105394492e+16 1.0276101432118666e-07 8.9671314369686459e-12
2.6557503949206100e+16 8.5319127005771797e-08 8.9547941799174914e-12
2.8281925158319976e+16 7.0070356285600530e-08 8.9414625946095512e-12
3.0118315794686096e+16 5.6824866147395212e-08 8.9271178632681665e-12
3.2073946212306680e+16 4.5407052394396031e-08 8.9117796955937232e-12
3.4156558840897680e+16 3.5655925808867612e-08 8.8955409940204689e-12
3.6374398838521056e+16 2.7422458474917380e-08 8.8786711308174954e-12
3.8736246734538712e+16 2.0565450307610365e-08 8.8613135188189385e-12
4.1251453192128392e+16 1.4951400610588237e-08 8.8438488413346925e-12
4.3929976027983664e+16 1.0452360080691494e-08 8.8266638899646740e-12
4.6782419635764200e+16 6.9444077778017614e-09 8.8103045844012731e-12
4.9820076969370240e+16 4.3059745565037563e-09 8.7953370858615991e-12
5.3054974252261336e+16 2.4172071045222957e-09 8.7825094579224552e-12
5.6499918589823040e+16 1.1594585744962751e-09 8.7724798640257901e-12
6.0168548673276752e+16 4.1554762251068468e-10 8.7659825846507364e-12
6.4075388775879872e+16 7.0760281213200785e-11 8.7635564665203351e-12
6.8235906255182848e+16 1.4751574428026060e-11 8.7655977318760342e-12
7.2666572789002992e+16 1.4432155748848074e-10 8.7721038858152084e-12
7.7384929587542416e+16 3.6690301561271810e-10 8.7826544425608546e-12
8.2409656839838704e+16 6.0452394160023484e-10 8.7962993871785059e-12
8.7760647669481168e+16 7.9770035384330163e-10 8.8114949217843362e-12
9.3459086892394192e+16 9.0855949950767860e-10 8.8262357702898068e-12
9.9527534888482288e+16 9.2229473314136293e-10 8.8383279762433547e-12
1.0599001691920230e+17 8.4629922632805866e-10 8.8457532163463311e-12
1.1287211824466405e+17 7.0597986235370084e-10 8.8471097642465762e-12
1.2020108541684163e+17 5.3777982150910759e-10 8.8419886929214694e-12
1.2800593414990590e+17 3.7985159246920055e-10 8.8316722759606557e-12
1.3631756419475922e+17 2.6233025547794120e-10 8.8185782701148530e-12
1.4516888167255181e+17 1.9984364801902695e-10 8.8057663903245882e-12
1.5459492935151581e+17 1.8878589988605899e-10 8.7961358888540484e-12
1.6463302538287062e+17 2.1077064545961168e-10 8.7913874178626332e-12
1.7532291104508445e+17 2.4144760665342673e-10 8.7907424261122065e-12
1.8670690808139955e+17 2.6123291850633553e-10 8.7919007975279366e-12
1.9883008625354346e+17 2.6282377682065208e-10 8.7924168426466556e-12
2.1174044177495539e+17 2.5155621900247009e-10 8.7900136358709256e-12
2.2548908732998278e+17 2.3871714331030759e-10 8.7853503482129641e-12
2.4013045443131856e+17 2.3237345093316952e-10 8.7795888804267462e-12
2.5572250891684179e+17 2.3274395584008174e-10 8.7743856814244566e-12
2.7232698043899315e+17 2.3472134171680981e-10 8.7720355949848101e-12
2.9000960685528006e+17 2.3412822547365954e-10 8.7689006751707113e-12
3.0884039448745030e+17 2.3132620681127022e-10 8.7660262480012209e-12
3.2889389527968787e+17 2.2873915172416205e-10 8.7620493300948609e-12
3.5024950195315789e+17 2.2724466216204672e-10 8.7582559453783565e-12
3.7299176232539341e+17 2.2592877000431369e-10 8.7549197328200099e-12
3.9721071403895974e+17 2.2419399146063839e-10 8.7513089451808974e-12
4.2300224102455680e+17 2.2238704596767749e-10 8.7467881351241691e-12
4.5046845310987034e+17 2.2072561683478382e-10 8.7414611880540051e-12
4.7971809027701453e+17 2.1908775438309089e-10 8.7378054673514043e-12
5.1086695316907930e+17 2.1744019116296584e-10 8.7350248848991096e-12
5.4403836155011738e+17 2.1578991472617953e-10 8.7308432824715750e-12
5.7936364253371034e+17 2.1415414841212860e-10 8.7271257979210804e-12
6.1698265051297242e+17 2.1252485408190306e-10 8.7234082804557995e-12
6.5704432085046925e+17 2.1088957314650807e-10 8.7191357100331680e-12
6.9970725952005914e+17 2.0926095920399543e-10 8.7148017419827419e-12
7.4514037103517235e+17 2.0765626203684023e-10 8.7112528594790481e-12
7.9352352714944538e+17 2.0605161587073714e-10 8.7073824478619831e-12
8.4504827897719629e+17 2.0442627808293449e-10 8.7023131902282203e-12
8.9991861535295411e+17 2.0284781345960654e-10 8.6989583216956043e-12
9.5835177043255334e+17 2.0124208157466008e-10 8.6941262787439060e-12
1.0205790837330154e+18 1.9965841039503764e-10 8.6899319296474301e-12
1.0868469160162459e+18 1.9808919750926316e-10 8.6861639141343777e-12
1.1574176246424399e+18 1.9644939194844009e-10 8.6788685200049145e-12
1.2325706022548296e+18 1.9494166723163943e-10 8.6771587758668480e-12
1.3126033829078374e+18 1.9331538037011512e-10 8.6696316732767072e-12
1.3978328200179679e+18 1.9175989418954241e-10 8.6650474552118630e-12
1.4885963408008200e+18 1.9019046337745351e-10 8.6596413359750885e-12
1.5852532821608018e+18 1.8865350883726940e-10 8.6550637911601044e-12
1.6881863133223089e+18 1.8710424393669576e-10 8.6496977585922648e-12
1.7978029508345016e+18 1.8554674534368072e-10 8.6436540683348458e-12
1.9145371719478984e+18 1.8407557809254129e-10 8.6410537498243465e-12
2.0388511327500055e+18 1.8248663215203867e-10 8.6329005886232414e-12
2.1712369978623429e+18 1.8102831769030577e-10 8.6304739861489971e-12
2.3122188889424527e+18 1.7942543127929376e-10 8.6207012519880310e-12
2.4623549597054316e+18 1.7792698892243399e-10 8.6156394050162509e-12
2.6222396056798193e+18 1.7638443519881224e-10 8.6081495479321143e-12
2.7925058174466022e+18 1.7474797626214696e-10 8.5960235293726843e-12
2.9738276866775680e+18 1.7329348777238182e-10 8.5923444982830193e-12
3.1669230748949596e+18 1.7162861284200928e-10 8.5781769021162741e-12
3.3725564555178220e+18 1.6999470888908291e-10 8.5660175698863906e-12
3.5915419404471281e+18 1.6836458897093539e-10 8.5534623654857475e-12
3.8247465031716372e+18 1.6680946923061109e-10 8.5438899855963091e-12
4.0730934111554529e+18 1.6520623435903371e-10 8.5316931930104032e-12
4.3375658810958172e+18 1.6366094038306306e-10 8.5214434636755215e-12
4.6192109715228467e+18 1.6217734780670950e-10 8.5130114657504041e-12
4.9191437281516431e+18 1.6074585230728821e-10 8.5065680961774444e-12
5.2385515983990948e+18 1.5936265325925095e-10 8.5021951589203128e-12
5.5786991325421005e+18 1.5795249844352749e-10 8.4956600271245530e-12
5.9409329901297736e+18 1.5662423372497346e-10 8.4934902046647814e-12
6.3266872714695434e+18 1.5527979620730091e-10 8.4901865289321321e-12
6.7374891952956355e+18 1.5385149068683995e-10 8.4823384208910654e-12
7.1749651450973542e+18 1.5251461552435512e-10 8.4788356157216283e-12
7.6408471080454789e+18 1.5117894650055391e-10 8.4749602065573416e-12
8.1369795320078572e+18 1.4985055353455602e-10 8.4714622628413506e-12
8.6653266278025779e+18 1.4852268457337996e-10 8.4675156104829824e-12
9.2279801455977492e+18 1.4720026668226374e-10 8.4635277675563607e-12
9.8271676562457989e+18 1.4590547693965550e-10 8.4608126802660633e-12
1.0465261370337284e+19 1.4458407265329552e-10 8.4562154052313829e-12
1.1144787529890648e+19 1.4327163186363328e-10 8.4517587305788021e-12
1.1868436409859498e+19 1.4196471957231992e-10 8.4472410695354155e-12
1.2639072969052889e+19 1.4070888539946374e-10 8.4456644260603837e-12
1.3459748192637833e+19 1.3936517470050935e-10 8.4379714817636635e-12
1.4333711171128046e+19 1.3798096474808174e-10 8.4286747020358395e-12
1.5264421963681448e+19 1.3670245494664042e-10 8.4244281229275810e-12
1.6255565296630960e+19 1.3539642618480891e-10 8.4184182780844133e-12
1.7311065151483996e+19 1.3412861703824808e-10 8.4128878771222988e-12
1.8435100300143346e+19 1.3282023847044045e-10 8.4060886091299614e-12
1.9632120848855683e+19 1.3183010658442996e-10 8.4183074135418986e-12
2.0906865856383607e+19 1.3037059500814452e-10 8.3981127508510388e-12
2.2264382096155242e+19 1.2912125439431173e-10 8.3928389251031255e-12
2.3710044036669346e+19 1.2806758807998680e-10 8.4018899179909717e-12
2.5249575119261123e+19 1.2663391659967698e-10 8.3821304059117788e-12
2.6889070417465512e+19 1.2540192385432719e-10 8.3765768177078827e-12
2.8635020767691112e+19 1.2417427592279986e-10 8.3710896465632227e-12
3.0494338466736108e+19 1.2293416076281405e-10 8.3669335771776941e-12
3.2474384637886497e+19 1.2174148893386971e-10 8.3599265251039318e-12
3.4582998373936321e+19 1.2075251652777564e-10 8.3704529459708653e-12
3.6828527772513300e+19 1.1960441291343039e-10 8.3693020275564141e-12
3.9219862986576265e+19 1.1805104512286343e-10 8.3402650405705400e-12
4.1766471420936086e+19 1.1684333067809579e-10 8.3331434377583285e-12
4.4478435214139769e+19 1.1564066328608109e-10 8.3258563636800561e-12
4.7366491154116502e+19 1.1490763211828884e-10 8.3516985846546062e-12
5.0442073185608368e+19 1.1358378510883924e-10 8.3338781828680311e-12
5.3717357677678928e+19 1.1216130244605000e-10 8.3074796681714414e-12
5.7205311630509457e+19 1.1137130262584614e-10 8.3307951455481338e-12
6.0919744012343099e+19 1.0989885934997793e-10 8.2992977918402735e-12
6.4875360429819453e+19 1.0874966529486583e-10 8.2932913193329441e-12
6.9087821348136747e+19 1.0785505007490978e-10 8.3078858921568359e-12
7.3573804091547353e+19 1.0676106235149337e-10 8.3044894218142471e-12
7.8351068869641421e+19 1.0535730603287099e-10 8.2790927496067717e-12
8.3438529090826519e+19 1.0443993909352360e-10 8.2868045719123440e-12
8.8856326241367376e+19 1.0345408529749555e-10 8.2912437483514261e-12
9.4625909626448118e+19 1.0248746303701079e-10 8.2987174086004562e-12
1.0077012128894498e+20 1.0134578873614174e-10 8.2903680978537867e-12
1.0731328644211553e+20 1.0019671485360609e-10 8.2800730451351049e-12
1.1428130977421895e+20 9.9003883363402977e-11 8.2637772739247147e-12
1.2170177800635743e+20 9.7919008714888678e-11 8.2573175242219534e-12
1.2960406910955718e+20 9.6878539469522019e-11 8.2537591245107179e-12
1.3801946861349521e+20 9.5752337577693250e-11 8.2434948685044116e-12
1.4698129346732727e+20 9.4990471443389068e-11 8.2652895143208478e-12
1.5652502394300803e+20 9.3900569456862055e-11 8.2563714043623372e-12
1.6668844410329809e+20 9.2713425409978863e-11 8.2370451665526700e-12
1.7751179139059135e+20 9.1486493437629813e-11 8.2138952695781175e-12
1.8903791592877051e+20 9.0429440119501456e-11 8.2062659782061089e-12
2.0131245016880035e+20 8.9724811397147474e-11 8.2331913488920489e-12
2.1438398954967243e+20 8.8720596051000699e-11 8.2290428711764266e-12
2.2830428488996379e+20 8.7645344397988804e-11 8.2185853551853523e-12
2.4312844727166983e+20 8.6552071442431588e-11 8.2061427989782393e-12
2.5891516622748969e+20 8.5540094587595437e-11 8.1988598606974090e-12
2.7572694209535001e+20 8.4321447599449545e-11 8.1688958123082682e-12
2.9363033346009268e+20 8.3920066744842232e-11 8.2216796583983732e-12
3.1269622066192443e+20 8.2770282929781870e-11 8.2011341511292875e-12
3.3300008641491416e+20 8.1408566844898051e-11 8.1579347501935579e-12
3.5462231464648416e+20 8.0300896555152533e-11 8.1364043988377362e-12
3.7764850874104368e+20 7.9930469362761810e-11 8.1926236926371091e-12
4.0216983044766256e+20 7.8892074189631007e-11 8.1797889048959338e-12
4.2828336079358650e+20 7.7550694492570189e-11 8.1347479824667319e-12
4.5609248443244826e+20 7.6590635436985664e-11 8.1290383769485549e-12
4.8570729894879009e+20 7.5542040644485993e-11 8.1075923400477679e-12
5.1724505073941899e+20 7.4700287172529974e-11 8.1155667173741081e-12
5.5083059919721307e+20 7.3841960027946718e-11 8.1183190885073925e-12
5.8659691103515122e+20 7.3283425182486561e-11 8.1499217578132773e-12
6.2468558670754782e+20 7.2366090068108587e-11 8.1458672094457898e-12
6.6524742101270449e+20 7.0837952076664991e-11 8.0715350545284198e-12
7.0844300009636141e+20 6.9996750492105090e-11 8.0735186506571156e-12
7.5444333721957014e+20 6.9497399693843399e-11 8.1121585151852399e-12
8.0343054980793434e+20 6.8066506810242464e-11 8.0427903238455900e-12
8.5559858046279719e+20 6.7138454369247867e-11 8.0331064099706334e-12
9.1115396478880357e+20 6.6776967173785065e-11 8.0844463412295274e-12
9.7031664907777579e+20 6.5497465110959336e-11 8.0356986147120621e-12
1.0333208610860373e+21 6.4372907158169481e-11 7.9930759605061371e-12
1.1004160373527755e+21 6.3758474038704911e-11 8.0253756928381295e-12
1.1718678107306214e+21 6.3072138587624469e-11 8.0352189116145512e-12
1.2479590620382256e+21 6.2344731435246178e-11 8.0369164369402552e-12
1.3289910399982216e+21 6.1065539130202279e-11 7.9847878056153292e-12
1.4152845538946491e+21 5.9877084917228529e-11 7.9294085854619144e-12
1.5071812436714696e+21 5.8973975575266213e-11 7.9118161455878282e-12
1.6050449325006830e+21 5.8091229301358888e-11 7.8905539868839815e-12
1.7092630671747313e+21 5.7847092142701601e-11 7.9629904420084950e-12
1.8202482520260078e+21 5.6698468573788679e-11 7.9192899076117926e-12
1.9384398824461372e+21 5.5543545408824945e-11 7.8631056054124321e-12
2.0643058844723650e+21 5.3353686298445140e-11 7.6348823175721560e-12
2.1983445673279179e+21 5.4602160931380325e-11 7.9193728572616361e-12
2.3410865962509088e+21 5.1517421731062236e-11 7.5622857605684412e-12
2.4930970934221975e+21 5.2406498283238795e-11 7.8239866653101512e-12
2.6549778753096809e+21 5.2010287538292521e-11 7.8569833419988978e-12
2.8273698352871160e+21 4.9272699754908332e-11 7.5286971941166274e-12
3.0109554809600784e+21 4.9620376073553698e-11 7.7176849083971869e-12
3.2064616362446925e+21 4.7630283017605075e-11 7.4865806625105075e-12
3.4146623188964076e+21 4.8531413444429022e-11 7.7424798124148620e-12
3.6363818048815717e+21 4.5253953745491906e-11 7.3123934737675604e-12
3.8724978917233928e+21 4.5027404299197172e-11 7.3722073329521620e-12
4.1239453737423581e+21 4.3625389284897892e-11 7.2478626466191978e-12
4.3917197429492563e+21 4.2870256730420536e-11 7.2253768587230556e-12
4.6768811302434201e+21 4.2724117292024503e-11 7.2921629669433840e-12
4.9805585025190718e+21 4.1438971816728612e-11 7.1798786320138097e-12
5.3039541322967375e+21 4.0755113613788416e-11 7.1720372851721916e-12
5.6483483575745658e+21 3.9796276114201282e-11 7.1070405067080134e-12
6.0151046507448154e+21 3.8761875939261848e-11 7.0201780503095026e-12
6.4056750166429474e+21 3.8053114771089981e-11 6.9867294954977656e-12
6.8216057411009658e+21 3.7291685339523079e-11 6.9552766718287825e-12
7.2645435127630188e+21 3.6993911298825105e-11 6.9873952762552090e-12
7.7362419424007805e+21 3.5958787452736747e-11 6.9064820594112792e-12
8.2385685055380988e+21 3.5418344031210816e-11 6.8961097083109583e-12
8.7735119358717392e+21 3.4615719469959702e-11 6.8400936706867142e-12
9.3431900987580995e+21 3.3802283179841048e-11 6.7784666929454176e-12
9.9498583759386764e+21 3.2945916868009544e-11 6.7175257340432444e-12
1.0595918594698755e+22 3.2753381539077001e-11 6.7901088254327178e-12
1.1283928536811137e+22 3.1097719520485490e-11 6.5390820409814808e-12
1.2016612064909949e+22 3.1099526078003363e-11 6.6415418489099454e-12
1.2796869906386844e+22 3.0633960415531867e-11 6.6428288397188652e-12
1.3627791137502927e+22 3.0017306441667110e-11 6.6206716264382430e-12
1.4512665413181485e+22 2.8995479876351063e-11 6.5216759728099491e-12
1.5454995990901749e+22 2.7989447651996479e-11 6.3914800654170534e-12
1.6458513600254266e+22 2.7175460190300357e-11 6.3896720933634651e-12
1.7527191213069461e+22 2.7405279903174759e-11 6.4792684574951845e-12
1.8665259772592913e+22 2.6698486281653768e-11 6.4503719656240766e-12
1.9877224943982505e+22 2.6184512447046102e-11 6.3987177563394322e-12
2.1167884952441276e+22 2.5690742162680479e-11 6.4326561599634211e-12
2.2542349579609803e+22 2.4467451707788054e-11 6.2254516909079567e-12
2.4006060393422958e+22 2.4218818101310417e-11 6.3078255152204403e-12
2.5564812291525363e+22 2.3348922016344566e-11 6.1527989422660103e-12
2.7224776443534212e+22 2.2191463313955640e-11 6.0040752484355863e-12
2.8992524722981147e+22 2.1662571542096424e-11 5.9486282991942082e-12
3.0875055725657010e+22 2.1583037158430151e-11 6.0163664850798518e-12
3.2879822477371548e+22 2.0947544972270768e-11 5.9915995671802321e-12
3.5014761940820859e+22 2.0122649491721507e-11 5.9136515986827981e-12
3.7288326438384642e+22 1.9385683370137700e-11 5.8060599478028200e-12
3.9709517115252994e+22 1.8835837044387443e-11 5.7255046449359660e-12
4.2287919575370471e+22 1.8054179737747968e-11 5.5701890772270295e-12
4.5033741831277203e+22 1.8529902387759638e-11 5.8846633532966762e-12
4.7957854718095952e+22 1.9842823298734324e-11 6.4029193114318602e-12
5.1071834931660367e+22 1.9242331177497929e-11 6.2474134546361324e-12
5.4388010861181442e+22 1.9150262895920994e-11 6.3142903811898236e-12
5.7919511397899933e+22 1.9150301474189660e-11 6.4359604060051303e-12
6.1680317912965418e+22 1.6415974681843585e-11 5.7009934470532291e-12
6.5685319610317461e+22 1.8001016753871160e-11 6.3041143401212780e-12
6.9950372473722617e+22 1.7635908056722043e-11 6.3269136862588145e-12
7.4492362041333790e+22 1.6488480844134827e-11 6.1368055872490079e-12
7.9329270256305760e+22 1.6207675655720396e-11 6.1022028257467732e-12
8.4480246658121937e+22 1.7599302369601720e-11 6.7389487616281890e-12
8.9965684196493178e+22 1.6564857416589212e-11 6.5050221027140871e-12
