# k_modes P_scalar P_tensor
4.5653537606807526e-05 2.8384897490886642e-09 7.4005317258093647e-12
4.8505617730106634e-05 2.8333236462085720e-09 7.4003581076513883e-12
5.1535873772647315e-05 2.8281616858452684e-09 7.4001827919644255e-12
5.4755436788546047e-05 2.8230043665336414e-09 7.4000070721734916e-12
5.8176133214136777e-05 2.8178520755073979e-09 7.3998319400939935e-12
6.1810528310075625e-05 2.8127040387021344e-09 7.3996553810485924e-12
6.5671972317374254e-05 2.8075606531998514e-09 7.3994784329800442e-12
6.9774649496903566e-05 2.8024226183004636e-09 7.3993029350458006e-12
7.4133630232508464e-05 2.7972887774066654e-09 7.3991258476440049e-12
7.8764926389120342e-05 2.7921598283658711e-09 7.3989490167182935e-12
8.3685550129218814e-05 2.7870355418192211e-09 7.3987717994281518e-12
8.8913576403688865e-05 2.7819158419403551e-09 7.3985940358962662e-12
9.4468209346626315e-05 2.7768005174833692e-09 7.3984151325389664e-12
1.0036985281797466e-04 2.7716909126587803e-09 7.3982386901105011e-12
1.0664018535312354e-04 2.7665846869230711e-09 7.3980584776503202e-12
1.1330223979477604e-04 2.7614835420169103e-09 7.3978789922746357e-12
1.2038048789960135e-04 2.7563873183051738e-09 7.3976998400432918e-12
1.2790093023045616e-04 2.7512955196882142e-09 7.3975196850191415e-12
1.3589119166437747e-04 2.7462087699015803e-09 7.3973401830816420e-12
1.4438062286717689e-04 2.7411266273681740e-09 7.3971601475511646e-12
1.5340040810738189e-04 2.7360485616530577e-09 7.3969781973932053e-12
1.6298367980556032e-04 2.7309754773106759e-09 7.3967967201210786e-12
1.7316564023980014e-04 2.7259076310557581e-09 7.3966164262214525e-12
1.8398369085440711e-04 2.7208443848942804e-09 7.3964355955061174e-12
1.9547756964681043e-04 2.7157842524311860e-09 7.3962501802166252e-12
2.0768949713733992e-04 2.7107307158734301e-09 7.3960696291444594e-12
2.2066433145806689e-04 2.7056810244625030e-09 7.3958864898952039e-12
2.3444973313039655e-04 2.7006364650407578e-09 7.3957042276354597e-12
2.4909634013669103e-04 2.6955960002995205e-09 7.3955200674144481e-12
2.6465795392901359e-04 2.6905606451692396e-09 7.3953367278817523e-12
2.8119173705826276e-04 2.6855300700346089e-09 7.3951533370272315e-12
2.9875842314964324e-04 2.6805034814134240e-09 7.3949676948037902e-12
3.1742253999578749e-04 2.6754824066682200e-09 7.3947840375278923e-12
3.3725264658700433e-04 2.6704656005613252e-09 7.3945988764001124e-12
3.5832158494934942e-04 2.6654534633715061e-09 7.3944133573843961e-12
3.8070674771559042e-04 2.6604458263304193e-09 7.3942270044925621e-12
4.0449036241193751e-04 2.6554429987719621e-09 7.3940406740966964e-12
4.2975979350481165e-04 2.6504450806249139e-09 7.3938546326969619e-12
4.5660786331715923e-04 2.6454515815726918e-09 7.3936675191406659e-12
4.8513319299314046e-04 2.6404631730442001e-09 7.3934811984831248e-12
5.1544056476364810e-04 2.6354787919633693e-09 7.3932927275651483e-12
5.4764130684338812e-04 2.6304995507035690e-09 7.3931051905780790e-12
5.8185370237333876e-04 2.6255244378965382e-09 7.3929157815258802e-12
6.1820342391079091e-04 2.6205543945301145e-09 7.3927270686225454e-12
6.5682399506294866e-04 2.6155893415189270e-09 7.3925389055851349e-12
6.9785728095984813e-04 2.6106282489749263e-09 7.3923483706290766e-12
7.4145400936821563e-04 2.6056724769462705e-09 7.3921592846290042e-12
7.8777432436050285e-04 2.6007209769187277e-09 7.3919686936250213e-12
8.3698837457287867e-04 2.5957741988752909e-09 7.3917778659535306e-12
8.8927693821303400e-04 2.5908328366983670e-09 7.3915887704187976e-12
9.4483208711364274e-04 2.5858952961674742e-09 7.3913968858774614e-12
1.0038578922707487e-03 2.5809628593894589e-09 7.3912058367525147e-12
1.0665711734587442e-03 2.5760351054040828e-09 7.3910144484279196e-12
1.1332022956754789e-03 2.5711110910107538e-09 7.3908200250542149e-12
1.2039960153431338e-03 2.5661926288296744e-09 7.3906277118974360e-12
1.2792123793731458e-03 2.5612792526196366e-09 7.3904361992810294e-12
1.3591276803977996e-03 2.5563694003255755e-09 7.3902410257473407e-12
1.4440354716772697e-03 2.5514651132719055e-09 7.3900480367060541e-12
1.5342476454102325e-03 2.5465651999938772e-09 7.3898537827749875e-12
1.6300955784089796e-03 2.5416701346347996e-09 7.3896596574422947e-12
1.7319313493474587e-03 2.5367794289631230e-09 7.3894642258243468e-12
1.8401290320535634e-03 2.5318939740633227e-09 7.3892700854870727e-12
1.9550860695963239e-03 2.5270124628482527e-09 7.3890734502377754e-12
2.0772247342154570e-03 2.5221359532071712e-09 7.3888773662018554e-12
2.2069936784559967e-03 2.5172640959433687e-09 7.3886808228115903e-12
2.3448695832058788e-03 2.5123970996846180e-09 7.3884844533458395e-12
2.4913589086901088e-03 2.5075348578092585e-09 7.3882879296818158e-12
2.6469997548535791e-03 2.5026767261137979e-09 7.3880893323854202e-12
2.8123638379661644e-03 2.4978239233642892e-09 7.3878922875672747e-12
2.9880585907108583e-03 2.4929752393518156e-09 7.3876932055246580e-12
3.1747293934691746e-03 2.4881314738195796e-09 7.3874944475621721e-12
3.3730619450000085e-03 2.4832931333274826e-09 7.3872975220267151e-12
3.5837847812201932e-03 2.4784585991825190e-09 7.3870976141087154e-12
3.8076719513389845e-03 2.4736286300781026e-09 7.3868969885551083e-12
4.0455458611767733e-03 2.4688033446865737e-09 7.3866960024457943e-12
4.2982802941123003e-03 2.4639831117955047e-09 7.3864957192029814e-12
4.5668036207554075e-03 2.4591674035514378e-09 7.3862945894514356e-12
4.8521022091352261e-03 2.4543568309000113e-09 7.3860944347940283e-12
5.1552240479306273e-03 2.4495503708537115e-09 7.3858921832922815e-12
5.4772825960520853e-03 2.4447487746311617e-09 7.3856901395677983e-12
5.8194608727156483e-03 2.4399516335875924e-09 7.3854869783487564e-12
6.1830158030331305e-03 2.4351596192006350e-09 7.3852847881619987e-12
6.5692828350811762e-03 2.4303718548623194e-09 7.3850809105216134e-12
6.9796808454091119e-03 2.4255887787248263e-09 7.3848766529738957e-12
7.4157173510050085e-03 2.4208108191560115e-09 7.3846733173707308e-12
7.8789940468650971e-03 2.4160375170846284e-09 7.3844695229153066e-12
8.3712126895077107e-03 2.4112684379008102e-09 7.3842639733981774e-12
8.8941813480437042e-03 2.4065033364414011e-09 7.3840558271862537e-12
9.4498210457654129e-03 2.4017450031625708e-09 7.3838536899540817e-12
1.0040172816650803e-02 2.3969902791961356e-09 7.3836478681099081e-12
1.0667405202703366e-02 2.3922396138261100e-09 7.3834397308444258e-12
1.1333822219667932e-02 2.3874942491607894e-09 7.3832331088006411e-12
1.2041871820382801e-02 2.3827532503644161e-09 7.3830250907281837e-12
1.2794154886856687e-02 2.3780172510456138e-09 7.3828176645095259e-12
1.3593434784101138e-02 2.3732858667162028e-09 7.3826096242688204e-12
1.4442647510812532e-02 2.3685589556778740e-09 7.3824005362665134e-12
1.5344912484190244e-02 2.3638369703298101e-09 7.3821917813239451e-12
1.6303543998506854e-02 2.3591194451255651e-09 7.3819819510138923e-12
1.7322063399521269e-02 2.3544070176317078e-09 7.3817730136603600e-12
1.8404212019455045e-02 2.3496986863623223e-09 7.3815618270998761e-12
1.9553964920046133e-02 2.3449953003476638e-09 7.3813510466711401e-12
2.0775545494162183e-02 2.3402969272208907e-09 7.3811408918619765e-12
2.2073440979609997e-02 2.3356026798964978e-09 7.3809285800100618e-12
2.3452418942127743e-02 2.3309136695779048e-09 7.3807176110802332e-12
2.4917544788107166e-02 2.3262287323512796e-09 7.3805042966740295e-12
2.6474200371375264e-02 2.3215487173219736e-09 7.3802913282219725e-12
2.8128103762383887e-02 2.3168735989733692e-09 7.3800785988714152e-12
2.9885330252425461e-02 2.3122029814643864e-09 7.3798649076177187e-12
3.1752334670029761e-02 2.3075369359953040e-09 7.3796504234593153e-12
3.3735975091516636e-02 2.3028760601202299e-09 7.3794370704618434e-12
3.5843538032800798e-02 2.2982194454374953e-09 7.3792219569635356e-12
3.8082765214985756e-02 2.2935675799641197e-09 7.3790066376366126e-12
4.0461882002065443e-02 2.2889205840380440e-09 7.3787914869828881e-12
4.2989627615193114e-02 2.2842775361063600e-09 7.3785735489365205e-12
4.5675287234504681e-02 2.2796396995453494e-09 7.3783568832830251e-12
4.8528726106415579e-02 2.2750066670454327e-09 7.3781401759848421e-12
5.1560425781677952e-02 2.2703783882004854e-09 7.3779232679963429e-12
5.4781522617311514e-02 2.2657543415676841e-09 7.3777044671229579e-12
5.8203848683837406e-02 2.2611353327575852e-09 7.3774863999856223e-12
6.1839975228079873e-02 2.2565206478164742e-09 7.3772667303880342e-12
6.5703258851187746e-02 2.2519108801092802e-09 7.3770473693339829e-12
6.9807890571501788e-02 2.2473058954880686e-09 7.3768279039717487e-12
7.4168947952490710e-02 2.2427052123261791e-09 7.3766067651511221e-12
7.8802450487237594e-02 2.2381096745727973e-09 7.3763866709750574e-12
8.3725418442921348e-02 2.2335188111509443e-09 7.3761661263272911e-12
8.8955935381445597e-02 2.2289323548479968e-09 7.3759442211608191e-12
9.4513214585874097e-02 2.2243510602455534e-09 7.3757234754433967e-12
1.0041766963667578e-01 2.2197737164466253e-09 7.3754998618010560e-12
1.0669098939702835e-01 2.2152011539339597e-09 7.3752761130214431e-12
1.1335621768262373e-01 2.2106338183802339e-09 7.3750537262350468e-12
1.2043783790862733e-01 2.2060709629178297e-09 7.3748302033988133e-12
1.2796186302472484e-01 2.2015126516949764e-09 7.3746057809290042e-12
1.3595593106861564e-01 2.1969586895689326e-09 7.3743797745666238e-12
1.4444940668894984e-01 2.1924100280328150e-09 7.3741554006766652e-12
1.5347348901063332e-01 2.1878655170641029e-09 7.3739287654805163e-12
1.6306132623872427e-01 2.1833263986674462e-09 7.3737040568349275e-12
1.7324813742189352e-01 2.1787911435884664e-09 7.3734761571407655e-12
1.8407134182272630e-01 2.1742612777250066e-09 7.3732501472177360e-12
1.9557069637007951e-01 2.1697355637662647e-09 7.3730218939682498e-12
2.0778844169840005e-01 2.1652146560498721e-09 7.3727935726444826e-12
2.2076945731045078e-01 2.1606984748642122e-09 7.3725649605433494e-12
2.3456142643340414e-01 2.1561867967234793e-09 7.3723352577209492e-12
2.4921501117387024e-01 2.1516803479042393e-09 7.3721069457883284e-12
2.6478403861525707e-01 2.1471782231878697e-09 7.3718769376237630e-12
2.8132569854105532e-01 2.1426806720068218e-09 7.3716460879228381e-12
2.9890075351034545e-01 2.1381878738591643e-09 7.3714150038557042e-12
3.1757376205719828e-01 2.1336998843986343e-09 7.3711838714239192e-12
3.3741331583385048e-01 2.1292165581692990e-09 7.3709521916770297e-12
3.5849229156874929e-01 2.1247376159671140e-09 7.3707190133182761e-12
3.8088811876499129e-01 2.1202637915720588e-09 7.3704868515734440e-12
4.0468306412248878e-01 2.1157943662243209e-09 7.3702532220056945e-12
4.2996453372863486e-01 2.1113297183488031e-09 7.3700194517366393e-12
4.5682539412750461e-01 2.1068699080993263e-09 7.3697857117452750e-12
4.8536431344698150e-01 2.1024144368913137e-09 7.3695502950758891e-12
5.1568612383686108e-01 2.0979638633183094e-09 7.3693151331312088e-12
5.4790220654929944e-01 2.0935179356952383e-09 7.3690793600613156e-12
5.8213090107609489e-01 2.0890766117137743e-09 7.3688428248615744e-12
6.1849793984572177e-01 2.0846398634954375e-09 7.3686054167143449e-12
6.5713691007685660e-01 2.0802084469542888e-09 7.3683697767701192e-12
6.9818974448496163e-01 2.0757810252657880e-09 7.3681312321528690e-12
7.4180724264440145e-01 2.0713583478998505e-09 7.3678924033641268e-12
7.8814962492125729e-01 2.0669405611089265e-09 7.3676538080347613e-12
8.3738712101155766e-01 2.0625271392949613e-09 7.3674135762244196e-12
8.8970059524685119e-01 2.0581187787681592e-09 7.3671741891592924e-12
9.4528221096402287e-01 2.0537152481188998e-09 7.3669348083212858e-12
1.0043361363797987e+00 2.0493160794954372e-09 7.3666937903098866e-12
1.0670792945628531e+00 2.0449218318793573e-09 7.3664531191523434e-12
1.1337421602583462e+00 2.0405317168367046e-09 7.3662099516996162e-12
1.2045696064919316e+00 2.0361462358460715e-09 7.3659660798372259e-12
1.2798218040630041e+00 2.0317662618319861e-09 7.3657246964681619e-12
1.3597751772313684e+00 2.0273905654359460e-09 7.3654813247044277e-12
1.4447234191077838e+00 2.0230192987538922e-09 7.3652364936224757e-12
1.5349785704783045e+00 2.0186530078915719e-09 7.3649922129547088e-12
1.6308721660251797e+00 2.0142916291993149e-09 7.3647482486208333e-12
1.7327564521548218e+00 2.0099346057083802e-09 7.3645025695760005e-12
1.8410056809062021e+00 2.0055824108814621e-09 7.3642568682852485e-12
1.9560174846926928e+00 2.0012343844362310e-09 7.3640088113556469e-12
2.0782143369271160e+00 1.9968917528974138e-09 7.3637628164054021e-12
2.2080451038953530e+00 1.9925534139253453e-09 7.3635148460801001e-12
2.3459866935790630e+00 1.9882199452886861e-09 7.3632670288927757e-12
2.4925458074840354e+00 1.9838909747470661e-09 7.3630180012834094e-12
2.6482608019093079e+00 1.9795665868172600e-09 7.3627680724376112e-12
2.8137036654939132e+00 1.9752469872290874e-09 7.3625179876921733e-12
2.9894821203055444e+00 1.9709321873580657e-09 7.3622677969332665e-12
3.1762418541889081e+00 1.9666219658179141e-09 7.3620166575556861e-12
3.3746688925740433e+00 1.9623166877850715e-09 7.3617659661007694e-12
3.5854921184567856e+00 1.9580157587952300e-09 7.3615134794073296e-12
3.8094859498082334e+00 1.9537192980679538e-09 7.3612596262536183e-12
4.0474731842479930e+00 1.9494281166012636e-09 7.3610074759382346e-12
4.3003280214306105e+00 1.9451413770807540e-09 7.3607538520833884e-12
4.5689792742474360e+00 1.9408596341044070e-09 7.3605008813352617e-12
4.8544137806394136e+00 1.9365816801539681e-09 7.3602439511369933e-12
5.1576800285537256e+00 1.9323093800487892e-09 7.3599901388888174e-12
5.4798920073595339e+00 1.9280411425545132e-09 7.3597334257646006e-12
5.8222332998705841e+00 1.9237781289916427e-09 7.3594782066209849e-12
6.1859614300055643e+00 1.9195191475203554e-09 7.3592199551061356e-12
6.5724124820568655e+00 1.9152654588684547e-09 7.3589634455450770e-12
6.9830060085353534e+00 1.9110159587770661e-09 7.3587044949638541e-12
7.4192502446195290e+00 1.9067711917554131e-09 7.3584451482301001e-12
7.8827476483630434e+00 1.9025312761118255e-09 7.3581858845217809e-12
8.3752007870115293e+00 1.8982961403240200e-09 7.3579264087011463e-12
8.8984185910511808e+00 1.8940657300074906e-09 7.3576665356229981e-12
9.4543229989616862e+00 1.8898395928440883e-09 7.3574044825354743e-12
1.0044956017082246e+01 1.8856185243426721e-09 7.3571433448822899e-12
1.0672487220523141e+01 1.8814021518901453e-09 7.3568816932602913e-12
1.1339221722676596e+01 1.8771898384794290e-09 7.3566170221534717e-12
1.2047608642600739e+01 1.8729827714011459e-09 7.3563539502657331e-12
1.2800250101380611e+01 1.8687806183385210e-09 7.3560912077639575e-12
1.3599910780511889e+01 1.8645828199024195e-09 7.3558265702304780e-12
1.4449528077418949e+01 1.8603896808601525e-09 7.3555612653918159e-12
1.5352222895410751e+01 1.8562010879672414e-09 7.3552948089661522e-12
1.6311311107710196e+01 1.8520171481071766e-09 7.3550276606200377e-12
1.7330315737667128e+01 1.8478381890833818e-09 7.3547610701721202e-12
1.8412979899896868e+01 1.8436638839141044e-09 7.3544937570172367e-12
1.9563280549881394e+01 1.8394942759019296e-09 7.3542259084765001e-12
2.0785443092538788e+01 1.8353296575477979e-09 7.3539586609533026e-12
2.2083956903423775e+01 1.8311690634227337e-09 7.3536882011949760e-12
2.3463591819572251e+01 1.8270133348372894e-09 7.3534178494172314e-12
2.4929415660566981e+01 1.8228621387910262e-09 7.3531462901556277e-12
2.6486812844183319e+01 1.8187162364264111e-09 7.3528765407921458e-12
2.8141504164997354e+01 1.8145746501646454e-09 7.3526047241544997e-12
2.9899567808607745e+01 1.8104377424881238e-09 7.3523322528138145e-12
3.1767461678664560e+01 1.8063054897681852e-09 7.3520590642738080e-12
3.3752047118717698e+01 1.8021778773021009e-09 7.3517850654869299e-12
3.5860614116022973e+01 1.7980551735477980e-09 7.3515113615231728e-12
3.8100908079887922e+01 1.7939370098877897e-09 7.3512364334792924e-12
4.0481158292920504e+01 1.7898237243968620e-09 7.3509616973470122e-12
4.3010108139693209e+01 1.7857145472340276e-09 7.3506839680095312e-12
4.5697047223859002e+01 1.7816107520963245e-09 7.3504084564225363e-12
4.8551845491697932e+01 1.7775110744229972e-09 7.3501299931921791e-12
5.1584989487437554e+01 1.7734162261256924e-09 7.3498514742979481e-12
5.4807620873527149e+01 1.7693262600026083e-09 7.3495731622695296e-12
5.8231577357359221e+01 1.7652408826408533e-09 7.3492937886526122e-12
6.1869436174777874e+01 1.7611601648956366e-09 7.3490136894869142e-12
6.5734560290099466e+01 1.7570842135264577e-09 7.3487332787452676e-12
6.9841147482353421e+01 1.7530128846966833e-09 7.3484519572547510e-12
7.4204282498053203e+01 1.7489462461004858e-09 7.3481700271682942e-12
7.8839992462067286e+01 1.7448841846184150e-09 7.3478869652173113e-12
8.3765305750135298e+01 1.7408269904774723e-09 7.3476040616723689e-12
8.8998314539281353e+01 1.7367744212625246e-09 7.3473202221246644e-12
9.4558241265896413e+01 1.7327263568930680e-09 7.3470349458898059e-12
1.0046550923560510e+02 1.7286832241183504e-09 7.3467500989188447e-12
1.0674181764429403e+02 1.7246444899282914e-09 7.3464633512260930e-12
1.1341022128587107e+02 1.7206111875255323e-09 7.3461791125678950e-12
1.2049521523955246e+02 1.7165815998206716e-09 7.3458901010832689e-12
1.2802282484775358e+02 1.7125569877696973e-09 7.3456016270363852e-12
1.3602070131510615e+02 1.7085372340764863e-09 7.3453132243284462e-12
1.4451822327976080e+02 1.7045226266656208e-09 7.3450261330953223e-12
1.5354660473007905e+02 1.7005119736146056e-09 7.3447352267373375e-12
1.6313900966312937e+02 1.6965061181199434e-09 7.3444441481988099e-12
1.7333067390615471e+02 1.6925050130319454e-09 7.3441526356821566e-12
1.8415903454850911e+02 1.6885086320224633e-09 7.3438606310833146e-12
1.9566386745949558e+02 1.6845169785681498e-09 7.3435680960593088e-12
2.0788743339726128e+02 1.6805303051657647e-09 7.3432761729215528e-12
2.2087463324544098e+02 1.6765477232511266e-09 7.3429809746660759e-12
2.3467317294779235e+02 1.6725700907821346e-09 7.3426862447775955e-12
2.4933373874666552e+02 1.6685973540958233e-09 7.3423917424073124e-12
2.6491018336902442e+02 1.6646289355661718e-09 7.3420948933659483e-12
2.8145972384392695e+02 1.6606653129199989e-09 7.3417978641987035e-12
2.9904315167811126e+02 1.6567062959632540e-09 7.3414997544526474e-12
3.1772505616173476e+02 1.6527523353652433e-09 7.3412025984723236e-12
3.3757406162451963e+02 1.6488026964935189e-09 7.3409031013988498e-12
3.5866307951383891e+02 1.6448579264006571e-09 7.3406037007232759e-12
3.8106957622068199e+02 1.6409179107777344e-09 7.3403039377330666e-12
4.0487585763732733e+02 1.6369824973039105e-09 7.3400030592057891e-12
4.3016937149196701e+02 1.6330518830907297e-09 7.3397019628536078e-12
4.5704302857087453e+02 1.6291255519004559e-09 7.3393983603860045e-12
4.8559554400803631e+02 1.6252039997655757e-09 7.3390944409156114e-12
5.1593179989593546e+02 1.6212873120637969e-09 7.3387905839154217e-12
5.4816323054944451e+02 1.6173749141922141e-09 7.3384842267080250e-12
5.8240823183802752e+02 1.6134680034372105e-09 7.3381807508595866e-12
6.1879259608986570e+02 1.6095652377495476e-09 7.3378740979446529e-12
6.5744997416541264e+02 1.6056671634770951e-09 7.3375667214459142e-12
6.9852236639775413e+02 1.6017738114870939e-09 7.3372587825185571e-12
7.4216064420310488e+02 1.5978855135306585e-09 7.3369517647614552e-12
7.8852510427751940e+02 1.5940018461009095e-09 7.3366437498651101e-12
8.3778605741550643e+02 1.5901223006127454e-09 7.3363324153767721e-12
8.9012445411350257e+02 1.5862479175493767e-09 7.3360224965288823e-12
9.4573254925618949e+02 1.5823780105940126e-09 7.3357108746813777e-12
1.0048146083273023e+03 1.5785126087607317e-09 7.3353976593058351e-12
1.0675876577389988e+03 1.5746521557500827e-09 7.3350848999304121e-12
1.1342822820360398e+03 1.5707967558624470e-09 7.3347730755336353e-12
1.2051434709031007e+03 1.5669454306491531e-09 7.3344576229921944e-12
1.2804315190865543e+03 1.5630987402060562e-09 7.3341411748194589e-12
1.3604229825364321e+03 1.5592570754952907e-09 7.3338255364995452e-12
1.4454116942807086e+03 1.5554201710374453e-09 7.3335094879427476e-12
1.5357098437635987e+03 1.5515877133743004e-09 7.3331914945068578e-12
1.6316491236125239e+03 1.5477600373848505e-09 7.3328732280755309e-12
1.7335819480462637e+03 1.5439369702956471e-09 7.3325537672484134e-12
1.8418827473997762e+03 1.5401190747512533e-09 7.3322358287653402e-12
1.9569493435209786e+03 1.5363051073847698e-09 7.3319135002913647e-12
2.0792044110916277e+03 1.5324960570581945e-09 7.3315914813056018e-12
2.2090970302402920e+03 1.5286919391654668e-09 7.3312698398725838e-12
2.3471043361505390e+03 1.5248924249261614e-09 7.3309469908784300e-12
2.4937332717238892e+03 1.5210977396734470e-09 7.3306240367898453e-12
2.6495224497356512e+03 1.5173073709210713e-09 7.3302984930181190e-12
2.8150441313237834e+03 1.5135217712622230e-09 7.3299725632986142e-12
2.9909063280785308e+03 1.5097409510700490e-09 7.3296462493565131e-12
3.1777550354542836e+03 1.5059648383206218e-09 7.3293192031290967e-12
3.3762766057078384e+03 1.5021934458434385e-09 7.3289915100590445e-12
3.5872002690793984e+03 1.4984267444222363e-09 7.3286630345268783e-12
3.8113008124775806e+03 1.4946646905835127e-09 7.3283335443265360e-12
4.0494014255078441e+03 1.4909074542030509e-09 7.3280038338229645e-12
4.3023767242988815e+03 1.4871545292859155e-09 7.3276714833033065e-12
4.5711559642342299e+03 1.4834064964831327e-09 7.3273393092958292e-12
4.8567264533905736e+03 1.4796632732215568e-09 7.3270068914487956e-12
5.1601371792211776e+03 1.4759245936622191e-09 7.3266729341358043e-12
5.4825026618066704e+03 1.4721902855437286e-09 7.3263365673792639e-12
5.8250070478269481e+03 1.4684610767571581e-09 7.3260013776286314e-12
6.1889084602929197e+03 1.4647368691226868e-09 7.3256669204307069e-12
6.5755436200157255e+03 1.4610170716016927e-09 7.3253302285065337e-12
6.9863327557898756e+03 1.4573015186708263e-09 7.3249904697743589e-12
7.4227848213264278e+03 1.4535909686478396e-09 7.3246514234979671e-12
7.8865030380999760e+03 1.4498852007779497e-09 7.3243119944823287e-12
8.3791907844696907e+03 1.4461842729159350e-09 7.3239724628753128e-12
8.9026578527074325e+03 1.4424876877131181e-09 7.3236303197187666e-12
9.4588270969163095e+03 1.4387960886001215e-09 7.3232888370253511e-12
1.0049741496259929e+04 1.4351088039893220e-09 7.3229445716812574e-12
1.0677571659447660e+04 1.4314266694337549e-09 7.3226017801655997e-12
1.1344623798041879e+04 1.4277487977360011e-09 7.3222559492469252e-12
1.2053348197876267e+04 1.4240761370555944e-09 7.3219118985105552e-12
1.2806348219702395e+04 1.4204075588873775e-09 7.3215638628953757e-12
1.3606389862127415e+04 1.4167438428173300e-09 7.3212158338625635e-12
1.4456411921969840e+04 1.4130848996495870e-09 7.3208673125829488e-12
1.5359536789356380e+04 1.4094306891120470e-09 7.3205181335687556e-12
1.6319081917212423e+04 1.4057811213001024e-09 7.3201678362440400e-12
1.7338572007277893e+04 1.4021362651652311e-09 7.3198167495717575e-12
1.8421751957411205e+04 1.3984962378197755e-09 7.3194654833849711e-12
1.9572600617740311e+04 1.3948605553523622e-09 7.3191115101561199e-12
2.0795345406192482e+04 1.3912298315453256e-09 7.3187580653296737e-12
2.2094477837088638e+04 1.3876037041531661e-09 7.3184031849481670e-12
2.3474770019844731e+04 1.3839821242049141e-09 7.3180466353269715e-12
2.4941292188383835e+04 1.3803654797000682e-09 7.3176904557369046e-12
2.6499431325651432e+04 1.3767534374715897e-09 7.3173329070159233e-12
2.8154910951645423e+04 1.3731459584804667e-09 7.3169737641303853e-12
2.9913812147649918e+04 1.3695434735378473e-09 7.3166152953647235e-12
3.1782595893899936e+04 1.3659455287388874e-09 7.3162551007887314e-12
3.3768126802731924e+04 1.3623521871020339e-09 7.3158934964884954e-12
3.5877698334396860e+04 1.3587635835642406e-09 7.3155311964689412e-12
3.8119059588163022e+04 1.3551796727877207e-09 7.3151679666832210e-12
4.0500443767119847e+04 1.3516005510693873e-09 7.3148043388047788e-12
4.3030598421241804e+04 1.3480258311632165e-09 7.3144382054297879e-12
4.5718817579806848e+04 1.3444561042046533e-09 7.3140727494565251e-12
4.8574975891198294e+04 1.3408908860202882e-09 7.3137053125540007e-12
5.1609564895498625e+04 1.3373304985790596e-09 7.3133376891580382e-12
5.4833731563113412e+04 1.3337745855971647e-09 7.3129679321262338e-12
5.8259319240992620e+04 1.3302238373109234e-09 7.3125997801730995e-12
6.1898911156853173e+04 1.3266771231379454e-09 7.3122270776476845e-12
6.5765876641210431e+04 1.3231354975030915e-09 7.3118555573453592e-12
6.9874420237003287e+04 1.3195984235709156e-09 7.3114822831808457e-12
7.4239633877211760e+04 1.3160659736030321e-09 7.3111076788673575e-12
7.8877552322126008e+04 1.3125384495048540e-09 7.3107333532427340e-12
8.3805212059908867e+04 1.3090155100177839e-09 7.3103574561230701e-12
8.9040713886810205e+04 1.3054974026092342e-09 7.3099813455893121e-12
9.4603289396907508e+04 1.3019837684117586e-09 7.3096030119276653e-12
1.0051337162561525e+05 1.2984747958996773e-09 7.3092235105402046e-12
1.0679267010645078e+05 1.2949705950506987e-09 7.3088434350636366e-12
1.1346425061676925e+05 1.2914709574322625e-09 7.3084616418075425e-12
1.2055261990539284e+05 1.2879764346419260e-09 7.3080811837316087e-12
1.2808381571337191e+05 1.2844860418279578e-09 7.3076965756197611e-12
1.3608550241854286e+05 1.2810006485920853e-09 7.3073126302226833e-12
1.4458707265522095e+05 1.2775200160462802e-09 7.3069280797196098e-12
1.5361975528230611e+05 1.2740439482666262e-09 7.3065417650466584e-12
1.6321673009639821e+05 1.2705724508491051e-09 7.3061537085115266e-12
1.7341324971130755e+05 1.2671058197404644e-09 7.3057656008551821e-12
1.8424676905164833e+05 1.2636438987505075e-09 7.3053765729768464e-12
1.9575708293619531e+05 1.2601866164827317e-09 7.3049861555486106e-12
2.0798647225637993e+05 1.2567340347332940e-09 7.3045947449102555e-12
2.2097985928689715e+05 1.2532860641173198e-09 7.3042017987716325e-12
2.3478497269891048e+05 1.2498428598873235e-09 7.3038082100490888e-12
2.4945252288201137e+05 1.2464042510157948e-09 7.3034130226074770e-12
2.6503638821893354e+05 1.2429705883671757e-09 7.3030182066379232e-12
2.8159381299728178e+05 1.2395414463113542e-09 7.3026213306846067e-12
2.9918561768524529e+05 1.2361167214392485e-09 7.3022217248679279e-12
3.1787642234371748e+05 1.2326970921851923e-09 7.3018234059557093e-12
3.3773488399547845e+05 1.2292820289645048e-09 7.3014232764396401e-12
3.5883394882336160e+05 1.2258717676506152e-09 7.3010226556755421e-12
3.8125112012382690e+05 1.2224660849995985e-09 7.3006202801142705e-12
4.0506874300018756e+05 1.2190648288847826e-09 7.3002152195141275e-12
4.3037430684127752e+05 1.2156685646821128e-09 7.2998108192369582e-12
4.5726076669663843e+05 1.2122770203808468e-09 7.2994054779278285e-12
4.8582688472876063e+05 1.2088901252099299e-09 7.2989987206376041e-12
5.1617759299660393e+05 1.2055079485051952e-09 7.2985910285529476e-12
5.4842437890303880e+05 1.2021305474487176e-09 7.2981826955334471e-12
5.8268569472205173e+05 1.1987573130164817e-09 7.2977700256663080e-12
6.1908739271006687e+05 1.1953895258665284e-09 7.2973608226276323e-12
6.5776318739963684e+05 1.1920258433935022e-09 7.2969468697975099e-12
6.9885514677368186e+05 1.1886672597442448e-09 7.2965342604105230e-12
7.4251421412449831e+05 1.1853130836909314e-09 7.2961187418401883e-12
7.8890076251446933e+05 1.1819636205897468e-09 7.2957021652929464e-12
8.3818518387522548e+05 1.1786189121038573e-09 7.2952848197409969e-12
8.9054851490913599e+05 1.1752787798559548e-09 7.2948655835563626e-12
9.4618310209230601e+05 1.1719436822279494e-09 7.2944472548031808e-12
1.0052933082217991e+06 1.1686131162914131e-09 7.2940267808660470e-12
1.0680962631025063e+06 1.1652872122451696e-09 7.2936048837047858e-12
1.1348226611310891e+06 1.1619659366791961e-09 7.2931814312391053e-12
1.2057176087068222e+06 1.1586494516837021e-09 7.2927573647494529e-12
1.2810415245821155e+06 1.1553374757160233e-09 7.2923309690753355e-12
1.3610710964599503e+06 1.1520302573992312e-09 7.2919037242461939e-12
1.4461002973521831e+06 1.1487276931173400e-09 7.2914750504176502e-12
1.5364414654320057e+06 1.1454301418357082e-09 7.2910471443823451e-12
1.6324264513472717e+06 1.1421370123034390e-09 7.2906163073201609e-12
1.7344078372090545e+06 1.1388486101388938e-09 7.2901844635064148e-12
1.8427602317332532e+06 1.1355647524020996e-09 7.2897504355414447e-12
1.9578816462925661e+06 1.1322859573210823e-09 7.2893175207476463e-12
2.0801949569335997e+06 1.1290115183154655e-09 7.2888811938332670e-12
2.2101494577294523e+06 1.1257418918444430e-09 7.2884443699797949e-12
2.3482225111738485e+06 1.1224770953707469e-09 7.2880071661678506e-12
2.4949213016790515e+06 1.1192167978498071e-09 7.2875674575649055e-12
2.6507846986188171e+06 1.1159612148788529e-09 7.2871265926065114e-12
2.8163852357598720e+06 1.1127104839136738e-09 7.2866854823021923e-12
2.9923312143529099e+06 1.1094643540777590e-09 7.2862425159175210e-12
3.1792689376085741e+06 1.1062227627216310e-09 7.2857972381797122e-12
3.3778850847661076e+06 1.1029861061476772e-09 7.2853522135296766e-12
3.5889092334755403e+06 1.0997538697504976e-09 7.2849041015553081e-12
3.8131165397587214e+06 1.0965265311383808e-09 7.2844560552079162e-12
4.0513305853937590e+06 1.0933039457852906e-09 7.2840070699883745e-12
4.3044264031818714e+06 1.0900858083952461e-09 7.2835551646974002e-12
4.5733336912096264e+06 1.0868723925604868e-09 7.2831020670944115e-12
4.8590402279133266e+06 1.0836639228582894e-09 7.2826493413777333e-12
5.1625955004904056e+06 1.0804600179788345e-09 7.2821944393488620e-12
5.4851145599857327e+06 1.0772606868239218e-09 7.2817373590620150e-12
5.8277821172140064e+06 1.0740663511310742e-09 7.2812809345845240e-12
6.1918568945637196e+06 1.0708764290257100e-09 7.2808213199927959e-12
6.5786762496680757e+06 1.0676915110686478e-09 7.2803624183130958e-12
6.9896610879273666e+06 1.0645107951977839e-09 7.2798988019690625e-12
7.4263210819275323e+06 1.0613350750238196e-09 7.2794358752126609e-12
7.8902602169277919e+06 1.0581641468396895e-09 7.2789722439751049e-12
8.3831826827873029e+06 1.0549979145055212e-09 7.2785072292038287e-12
8.9068991339741610e+06 1.0518360937942507e-09 7.2780388691118644e-12
9.4633333406510558e+06 1.0486790702576171e-09 7.2775698220989435e-12
1.0054529255269513e+07 1.0455267891782233e-09 7.2770997159346950e-12
1.0682658520630309e+07 1.0423793320532567e-09 7.2766290656502092e-12
1.1350028446989279e+07 1.0392361762070296e-09 7.2761543014824138e-12
1.2059090487511428e+07 1.0360981710992299e-09 7.2756812398081149e-12
1.2812449243205493e+07 1.0329649277688511e-09 7.2752072988476507e-12
1.3612872030417470e+07 1.0298359238461974e-09 7.2747286630652423e-12
1.4463299046026854e+07 1.0267117172331740e-09 7.2742493034931619e-12
1.5366854167686323e+07 1.0235924050866600e-09 7.2737698963733441e-12
1.6326856428776361e+07 1.0204776481352969e-09 7.2732880704452747e-12
1.7346832210226670e+07 1.0173674989489349e-09 7.2728041602939051e-12
1.8430528193987958e+07 1.0142623876246531e-09 7.2723212037941266e-12
1.9581925125737201e+07 1.0111617116238854e-09 7.2718349070690982e-12
2.0805252437369645e+07 1.0080658044609006e-09 7.2713476749992265e-12
2.2105003782991420e+07 1.0049746650528001e-09 7.2708594657080416e-12
2.3485953545480911e+07 1.0018880682035292e-09 7.2703686535643486e-12
2.4953174374252003e+07 9.9880618866783201e-10 7.2698764819962550e-12
2.6512055818642169e+07 9.9572917460993303e-10 7.2693840537233865e-12
2.8168324125369634e+07 9.9265664311930997e-10 7.2688885424686523e-12
2.9928063272783257e+07 9.8958871021840167e-10 7.2683908121297688e-12
3.1797737319168992e+07 9.8652565243360854e-10 7.2678928401909438e-12
3.3784214147207074e+07 9.8346727081448479e-10 7.2673931785347766e-12
3.5894790691798046e+07 9.8041381181292942e-10 7.2668936842210925e-12
3.8137219743929178e+07 9.7736472755523131e-10 7.2663902042549644e-12
4.0519738429038294e+07 9.7432059219876926e-10 7.2658870490445153e-12
4.3051098464487270e+07 9.7128085737339331e-10 7.2653801492013708e-12
4.5740598307286926e+07 9.6824579586872248e-10 7.2648714784829663e-12
4.8598117310164131e+07 9.6521576224903940e-10 7.2643637181683885e-12
5.1634152011435986e+07 9.6219026300556891e-10 7.2638531457620320e-12
5.4859854691993698e+07 9.5916956170657784e-10 7.2633417104724880e-12
5.8287074341030970e+07 9.5615349781137143e-10 7.2628282565749431e-12
6.1928400180992246e+07 9.5314201671627782e-10 7.2623123297644655e-12
6.5797207911624633e+07 9.5013530702934501e-10 7.2617953516460080e-12
6.9907708842999145e+07 9.4713333532729891e-10 7.2612770193166042e-12
7.4275002097985998e+07 9.4413599425324828e-10 7.2607565739396666e-12
7.8915130075934365e+07 9.4114334654752716e-10 7.2602344511769219e-12
8.3845137381295413e+07 9.3815536376832303e-10 7.2597104210298176e-12
8.9083133433650285e+07 9.3517223050661751e-10 7.2591859015252745e-12
9.4648358989126861e+07 9.3219376293205755e-10 7.2586594834730140e-12
1.0056125681756404e+08 9.2921978212449013e-10 7.2581297684457130e-12
1.0684354679503524e+08 9.2625068620542697e-10 7.2575998046080075e-12
1.1351830568757463e+08 9.2328626630121521e-10 7.2570679901101050e-12
1.2061005191917108e+08 9.2032658866067627e-10 7.2565348167713768e-12
1.2814483563541584e+08 9.1737142044358814e-10 7.2559984653530979e-12
1.3615033439362606e+08 9.1442117684778303e-10 7.2554621662854781e-12
1.4465595483095035e+08 9.1147551149298531e-10 7.2549231959759240e-12
1.5369294068390840e+08 9.0853452762807684e-10 7.2543823745212222e-12
1.6329448755616221e+08 9.0559853003799574e-10 7.2538420978339279e-12
1.7349586485608467e+08 9.0266684938796470e-10 7.2532970585058660e-12
1.8433454535204789e+08 8.9973993460863031e-10 7.2527507840587253e-12
1.9585034282132435e+08 8.9681775879855104e-10 7.2522030654031348e-12
2.0808555829822364e+08 8.9390037391062785e-10 7.2516543109300853e-12
2.2108513545869032e+08 8.9098760305729853e-10 7.2511031062999823e-12
2.3489682571212205e+08 8.8807970312198509e-10 7.2505514913150891e-12
2.4957136360685351e+08 8.8517616801469388e-10 7.2499953633944595e-12
2.6516265319361326e+08 8.8227756041911025e-10 7.2494393065052216e-12
2.8172796603153867e+08 8.7938357931423423e-10 7.2488807993970970e-12
2.9932815156406629e+08 8.7649424158843690e-10 7.2483200244776189e-12
3.1802786063748753e+08 8.7360984191245011e-10 7.2477593926435523e-12
3.3789578298320878e+08 8.7072984632321093e-10 7.2471944808671671e-12
3.5900489953608024e+08 8.6785479051101460e-10 7.2466297016135341e-12
3.8143275051561022e+08 8.6498439251230412e-10 7.2460627082549534e-12
4.0526172025482851e+08 8.6211858467992962e-10 7.2454929247890053e-12
4.3057933982305515e+08 8.5925740762507195e-10 7.2449206924418716e-12
4.5747860855419225e+08 8.5640113812539395e-10 7.2443483128381438e-12
4.8605833566163528e+08 8.5354942523877482e-10 7.2437728433570579e-12
5.1642350319462585e+08 8.5070258071841927e-10 7.2431968674371526e-12
5.4868565166932285e+08 8.4786026207564506e-10 7.2426174923515434e-12
5.8296328979110885e+08 8.4502249290463032e-10 7.2420349193748964e-12
6.1938232977320123e+08 8.4218968726879720e-10 7.2414526532937733e-12
6.5807654985058320e+08 8.3936162113340904e-10 7.2408687378953157e-12
6.9918808568824053e+08 8.3653809491288121e-10 7.2402815103915913e-12
7.4286795248878765e+08 8.3371936537924820e-10 7.2396931504970689e-12
7.8927659971732688e+08 8.3090530333797035e-10 7.2391025429952976e-12
8.3858450048125875e+08 8.2809600785101680e-10 7.2385105039584982e-12
8.9097277772995722e+08 8.2529126623385486e-10 7.2379151658183113e-12
9.4663386957457840e+08 8.2249130688375862e-10 7.2373185704030153e-12
1.0057722361718866e+09 8.1969606385049607e-10 7.2367200671287140e-12
1.0686051107687546e+09 8.1690542809397893e-10 7.2361187064947670e-12
1.1353632976660817e+09 8.1411952753604904e-10 7.2355156043963358e-12
1.2062920200333521e+09 8.1133834354911319e-10 7.2349106019353997e-12
1.2816518206880651e+09 8.0856217556096858e-10 7.2343063339410970e-12
1.3617195191489503e+09 8.0579015783259422e-10 7.2336950629117321e-12
1.4467892284784203e+09 8.0302307454436465e-10 7.2330838030413600e-12
1.5371734356495039e+09 8.0026085953594619e-10 7.2324719710719326e-12
1.6332041494057570e+09 7.9750314633280741e-10 7.2318562181199350e-12
1.7352341198305509e+09 7.9475002852015165e-10 7.2312373872082212e-12
1.8436381341056938e+09 7.9200197146758740e-10 7.2306196602505509e-12
1.9588143932189646e+09 7.8925824594889689e-10 7.2299964851467040e-12
2.0811859746777332e+09 7.8651942002361103e-10 7.2293729207136716e-12
2.2112023866015739e+09 7.8378532423986765e-10 7.2287474423572635e-12
2.3493412189026556e+09 7.8105599680921009e-10 7.2281204209814196e-12
2.4961098976190329e+09 7.7833119511918534e-10 7.2274895984283452e-12
2.6520475488451748e+09 7.7561096508630134e-10 7.2268553865401158e-12
2.8177269791064034e+09 7.7289592351369678e-10 7.2262234413165219e-12
2.9937567794519234e+09 7.7018516840114145e-10 7.2255854462067451e-12
3.1807835609952140e+09 7.6747900745111010e-10 7.2249442045768773e-12
3.3794943301137562e+09 7.6477776280430830e-10 7.2243027079765699e-12
3.5906190120328836e+09 7.6208133099870359e-10 7.2236599534240551e-12
3.8149331320635700e+09 7.5938942008083933e-10 7.2230132589743456e-12
4.0532606643433752e+09 7.5670237573168935e-10 7.2223658304765811e-12
4.3064770585445576e+09 7.5402000150501950e-10 7.2217157906426870e-12
4.5755124556676044e+09 7.5134212878837902e-10 7.2210615506747371e-12
4.8613551047325745e+09 7.4866916124568524e-10 7.2204069000285928e-12
5.1650549929190922e+09 7.4600079917894503e-10 7.2197490106858019e-12
5.4877277024892435e+09 7.4333710718743660e-10 7.2190884537294222e-12
5.8305585086612854e+09 7.4067824454891795e-10 7.2184267278453512e-12
6.1948067334868441e+09 7.3802418534375272e-10 7.2177636270509372e-12
6.5818103717245684e+09 7.3537450241775050e-10 7.2170949706792063e-12
6.9929910057028751e+09 7.3272974659014535e-10 7.2164261232013058e-12
7.4298590272250595e+09 7.3008951034087720e-10 7.2157530490490440e-12
7.8940191856988411e+09 7.2745419851893446e-10 7.2150796998590394e-12
8.3871764828699656e+09 7.2482366318482626e-10 7.2144046536925834e-12
8.9111424358135166e+09 7.2219761906174640e-10 7.2137250503906992e-12
9.4678417311881924e+09 7.1957623256424508e-10 7.2130425605003563e-12
1.0059319295197144e+10 7.1695971113864785e-10 7.2123591564195703e-12
1.0687747805225092e+10 7.1434773273642414e-10 7.2116716872259377e-12
1.1355435670744869e+10 7.1174061930612878e-10 7.2109833311892181e-12
1.2064835512808889e+10 7.0913809076337000e-10 7.2102912249965688e-12
1.2818553173273926e+10 7.0654029901832884e-10 7.2095969466489065e-12
1.3619357286852592e+10 7.0394726468738203e-10 7.2089006502891914e-12
1.4470189451152367e+10 7.0135902623591996e-10 7.2082027521939123e-12
1.5374175032060564e+10 6.9877524376803685e-10 7.2074997257329309e-12
1.6334634644165695e+10 6.9619623656361622e-10 7.2067948102951301e-12
1.7355096348387154e+10 6.9362204172261946e-10 7.2060884333484584e-12
1.8439308611618103e+10 6.9105261762670374e-10 7.2053800937039121e-12
1.9591254075987377e+10 6.8848750466285516e-10 7.2046650459652963e-12
2.0815164188317741e+10 6.8592754720943742e-10 7.2039520511702176e-12
2.2115534743520027e+10 6.8337208282793721e-10 7.2032341863919308e-12
2.3497142399017876e+10 6.8082141448051747e-10 7.2025145870919806e-12
2.4965062220867012e+10 6.7827528789577574e-10 7.2017906026302426e-12
2.6524686326019451e+10 6.7573393043681333e-10 7.2010645592685772e-12
2.8181743689212776e+10 6.7319732259527852e-10 7.2003362188689020e-12
2.9942321187240753e+10 6.7066549683561667e-10 7.1996060105085400e-12
3.1812885957906704e+10 6.6813823604443115e-10 7.1988715545852016e-12
3.3800309155792637e+10 6.6561580021367029e-10 7.1981355636198532e-12
3.5911891192104019e+10 6.6309804558518747e-10 7.1973965166820790e-12
3.8155388551305702e+10 6.6058495604984859e-10 7.1966543128984099e-12
4.0539042283053024e+10 6.5807649175035258e-10 7.1959083346745389e-12
4.3071608274080132e+10 6.5557293385385584e-10 7.1951617311964451e-12
4.5762389411240288e+10 6.5307404964139637e-10 7.1944119008901478e-12
4.8621269753845108e+10 6.5057974749046830e-10 7.1936578855924701e-12
5.1658750840827469e+10 6.4809015122009257e-10 7.1929009855161813e-12
5.4885990266094170e+10 6.4560534342588920e-10 7.1921420355701416e-12
5.8314842663770653e+10 6.4312507915745113e-10 7.1913784146131770e-12
6.1957903253884811e+10 6.4064968412754841e-10 7.1906136102782759e-12
6.5828554108449844e+10 6.3817909139717189e-10 7.1898469222030256e-12
6.9941013307892792e+10 6.3571304917636252e-10 7.1890755497114886e-12
7.4310387168399384e+10 6.3325164245059373e-10 7.1883003930513349e-12
7.8952725732017075e+10 6.3079497736446702e-10 7.1875226048862491e-12
8.3885081723352356e+10 6.2834320996715499e-10 7.1867439515197077e-12
8.9125573189424850e+10 6.2589610374100081e-10 7.1859617003348304e-12
9.4693450052778717e+10 6.2345364141262662e-10 7.1851757615118373e-12
1.0060916482231447e+11 6.2101582714866441e-10 7.1843859981478036e-12
1.0689444772158884e+11 6.1858272030169983e-10 7.1835931187408579e-12
1.1357238651055008e+11 6.1615437430934538e-10 7.1827978180964015e-12
1.2066751129391591e+11 6.1373074385033250e-10 7.1819994041770653e-12
1.2820588462772807e+11 6.1131183133953723e-10 7.1811979407595425e-12
1.3621519725506319e+11 6.0889766473374853e-10 7.1803938312162325e-12
1.4472486982257373e+11 6.0648802560988071e-10 7.1795843652920885e-12
1.5376616095148868e+11 6.0408313725096633e-10 7.1787722204564643e-12
1.6337228206006094e+11 6.0168309934607267e-10 7.1779585157980703e-12
1.7357851935922781e+11 5.9928774618593163e-10 7.1771412885828652e-12
1.8442236346962067e+11 5.9689710501942975e-10 7.1763208412040323e-12
1.9594364713603949e+11 5.9451113880077894e-10 7.1754966234977426e-12
2.0818469154527057e+11 5.9212966984550570e-10 7.1746666368564638e-12
2.2119046178470291e+11 5.8975326246479743e-10 7.1738375788506718e-12
2.3500873201280096e+11 5.8738137207905901e-10 7.1730028236148290e-12
2.4969026094815204e+11 5.8501414604942263e-10 7.1721641662159162e-12
2.6528897832170786e+11 5.8265190085750871e-10 7.1713253933788494e-12
2.8186218297713086e+11 5.8029416583276151e-10 7.1704808224375609e-12
2.9947075334690875e+11 5.7794100363404191e-10 7.1696311904105484e-12
3.1817937107739606e+11 5.7559268791839437e-10 7.1687797139141056e-12
3.3805675862421210e+11 5.7324926608430215e-10 7.1679270242102291e-12
3.5917593169077576e+11 5.7091028052401349e-10 7.1670675173581007e-12
3.8161446743723560e+11 5.6857615581249345e-10 7.1662063798830422e-12
4.0545478944502722e+11 5.6624668758717952e-10 7.1653410176424506e-12
4.3078447048381348e+11 5.6392195972745257e-10 7.1644724266356893e-12
4.5769655419295258e+11 5.6160191739194479e-10 7.1636000141421259e-12
4.8628989685916785e+11 5.5928663123669211e-10 7.1627245698053714e-12
5.1666953054578931e+11 5.5697590254444397e-10 7.1618435252421585e-12
5.4894704890756897e+11 5.5466998706340260e-10 7.1609601554463667e-12
5.8324101710817395e+11 5.5236876992873470e-10 7.1600729354973173e-12
6.1967740734617688e+11 5.5007247169500018e-10 7.1591846989742852e-12
6.5839006158933936e+11 5.4778058680849585e-10 7.1582889217858600e-12
6.9952118321695740e+11 5.4549361315851420e-10 7.1573919834726111e-12
7.4322185937621875e+11 5.4321120683849610e-10 7.1564894249288112e-12
7.8965261597134937e+11 5.4093356761199274e-10 7.1555837882505637e-12
8.3898400732419641e+11 5.3866070499104258e-10 7.1546752045068790e-12
8.9139724267221411e+11 5.3639246486725650e-10 7.1537616020701989e-12
9.4708485180526758e+11 5.3412897798814414e-10 7.1528446919702483e-12
1.0062513922862118e+12 5.3187004056068485e-10 7.1519217025825526e-12
1.0691142008531786e+12 5.2961601083073086e-10 7.1509974660818652e-12
1.1359041917636636e+12 5.2736666343897633e-10 7.1500687867260051e-12
1.2068667050129810e+12 5.2512204509660110e-10 7.1491364551332445e-12
1.2822624075428494e+12 5.2288214215775065e-10 7.1482002654498274e-12
1.3623682507505356e+12 5.2064685093289004e-10 7.1472584980905957e-12
1.4474784878157129e+12 5.1841615151315195e-10 7.1463111950535908e-12
1.5379057545821477e+12 5.1619048698588792e-10 7.1453640724260063e-12
1.6339822179644075e+12 5.1396941166725676e-10 7.1444113398974011e-12
1.7360607960981990e+12 5.1175301168433524e-10 7.1434538246067217e-12
1.8445164547162549e+12 5.0954149558052871e-10 7.1424946101404665e-12
1.9597475845117681e+12 5.0733435710225834e-10 7.1415265064524536e-12
2.0821774645488413e+12 5.0513213077655175e-10 7.1405569597477830e-12
2.2122558170955142e+12 5.0293483700379062e-10 7.1395864765674655e-12
2.3504604595907539e+12 5.0074193202982811e-10 7.1386068607005080e-12
2.4972990598134819e+12 4.9855384757459021e-10 7.1376246918621522e-12
2.6533110007011807e+12 4.9637046926600298e-10 7.1366380546541740e-12
2.8190693616677642e+12 4.9419172672003126e-10 7.1356458949620818e-12
2.9951830236989678e+12 4.9201795483051639e-10 7.1346530252940771e-12
3.1822989059578042e+12 4.8984851023845446e-10 7.1336501749238098e-12
3.3811043421158423e+12 4.8768405707555010e-10 7.1326469619888781e-12
3.5923296051392925e+12 4.8552429081140977e-10 7.1316387143040593e-12
3.8167505898042129e+12 4.8336932846130506e-10 7.1306275794903000e-12
4.0551916627945581e+12 4.8121845950787394e-10 7.1296024334076556e-12
4.3085286908521611e+12 4.7907311740700242e-10 7.1285849371255900e-12
4.5776922581024473e+12 4.7693231704295579e-10 7.1275603540353370e-12
4.8636710843734561e+12 4.7479578063787782e-10 7.1265242566357501e-12
5.1675156570651846e+12 4.7266460750326002e-10 7.1254932605926027e-12
5.4903420899100059e+12 4.7053785101550404e-10 7.1244531552059918e-12
5.8333362227986230e+12 4.6841545978842784e-10 7.1234028798956185e-12
6.1977579777314512e+12 4.6629814744013735e-10 7.1223535060551287e-12
6.5849459868961680e+12 4.6418556746370867e-10 7.1212996708494841e-12
6.9963225098718369e+12 4.6207738077522274e-10 7.1202359401268870e-12
7.4333986580216396e+12 4.5997442097443242e-10 7.1191754703821780e-12
7.8977799452658623e+12 4.5787573199204342e-10 7.1181029319679617e-12
8.3911721856236904e+12 4.5578218594116441e-10 7.1170321440881107e-12
8.9153877591881152e+12 4.5369309677494570e-10 7.1159524907823444e-12
9.4723522695504648e+12 4.5160880409419950e-10 7.1148690980029136e-12
1.0064111617129340e+13 4.4952913782296919e-10 7.1137792292798680e-12
1.0692839514386488e+13 4.4745411419340431e-10 7.1126830857006650e-12
1.1360845470535346e+13 4.4538404250654929e-10 7.1115857592023483e-12
1.2070583275071988e+13 4.4331886157313262e-10 7.1104859657225123e-12
1.2824660011292449e+13 4.4125762483341441e-10 7.1093686836254162e-12
1.3625845632903994e+13 4.3920153602026598e-10 7.1082529797632402e-12
1.4477083138909502e+13 4.3715079256419914e-10 7.1071422525810443e-12
1.5381499384139875e+13 4.3510361961267100e-10 7.1060075828442129e-12
1.6342416565144953e+13 4.3306234454664232e-10 7.1048871921347770e-12
1.7363364423634104e+13 4.3102513724367080e-10 7.1037503152113652e-12
1.8448093212293438e+13 4.2899187740722805e-10 7.1025957522605312e-12
1.9600587470607234e+13 4.2696499895793181e-10 7.1014629461653906e-12
2.0825080661285383e+13 4.2494173860672162e-10 7.1003068405633461e-12
2.2126070721063273e+13 4.2292364603422405e-10 7.0991522038090829e-12
2.3508336582993875e+13 4.2091002597674526e-10 7.0979889447440006e-12
2.4976955730925680e+13 4.1890085513617859e-10 7.0968140170951424e-12
2.6537322850648570e+13 4.1689707860696457e-10 7.0956454936794598e-12
2.8195169646219133e+13 4.1489768856156831e-10 7.0944658068239139e-12
2.9956585894256770e+13 4.1290251611943074e-10 7.0932719142237333e-12
3.1828041813549477e+13 4.1091253782681804e-10 7.0920798814540656e-12
3.3816411832139980e+13 4.0892739417251305e-10 7.0908854878268261e-12
3.5928999839194266e+13 4.0694685719412592e-10 7.0896811947396354e-12
3.8173566014414445e+13 4.0497059106328323e-10 7.0884644545940638e-12
4.0558355333543211e+13 4.0300063222917164e-10 7.0872697618387751e-12
4.3092127854673148e+13 4.0103347683542520e-10 7.0860343834862672e-12
4.5784190896610359e+13 3.9907144418468925e-10 7.0848012375701191e-12
4.8644433227493461e+13 3.9711439021833174e-10 7.0835659193699284e-12
5.1683361389253203e+13 3.9516256925127021e-10 7.0823331881098264e-12
5.4912138291343562e+13 3.9321477804601067e-10 7.0810831632541958e-12
5.8342624215511281e+13 3.9127188429993829e-10 7.0798290385066990e-12
6.1987420382224047e+13 3.8933460461110763e-10 7.0785855695853152e-12
6.5859915238797117e+13 3.8740145405930011e-10 7.0773246600350279e-12
6.9974333639239508e+13 3.8547355100304046e-10 7.0760678395069123e-12
7.4345789096479172e+13 3.8354829737296868e-10 7.0747655811702100e-12
7.8990339298902875e+13 3.8163009442863224e-10 7.0735003743735083e-12
8.3925045095140234e+13 3.7971566982138152e-10 7.0722109299037241e-12
8.9168033163761219e+13 3.7780613077220204e-10 7.0709180465087223e-12
9.4738562598092578e+13 3.7589989956630495e-10 7.0695913011776963e-12
1.0065709565073508e+14 3.7400089450448072e-10 7.0683067544338855e-12
1.0694537289765912e+14 3.7210418046864398e-10 7.0669687778743858e-12
1.1362649309796411e+14 3.7021415722118613e-10 7.0656608686556561e-12
1.2072499804266228e+14 3.6832818685266195e-10 7.0643341549742236e-12
1.2826696270415784e+14 3.6644578764605421e-10 7.0629768933774923e-12
1.3628009101756870e+14 3.6456910247801193e-10 7.0616329012230012e-12
1.4479381764572478e+14 3.6269828738016239e-10 7.0603057089119161e-12
1.5383941610165669e+14 3.6082941721923083e-10 7.0589156194793856e-12
1.6345011362574322e+14 3.5896751692891942e-10 7.0575613250073885e-12
1.7366121323948819e+14 3.5710978865791436e-10 7.0561903124067550e-12
1.8451022342428703e+14 3.5525794239695078e-10 7.0548371421563089e-12
1.9603699590150725e+14 3.5341070898894363e-10 7.0534729650852322e-12
2.0828387202000956e+14 3.5156467021582248e-10 7.0520284006997937e-12
2.2129583828882869e+14 3.4972780924652362e-10 7.0506714806714442e-12
2.3512069162633369e+14 3.4789276124678640e-10 7.0492436838804984e-12
2.4980921493287834e+14 3.4606383475261061e-10 7.0478393762436103e-12
2.6541536363187378e+14 3.4423902274141755e-10 7.0464138274698307e-12
2.8199646386450725e+14 3.4241908738164086e-10 7.0449825984735242e-12
2.9961342306612388e+14 3.4060178026254740e-10 7.0434998138692137e-12
3.1833095369781531e+14 3.3879136013018627e-10 7.0420559194443618e-12
3.3821781095500650e+14 3.3698651568792111e-10 7.0406217526566854e-12
3.5934704532624769e+14 3.3518701501252486e-10 7.0391951398210593e-12
3.8179627092992644e+14 3.3339023337360336e-10 7.0377160479122533e-12
4.0564795061458238e+14 3.3159695310531003e-10 7.0362005715401755e-12
4.3098969887008569e+14 3.2981205075662325e-10 7.0347609093452530e-12
4.5791460366236506e+14 3.2803012406923274e-10 7.0332692721990735e-12
4.8652156837388525e+14 3.2625258971625326e-10 7.0317652146753167e-12
5.1691567510590244e+14 3.2447797638787607e-10 7.0302163873908039e-12
5.4920857067707612e+14 3.2270925295342044e-10 7.0286787459690596e-12
5.8351887673625075e+14 3.2094814222981217e-10 7.0271981859401433e-12
6.1997262549593338e+14 3.1919111483449338e-10 7.0256985311573295e-12
6.5870372268702712e+14 3.1743549898907466e-10 7.0241112713271537e-12
6.9985443943539712e+14 3.1568719454618782e-10 7.0225792333079005e-12
7.4357593486708312e+14 3.1394179246808833e-10 7.0209938554457449e-12
7.9002881136185075e+14 3.1220315706823723e-10 7.0194462931546384e-12
8.3938370449466175e+14 3.1046752874559805e-10 7.0178500105225517e-12
8.9182190983219125e+14 3.0874056052608586e-10 7.0163375091764430e-12
9.4753604888668088e+14 3.0701112290992822e-10 7.0146444009527596e-12
1.0067307766734736e+15 3.0529093830369243e-10 7.0130522639393734e-12
1.0696235334712676e+15 3.0357374137255778e-10 7.0114083275642629e-12
1.1364453435465392e+15 3.0186668325841876e-10 7.0098802610249513e-12
1.2074416637760938e+15 3.0015910999357228e-10 7.0082241947520457e-12
1.2828732852849930e+15 2.9845423834060322e-10 7.0065079450238000e-12
1.3630172914118628e+15 2.9676044402877765e-10 7.0049329887059645e-12
1.4481680755204112e+15 2.9506853729372385e-10 7.0032836219277023e-12
1.5386384223960542e+15 2.9337891433771562e-10 7.0015621267493379e-12
1.6347606571997322e+15 2.9169533440606466e-10 6.9998614796171033e-12
1.7368878661995340e+15 2.9001712607565074e-10 6.9981686028870432e-12
1.8453951937641875e+15 2.8834823106032976e-10 6.9965800181149679e-12
1.9606812203826755e+15 2.8667569077445629e-10 6.9947725936815506e-12
2.0831694267718652e+15 2.8501183602137531e-10 6.9930492095446391e-12
2.2133097494502660e+15 2.8335161962008844e-10 6.9912994939243919e-12
2.3515802334920290e+15 2.8169882834587450e-10 6.9895917616573660e-12
2.4984887885321455e+15 2.8004893149927693e-10 6.9878412815861398e-12
2.6545750544734650e+15 2.7840680486404217e-10 6.9861490915511538e-12
2.8204123837484805e+15 2.7676479335824179e-10 6.9843327079556712e-12
2.9966099474175930e+15 2.7512925675465145e-10 6.9825495803560184e-12
3.1838149728401075e+15 2.7349858249949938e-10 6.9807567774359512e-12
3.3827151211376040e+15 2.7187222731856172e-10 6.9789444376143124e-12
3.5940410131828525e+15 2.7024924232714739e-10 6.9770946120601208e-12
3.8185689133929810e+15 2.6863455444888446e-10 6.9753094579862234e-12
4.0571235811853305e+15 2.6702281935990233e-10 6.9734739526532465e-12
4.3105813005700680e+15 2.6541577449751016e-10 6.9716280985867675e-12
4.5798730990086520e+15 2.6381150306756332e-10 6.9697198059660307e-12
4.8659881673613650e+15 2.6221598279846707e-10 6.9679015843778176e-12
5.1699774934868960e+15 2.6062095817592562e-10 6.9659650625279388e-12
5.4929577228411060e+15 2.5903278911812998e-10 6.9640677091410891e-12
5.8361152602561560e+15 2.5745265269223724e-10 6.9622604271669286e-12
6.2007106279670960e+15 2.5587066063185733e-10 6.9602461584398492e-12
6.5880830958943110e+15 2.5429656204491586e-10 6.9583099583368735e-12
6.9996556011899630e+15 2.5272736209461119e-10 6.9563668246748614e-12
7.4369399751201960e+15 2.5116804244991622e-10 6.9545533510292817e-12
7.9015424964820030e+15 2.4960320289097844e-10 6.9524471385388834e-12
8.3951697919549210e+15 2.4804823463937312e-10 6.9504691376535275e-12
8.9196351050610290e+15 2.4650288424419924e-10 6.9486090321030969e-12
9.4768649567611120e+15 2.4495767863311610e-10 6.9466211170695468e-12
1.0068906222153390e+16 2.4341162580973940e-10 6.9444547346915012e-12
1.0697933649269668e+16 2.4187562566776155e-10 6.9424251808688464e-12
1.1366257847587858e+16 2.4034899939867536e-10 6.9405043945671677e-12
1.2076333775604530e+16 2.3881860956643733e-10 6.9383433993128165e-12
1.2830769758646324e+16 2.3730237193633108e-10 6.9364472947523032e-12
1.3632337070043586e+16 2.3578229465420575e-10 6.9342796644612877e-12
1.4483980110862122e+16 2.3426814644941877e-10 6.9321323686006768e-12
1.5388827225585818e+16 2.3276331868777457e-10 6.9300798807118451e-12
1.6350202193479498e+16 2.3125557616688818e-10 6.9278115786039143e-12
1.7371636437843312e+16 2.2976819839168391e-10 6.9260125632206356e-12
1.8456881998006948e+16 2.2827036065162588e-10 6.9237293677032222e-12
1.9609925311713940e+16 2.2678212741600320e-10 6.9215708579949446e-12
2.0835001858521996e+16 2.2529518259896961e-10 6.9193022475398549e-12
2.2136611718011392e+16 2.2381562859680711e-10 6.9170964534308443e-12
2.3519536099948360e+16 2.2234032562914404e-10 6.9148596751184727e-12
2.4988854907126104e+16 2.2087348962785650e-10 6.9127325324334069e-12
2.6549965395396184e+16 2.1940904309678067e-10 6.9105117825624842e-12
2.8208601999434452e+16 2.1794734713458658e-10 6.9082111148257148e-12
2.9970857397067560e+16 2.1649229761309182e-10 6.9059549266124469e-12
3.1843204889535752e+16 2.1503837340358046e-10 6.9035581913811446e-12
3.3832522179901796e+16 2.1359180823533621e-10 6.9012264367869978e-12
3.5946116636949652e+16 2.1215013112380494e-10 6.8988920641769640e-12
3.8191752137379048e+16 2.1071622696895454e-10 6.8966477023533308e-12
4.0577677584890104e+16 2.0928405794704232e-10 6.8942829360598552e-12
4.3112657210921280e+16 2.0785733031247918e-10 6.8919385847670500e-12
4.5806002768342912e+16 2.0643448671801045e-10 6.8895351871639080e-12
4.8667607736363936e+16 2.0501557841904021e-10 6.8870861848925556e-12
5.1707983662296648e+16 2.0360090470416167e-10 6.8845982030815254e-12
5.4938298773674600e+16 2.0219360944059857e-10 6.8821895344966057e-12
5.8370419002554760e+16 2.0078710702196382e-10 6.8795634527322000e-12
6.2016951572705544e+16 1.9938568891283947e-10 6.8769919491802746e-12
6.5891291309780864e+16 1.9799228723560628e-10 6.8745155327140476e-12
7.0007669844598176e+16 1.9660257599278302e-10 6.8719844013870184e-12
7.4381207890256480e+16 1.9521978815012667e-10 6.8695117163432783e-12
7.9027970785124608e+16 1.9384185735237827e-10 6.8670256638760065e-12
8.3965027505725968e+16 1.9247380261692096e-10 6.8647678530817862e-12
8.9210513366292352e+16 1.9110268918431377e-10 6.8621560402276891e-12
9.4783696635301664e+16 1.8973990948034316e-10 6.8596484478769732e-12
1.0070504931369842e+17 1.8837937388586139e-10 6.8570431991347572e-12
1.0699632233479784e+17 1.8700856114713865e-10 6.8537731856817754e-12
1.1368062546209106e+17 1.8565879217166307e-10 6.8511611623454888e-12
1.2078251217845133e+17 1.8431375066092658e-10 6.8485292445809517e-12
1.2832806987856101e+17 1.8297342743658803e-10 6.8458769218971976e-12
1.3634501569586406e+17 1.8163787510964905e-10 6.8432058105521232e-12
1.4486279831604582e+17 1.8030703915249607e-10 6.8405136103496579e-12
1.5391270615103197e+17 1.7898149226946897e-10 6.8378219514272714e-12
1.6352798227086413e+17 1.7767153439986165e-10 6.8355735385104877e-12
1.7374394651562390e+17 1.7635341553811542e-10 6.8327717486387172e-12
1.8459812523597930e+17 1.7504015696472962e-10 6.8299527530221754e-12
1.9613038913890429e+17 1.7373361360565005e-10 6.8271887803589355e-12
2.0838309974494019e+17 1.7242983321214664e-10 6.8243250036879276e-12
2.2140126499497283e+17 1.7112857854007276e-10 6.8212886873144247e-12
2.3523270457811882e+17 1.6984163692257601e-10 6.8187035227988676e-12
2.4992822558801978e+17 1.6852102135391087e-10 6.8144339577655416e-12
2.6554180915278426e+17 1.6726328680641346e-10 6.8126132820859594e-12
2.8213080872412781e+17 1.6596239300550904e-10 6.8088137767937643e-12
2.9975616075407443e+17 1.6468395401722370e-10 6.8057032354237203e-12
3.1848260853313254e+17 1.6342498547821329e-10 6.8031467470300572e-12
3.3837894001212742e+17 1.6214569736718728e-10 6.7995128013217643e-12
3.5951824048131392e+17 1.6089963165365625e-10 6.7969306060484025e-12
3.8197816103492570e+17 1.5965753726982948e-10 6.7944797414332379e-12
4.0584120380731341e+17 1.5835393929759987e-10 6.7890361907208157e-12
4.3119502502843219e+17 1.5713772276135198e-10 6.7871803819606400e-12
4.5813275701189728e+17 1.5591744238101632e-10 6.7850490813752005e-12
4.8675335025834528e+17 1.5466856263703599e-10 6.7812448989810455e-12
5.1716193693080653e+17 1.5343909036921591e-10 6.7781445803881437e-12
5.4947021703717184e+17 1.5221461095461978e-10 6.7750307602704390e-12
5.8379686873837286e+17 1.5098805678317021e-10 6.7716318447326041e-12
6.2026798428944243e+17 1.4977294404972900e-10 6.7684663846197709e-12
6.5901753321480179e+17 1.4856217195544866e-10 6.7652108228570102e-12
7.0018785441916070e+17 1.4734429455311889e-10 6.7614658269361567e-12
7.4393017904170138e+17 1.4615087586015565e-10 6.7585467455136654e-12
7.9040518597415642e+17 1.4495124806597326e-10 6.7550918978223630e-12
8.3978359208333133e+17 1.4374946360501531e-10 6.7512581472826481e-12
8.9224677930623014e+17 1.4250488290058414e-10 6.7451966167755238e-12
9.4798746092117453e+17 1.4137465179645235e-10 6.7442316939307618e-12
1.0072103894424227e+18 1.4019473919214127e-10 6.7406860772889850e-12
1.0701331087385664e+18 1.3895225310611512e-10 6.7339227325538570e-12
1.1369867531374715e+18 1.3778187349675076e-10 6.7302544874855624e-12
1.2080168964531174e+18 1.3661676947568996e-10 6.7265773391665745e-12
1.2834844540530716e+18 1.3545865773798682e-10 6.7229898321802186e-12
1.3636666412801759e+18 1.3430644877404743e-10 6.7194468233398794e-12
1.4488579917489574e+18 1.3321399575267279e-10 6.7188350558222263e-12
1.5393714392574392e+18 1.3206532266546294e-10 6.7149962750178690e-12
1.6355394672883233e+18 1.3091160225629485e-10 6.7104067652176773e-12
1.7377153303221811e+18 1.2978057204274677e-10 6.7068882640527765e-12
1.8462743514488379e+18 1.2864608808640432e-10 6.7029039112020194e-12
1.9616153010434867e+18 1.2749213251067588e-10 6.6974878116656845e-12
2.0841618615718277e+18 1.2639001404468746e-10 6.6946931601977223e-12
2.2143641839049106e+18 1.2529147391308413e-10 6.6919168432589084e-12
2.3527005408605174e+18 1.2416566881794098e-10 6.6871352990527779e-12
2.4996790840449295e+18 1.2305725434748127e-10 6.6830771968603348e-12
2.6558397104487854e+18 1.2192290754975642e-10 6.6771198492753878e-12
2.8217560456532224e+18 1.2084906969697321e-10 6.6744500386682473e-12
2.9980375509315041e+18 1.1975730430525203e-10 6.6705449974673669e-12
3.1853317619860506e+18 1.1860681296823141e-10 6.6632381720786125e-12
3.3843266675444552e+18 1.1752909167582373e-10 6.6590910292519247e-12
3.5957532365517906e+18 1.1643534201926517e-10 6.6544199549308630e-12
3.8203881032423844e+18 1.1535709087802939e-10 6.6498366104122801e-12
4.0590564199539738e+18 1.1429577825929355e-10 6.6456039466933614e-12
4.3126348881639409e+18 1.1324112212799139e-10 6.6415585346478419e-12
4.5820549788809539e+18 1.1216924326370524e-10 6.6365552253393640e-12
4.8683063542219407e+18 1.1113331805014639e-10 6.6328684763034708e-12
5.1724405027427062e+18 1.1010784843433107e-10 6.6299433346454868e-12
5.4955746018759127e+18 1.0903143090201166e-10 6.6234887000824755e-12
5.8388956216643236e+18 1.0800385963843029e-10 6.6196129961100047e-12
6.2036646848635761e+18 1.0699085434109074e-10 6.6166066048290655e-12
6.5912216994305300e+18 1.0596082656934008e-10 6.6119947150691247e-12
7.0029902804134083e+18 1.0493081507019413e-10 6.6070285992712296e-12
7.4404829793241211e+18 1.0391621554156531e-10 6.6028166559501719e-12
7.9053068402008166e+18 1.0278689548304365e-10 6.5916691097213883e-12
8.3991693027705354e+18 1.0176832668277715e-10 6.5862823860708757e-12
8.9238844743957873e+18 1.0075593638314670e-10 6.5809307171696780e-12
9.4813797938438595e+18 9.9770469329432021e-11 6.5772008217630940e-12
1.0073703111356928e+19 9.8761507085971803e-11 6.5713285500492043e-12
1.0703030211030215e+19 9.7750600260114177e-11 6.5648646156637148e-12
1.1371672803130276e+19 9.6837237125549176e-11 6.5635835880096659e-12
1.2082087015711095e+19 9.5853121170228648e-11 6.5583339188170057e-12
1.2836882416721631e+19 9.4898714807459112e-11 6.5546396893373186e-12
1.3638831599743986e+19 9.3944647915825722e-11 6.5507997387939869e-12
1.4490880368574843e+19 9.2868031827604251e-11 6.5387874218086318e-12
1.5396158558060753e+19 9.1903189913540000e-11 6.5332657159372311e-12
1.6357991530935540e+19 9.1111640580748722e-11 6.5396076143175970e-12
1.7379912392891255e+19 8.9943987450826975e-11 6.5186684903606689e-12
1.8465674970752332e+19 8.9127882010200738e-11 6.5220856181072227e-12
1.9619267601425904e+19 8.8286209673000313e-11 6.5244812820274292e-12
2.0844927782278337e+19 8.7143377768587584e-11 6.5046234541242225e-12
2.2147157736755655e+19 8.6435508992387857e-11 6.5152179359323980e-12
2.3530740952421994e+19 8.5522004522226998e-11 6.5106577650614722e-12
2.5000759752167666e+19 8.4715708299870727e-11 6.5155012915012457e-12
2.6562613963130311e+19 8.3652978617500024e-11 6.4970558338871544e-12
2.8222040751905927e+19 8.2759960816568916e-11 6.4928452281592865e-12
2.9985135698910560e+19 8.1581162513791375e-11 6.4665527758524897e-12
3.1858375189305479e+19 8.1007139561425456e-11 6.4873135691795931e-12
3.3848640202732933e+19 7.9795463839640948e-11 6.4539160550373528e-12
3.5963241589253366e+19 7.8901473072140538e-11 6.4476921525716019e-12
3.8209946924325118e+19 7.8315935783433272e-11 6.4693098945481572e-12
4.0597009041477059e+19 7.7304483745045808e-11 6.4507474655673552e-12
4.3133196347481702e+19 7.6505220265471555e-11 6.4529185143689979e-12
4.5827825031386071e+19 7.5309617479475218e-11 6.4199332532642194e-12
4.8690793285713773e+19 7.4670245975622262e-11 6.4309965979654007e-12
5.1732617665543266e+19 7.3839633025975916e-11 6.4289893806103142e-12
5.4964471719020782e+19 7.2626686938463119e-11 6.3922826321912920e-12
5.8398227031206707e+19 7.2167302104690319e-11 6.4205007469289558e-12
6.2046496832028844e+19 7.1396168668922290e-11 6.4207523385311136e-12
6.5922682328518894e+19 7.0520820888038398e-11 6.4116831748708268e-12
7.0041021931531272e+19 6.9515620189664980e-11 6.3887962508833981e-12
7.4416643557766218e+19 6.8672689437069713e-11 6.3813029253530106e-12
7.9065620199219118e+19 6.7834373199629492e-11 6.3730682004569238e-12
8.4005028964179411e+19 6.6992219264121924e-11 6.3627618830254534e-12
8.9253013806654718e+19 6.6357945098650297e-11 6.3762484675939078e-12
9.4828852174645264e+19 6.5351652265815998e-11 6.3491396018829768e-12
1.0075302582208340e+20 6.4489534991740393e-11 6.3358751926423540e-12
1.0704729604456355e+20 6.3700594325660455e-11 6.3300686351319931e-12
1.1373478361521108e+20 6.2949309808286924e-11 6.3282093669724200e-12
1.2084005371433040e+20 6.2282891203072891e-11 6.3362642560016739e-12
1.2838920616480005e+20 6.1499725350073095e-11 6.3283742142027364e-12
1.3640997130467775e+20 6.0651455616812102e-11 6.3149655834403070e-12
1.4493181184918487e+20 5.9817853862504690e-11 6.3018557538556596e-12
1.5398603111624009e+20 5.9161027413289895e-11 6.3062689820741796e-12
1.6360588801308921e+20 5.8326339451887354e-11 6.2923845668072616e-12
1.7382671920640410e+20 5.7484070564145354e-11 6.2762316753849136e-12
1.8468606892463830e+20 5.6640733307055655e-11 6.2590959491711759e-12
1.9622382686941731e+20 5.5802498244639104e-11 6.2382729306537907e-12
2.0848237474257273e+20 5.5089837657937233e-11 6.2317506143021757e-12
2.2150674192705185e+20 5.4607250800946355e-11 6.2557590580746753e-12
2.3534477089356700e+20 5.3571614511369882e-11 6.2143722335625407e-12
2.5004729294057344e+20 5.2801131470185288e-11 6.2003213908334849e-12
2.6566831491312520e+20 5.2269658416638513e-11 6.2166139831524191e-12
2.8226521758647049e+20 5.1365905550295061e-11 6.1818960597016087e-12
2.9989896644314241e+20 5.0924016011054082e-11 6.2089072610252388e-12
3.1863433561775138e+20 5.0115178318835331e-11 6.1899854723786394e-12
3.3854014583212776e+20 4.9340200303107133e-11 6.1738378747856902e-12
3.5968951719481095e+20 4.8571490793955049e-11 6.1552212797109136e-12
3.8216013779349602e+20 4.7818050516915118e-11 6.1369201586684507e-12
4.0603454906706081e+20 4.7287972241003373e-11 6.1505323261523488e-12
4.3140044900543057e+20 4.6829745298817778e-11 6.1677598907647368e-12
4.5835101429103080e+20 4.5782793497389233e-11 6.1133564758173377e-12
4.8698524256512862e+20 4.5017755378352813e-11 6.0905268276481627e-12
5.1740831607636715e+20 4.4520691058869749e-11 6.1048638805366608e-12
5.4973198804721192e+20 4.3791087102800047e-11 6.0860247437000069e-12
5.8407499317760439e+20 4.3338326476404449e-11 6.1057878401529564e-12
6.2056348379370763e+20 4.2325509573256149e-11 6.0417619223119508e-12
6.5933149324385295e+20 4.1666935969276281e-11 6.0314494070192396e-12
7.0052142824388493e+20 4.1142148108702007e-11 6.0393787547443979e-12
7.4428459198043547e+20 4.0801991338057727e-11 6.0653154649531718e-12
7.9078173989365560e+20 3.9898352796631163e-11 6.0217661235516906e-12
8.4018367018092161e+20 3.9565410678420818e-11 6.0562996061631888e-12
8.9267185119071450e+20 3.8903965699327490e-11 6.0403497345253717e-12
9.4843908801115364e+20 3.8124704967482362e-11 6.0037004294341225e-12
1.0076902307018614e+21 3.7520974355646069e-11 5.9941116886772985e-12
1.0706429267706743e+21 3.7056177315171629e-11 6.0009757449422790e-12
1.1375284206592815e+21 3.5988446316607539e-11 5.9198020139507066e-12
1.2085924031745465e+21 3.5744192373794486e-11 5.9638518584177422e-12
1.2840959139857315e+21 3.4018057334885621e-11 5.7449262404089390e-12
1.3643163005027824e+21 3.4564947696081857e-11 5.9407008958568559e-12
1.4495482366578624e+21 3.3874863105688147e-11 5.9098370636362244e-12
1.5401048053325908e+21 3.2299525511928670e-11 5.7028417939416809e-12
1.6363186484068577e+21 3.1777559253882344e-11 5.6961120871664003e-12
1.7385431886538544e+21 3.1087715839739727e-11 5.6613342853122306e-12
1.8471539279696471e+21 3.1571738451171954e-11 5.8604135653929201e-12
1.9625498267061023e+21 3.1001695804851705e-11 5.8469156678423725e-12
2.0851547691738674e+21 2.9170370673066248e-11 5.5703697661916607e-12
2.2154191206986697e+21 2.8565355465099888e-11 5.5382987954851493e-12
2.3538213819503650e+21 2.7921818934123445e-11 5.5037994159625410e-12
2.5008699466218582e+21 2.7493556053590577e-11 5.4948926574996990e-12
2.6571049689140350e+21 2.6647899559570884e-11 5.4145419637670258e-12
2.8231003476868071e+21 2.5712823048126307e-11 5.3384564945805342e-12
2.9994658345645590e+21 2.5563481679232691e-11 5.3803646272485836e-12
3.1868492737397245e+21 2.4645062182532456e-11 5.2927873882911181e-12
3.3859389817019826e+21 2.4271898516269290e-11 5.2928789679877240e-12
3.5974662756345315e+21 2.3613674969180496e-11 5.2348988592506887e-12
3.8222081597650533e+21 2.3064076570916656e-11 5.2007473539360361e-12
4.0609901795389614e+21 2.2692203353095644e-11 5.1905999990621582e-12
4.3146894540996451e+21 2.2158932591433396e-11 5.1792764941170819e-12
4.5842378982143227e+21 2.1847200574781932e-11 5.1768780778098818e-12
4.8706256454810746e+21 2.1434589858355680e-11 5.1627482101942237e-12
5.1749046853913595e+21 2.0946857129507537e-11 5.1397150871778134e-12
5.4981927276080781e+21 2.0065890573004351e-11 5.0191401008434960e-12
5.8416773076538632e+21 1.9957020806486706e-11 5.1166832336400911e-12
6.2066201490910326e+21 1.9081260465756097e-11 4.9445826398645505e-12
6.5943617982168878e+21 1.8734701583129932e-11 4.9418122112092468e-12
7.0063265482986624e+21 1.8353622925424298e-11 4.9346665591875024e-12
7.4440276714371636e+21 1.7952115494117977e-11 4.9212683525445598e-12
7.9090729772762603e+21 1.7293429134211691e-11 4.8345945054118409e-12
8.4031707189778401e+21 1.7139401215798689e-11 4.9199241357884424e-12
8.9281358681563799e+21 1.6656448089468839e-11 4.8820136972185319e-12
