# k_modes P_scalar P_tensor
4.5653537608003733e-05 2.8366063023123957e-09 7.3958251821539471e-12
4.6297694122120263e-05 2.8354123670293114e-09 7.3957855662720064e-12
4.6950939474395118e-05 2.8342168060559733e-09 7.3957410299358993e-12
4.7613401905368272e-05 2.8330239249270193e-09 7.3957028394840910e-12
4.8285211465011560e-05 2.8318284483942746e-09 7.3956571850299135e-12
4.8966500038259570e-05 2.8306354346868543e-09 7.3956172908259175e-12
4.9657401370900169e-05 2.8294428996345332e-09 7.3955779834230500e-12
5.0358051095830937e-05 2.8282486362407683e-09 7.3955334745765329e-12
5.1068586759685069e-05 2.8270560533206735e-09 7.3954927039293446e-12
5.1789147849833845e-05 2.8258630412495919e-09 7.3954501339900215e-12
5.2519875821770152e-05 2.8246714370628753e-09 7.3954105715363018e-12
5.3260914126877386e-05 2.8234781028692634e-09 7.3953658191558262e-12
5.4012408240591245e-05 2.8222860405700328e-09 7.3953237213125122e-12
5.4774505690958232e-05 2.8210950510538663e-09 7.3952837450180605e-12
5.5547356087597765e-05 2.8199040851426072e-09 7.3952431794506466e-12
5.6331111151071833e-05 2.8187134363547785e-09 7.3952027583037105e-12
5.7125924742670005e-05 2.8175204073368726e-09 7.3951554321583151e-12
5.7931952894614802e-05 2.8163316440645780e-09 7.3951186172299311e-12
5.8749353840692101e-05 2.8151408202156797e-09 7.3950757160758682e-12
5.9578288047314988e-05 2.8139504350808835e-09 7.3950333093907025e-12
6.0418918245025125e-05 2.8127594167865493e-09 7.3949885554030845e-12
6.1271409460439367e-05 2.8115701298957678e-09 7.3949476757250856e-12
6.2135929048645904e-05 2.8103809309782488e-09 7.3949063474904487e-12
6.3012646726058583e-05 2.8091919774211842e-09 7.3948649989135664e-12
6.3901734603734868e-05 2.8080026058996037e-09 7.3948218628228824e-12
6.4803367221162627e-05 2.8068142949237794e-09 7.3947808528291631e-12
6.5717721580525116e-05 2.8056261849941794e-09 7.3947396928815784e-12
6.6644977181448450e-05 2.8044367154008218e-09 7.3946942709808630e-12
6.7585316056240300e-05 2.8032496196896925e-09 7.3946544404412817e-12
6.8538922805624355e-05 2.8020611796024045e-09 7.3946103719819842e-12
6.9505984634980435e-05 2.8008740583823908e-09 7.3945691005052999e-12
7.0486691391094999e-05 2.7996864028852734e-09 7.3945257660669332e-12
7.1481235599431120e-05 2.7985012277165056e-09 7.3944882851243726e-12
7.2489812501922883e-05 2.7973129388038154e-09 7.3944419158039739e-12
7.3512620095304352e-05 2.7961273852185181e-09 7.3944020881374090e-12
7.4549859169979296e-05 2.7949414938951398e-09 7.3943606850346726e-12
7.5601733349438138e-05 2.7937547829718312e-09 7.3943164382387748e-12
7.6668449130232386e-05 2.7925695133277738e-09 7.3942753218905279e-12
7.7750215922512366e-05 2.7913840179661267e-09 7.3942329411550407e-12
7.8847246091137728e-05 2.7901982185613953e-09 7.3941890544498628e-12
7.9959754997366530e-05 2.7890137464995963e-09 7.3941480210681076e-12
8.1087961041133831e-05 2.7878295304020520e-09 7.3941069702990612e-12
8.2232085703927023e-05 2.7866443898028813e-09 7.3940628066960716e-12
8.3392353592264481e-05 2.7854594004062018e-09 7.3940183470059886e-12
8.4568992481789401e-05 2.7842759741436821e-09 7.3939773610388433e-12
8.5762233361984816e-05 2.7830930663570167e-09 7.3939370594740867e-12
8.6972310481520438e-05 2.7819084179431161e-09 7.3938914670275425e-12
8.8199461394237758e-05 2.7807256716352204e-09 7.3938502387176985e-12
8.9443927005785438e-05 2.7795434398668191e-09 7.3938097018462835e-12
9.0705951620912719e-05 2.7783611029403920e-09 7.3937681975926577e-12
9.1985782991428592e-05 2.7771779675464776e-09 7.3937238777093315e-12
9.3283672364839390e-05 2.7759960785868891e-09 7.3936822125065598e-12
9.4599874533671534e-05 2.7748134627700306e-09 7.3936379134173344e-12
9.5934647885491424e-05 2.7736324191150049e-09 7.3935971177541687e-12
9.7288254453629114e-05 2.7724503650353952e-09 7.3935529514905445e-12
9.8660959968619388e-05 2.7712699112137584e-09 7.3935123602286503e-12
1.0005303391036873e-04 2.7700886911046059e-09 7.3934690416629297e-12
1.0146474956105660e-04 2.7689069001126967e-09 7.3934235184599331e-12
1.0289638405878484e-04 2.7677279857731053e-09 7.3933849858669268e-12
1.0434821845198382e-04 2.7665468404042966e-09 7.3933398096062055e-12
1.0582053775458504e-04 2.7653672057987217e-09 7.3932979880806445e-12
1.0731363100197404e-04 2.7641870854603958e-09 7.3932541707065435e-12
1.0882779130773083e-04 2.7630075865908543e-09 7.3932113364114571e-12
1.1036331592117270e-04 2.7618287994686181e-09 7.3931697163652166e-12
1.1192050628570779e-04 2.7606494962472530e-09 7.3931260287235993e-12
1.1349966809801198e-04 2.7594717896699137e-09 7.3930859237097679e-12
1.1510111136804197e-04 2.7582926527252164e-09 7.3930413039878080e-12
1.1672515047989323e-04 2.7571145853622963e-09 7.3929988604167475e-12
1.1837210425351873e-04 2.7559357623513829e-09 7.3929537015939759e-12
1.2004229600731640e-04 2.7547588594392133e-09 7.3929130158099624e-12
1.2173605362160159e-04 2.7535814163688732e-09 7.3928701660887266e-12
1.2345370960297389e-04 2.7524051359539456e-09 7.3928297737724535e-12
1.2519560114959214e-04 2.7512272744064001e-09 7.3927844394269932e-12
1.2696207021737160e-04 2.7500503323431740e-09 7.3927408759458143e-12
1.2875346358711336e-04 2.7488746650110501e-09 7.3927000530645356e-12
1.3057013293258296e-04 2.7476980249985331e-09 7.3926559285333914e-12
1.3241243488954749e-04 2.7465215012792251e-09 7.3926114216626582e-12
1.3428073112578860e-04 2.7453455987351115e-09 7.3925678864089838e-12
1.3617538841210244e-04 2.7441694890842425e-09 7.3925231111103546e-12
1.3809677869430084e-04 2.7429955538478374e-09 7.3924834992809446e-12
1.4004527916623024e-04 2.7418198075578784e-09 7.3924383173268071e-12
1.4202127234381860e-04 2.7406467929223034e-09 7.3923998061746389e-12
1.4402514614016927e-04 2.7394725586626513e-09 7.3923573030225328e-12
1.4605729394171233e-04 2.7382978468797842e-09 7.3923128345957568e-12
1.4811811468543241e-04 2.7371239806727138e-09 7.3922699481507278e-12
1.5020801293718483e-04 2.7359502882867932e-09 7.3922268435171974e-12
1.5232739897111657e-04 2.7347763635308286e-09 7.3921824176450819e-12
1.5447668885020953e-04 2.7336041928000734e-09 7.3921420279679414e-12
1.5665630450795786e-04 2.7324302075533856e-09 7.3920960460450101e-12
1.5886667383120022e-04 2.7312571876894877e-09 7.3920519695908973e-12
1.6110823074411829e-04 2.7300843868583478e-09 7.3920078123097615e-12
1.6338141529342277e-04 2.7289129158477974e-09 7.3919665366882059e-12
1.6568667373473983e-04 2.7277412969795561e-09 7.3919241691430991e-12
1.6802445862021634e-04 2.7265692886149630e-09 7.3918800541906919e-12
1.7039522888736297e-04 2.7253978990600233e-09 7.3918369196999594e-12
1.7279944994914813e-04 2.7242271752781562e-09 7.3917948917355597e-12
1.7523759378536603e-04 2.7230554715330512e-09 7.3917495114351500e-12
1.7771013903529102e-04 2.7218858059243663e-09 7.3917089629312329e-12
1.8021757109164187e-04 2.7207140976262583e-09 7.3916621834394302e-12
1.8276038219587024e-04 2.7195438286428164e-09 7.3916185914736973e-12
1.8533907153479344e-04 2.7183746609417597e-09 7.3915773134356612e-12
1.8795414533859250e-04 2.7172044456449849e-09 7.3915324753012051e-12
1.9060611698019041e-04 2.7160358008348622e-09 7.3914912348625168e-12
1.9329550707603531e-04 2.7148663091149255e-09 7.3914469655703517e-12
1.9602284358830258e-04 2.7136974374478703e-09 7.3914036902719964e-12
1.9878866192854231e-04 2.7125295861717605e-09 7.3913624916923742e-12
2.0159350506278675e-04 2.7113603382047553e-09 7.3913167979801290e-12
2.0443792361814116e-04 2.7101910514888342e-09 7.3912703053851038e-12
2.0732247599087968e-04 2.7090236452563096e-09 7.3912282186440383e-12
2.1024772845606584e-04 2.7078557206823154e-09 7.3911840190361674e-12
2.1321425527871967e-04 2.7066886176231349e-09 7.3911413754058843e-12
2.1622263882655238e-04 2.7055218638875644e-09 7.3910989787797712e-12
2.1927346968429431e-04 2.7043547250748263e-09 7.3910548160933510e-12
2.2236734676963344e-04 2.7031882539623055e-09 7.3910117871537355e-12
2.2550487745079048e-04 2.7020210725917899e-09 7.3909661240110258e-12
2.2868667766575343e-04 2.7008551384939249e-09 7.3909231607787026e-12
2.3191337204319474e-04 2.6996894531438824e-09 7.3908801482986096e-12
2.3518559402509355e-04 2.6985240117098276e-09 7.3908371445738842e-12
2.3850398599108784e-04 2.6973578734155558e-09 7.3907915090182408e-12
2.4186919938458336e-04 2.6961926020881786e-09 7.3907475373890402e-12
2.4528189484063965e-04 2.6950287277464158e-09 7.3907066886446574e-12
2.4874274231566080e-04 2.6938632809887147e-09 7.3906608430282019e-12
2.5225242121891712e-04 2.6926989011602226e-09 7.3906172059361702e-12
2.5581162054592248e-04 2.6915341363993270e-09 7.3905718050643781e-12
2.5942103901369247e-04 2.6903704068021872e-09 7.3905285503342226e-12
2.6308138519791103e-04 2.6892063432852106e-09 7.3904836633377327e-12
2.6679337767203479e-04 2.6880440677389447e-09 7.3904429896478268e-12
2.7055774514835604e-04 2.6868805775173955e-09 7.3903982679256746e-12
2.7437522662106099e-04 2.6857182999600906e-09 7.3903561638053248e-12
2.7824657151130140e-04 2.6845558414237368e-09 7.3903128622745487e-12
2.8217253981431762e-04 2.6833928451705981e-09 7.3902673900185059e-12
2.8615390224863489e-04 2.6822310735827895e-09 7.3902245753710545e-12
2.9019144040736441e-04 2.6810679396587450e-09 7.3901773045958207e-12
2.9428594691164223e-04 2.6799068871838244e-09 7.3901350417129753e-12
2.9843822556622861e-04 2.6787451303508206e-09 7.3900901370336775e-12
3.0264909151730800e-04 2.6775834180720282e-09 7.3900446486622160e-12
3.0691937141251002e-04 2.6764229638768529e-09 7.3900019128266561e-12
3.1124990356319365e-04 2.6752622259172383e-09 7.3899576981857518e-12
3.1564153810901738e-04 2.6741015185008181e-09 7.3899128586010381e-12
3.2009513718483191e-04 2.6729415486918835e-09 7.3898693198298347e-12
3.2461157508993052e-04 2.6717822851814878e-09 7.3898270556964974e-12
3.2919173845968289e-04 2.6706216503614479e-09 7.3897802824915678e-12
3.3383652643959559e-04 2.6694625586209491e-09 7.3897370646880845e-12
3.3854685086182361e-04 2.6683038904894677e-09 7.3896943082459384e-12
3.4332363642417685e-04 2.6671456548841654e-09 7.3896520587418508e-12
3.4816782087164971e-04 2.6659864709245704e-09 7.3896064141330290e-12
3.5308035518051112e-04 2.6648265609979423e-09 7.3895580873782885e-12
3.5806220374499627e-04 2.6636695639591899e-09 7.3895171158647512e-12
3.6311434456662685e-04 2.6625105477638491e-09 7.3894698265315636e-12
3.6823776944620813e-04 2.6613536278937206e-09 7.3894276474058911e-12
3.7343348417852963e-04 2.6601973048086763e-09 7.3893864079237031e-12
3.7870250874981806e-04 2.6590394737124448e-09 7.3893402691447821e-12
3.8404587753797307e-04 2.6578824922357861e-09 7.3892957774618184e-12
3.8946463951562748e-04 2.6567245347287889e-09 7.3892478582840638e-12
3.9495985845607723e-04 2.6555683408604500e-09 7.3892041270176664e-12
4.0053261314211064e-04 2.6544121168887260e-09 7.3891596059327213e-12
4.0618399757779067e-04 2.6532568201092312e-09 7.3891169222221964e-12
4.1191512120321890e-04 2.6521003988027012e-09 7.3890704162493956e-12
4.1772710911233582e-04 2.6509462421286786e-09 7.3890294972970179e-12
4.2362110227379030e-04 2.6497906595347612e-09 7.3889838911085448e-12
4.2959825775492537e-04 2.6486352059355856e-09 7.3889379216161558e-12
4.3565974894892677e-04 2.6474803548454542e-09 7.3888929082126971e-12
4.4180676580517588e-04 2.6463272025405333e-09 7.3888519428637685e-12
4.4804051506285150e-04 2.6451723054739672e-09 7.3888053796633495e-12
4.5436222048782698e-04 2.6440186420914421e-09 7.3887615389085296e-12
4.6077312311291406e-04 2.6428643590067994e-09 7.3887152558493767e-12
4.6727448148149237e-04 2.6417109215620416e-09 7.3886706137361190e-12
4.7386757189457694e-04 2.6405589176958925e-09 7.3886292388132806e-12
4.8055368866137352e-04 2.6394044807776663e-09 7.3885803723538882e-12
4.8733414435336918e-04 2.6382523232281762e-09 7.3885371548073479e-12
4.9421027006200631e-04 2.6370993067284704e-09 7.3884908182474729e-12
5.0118341565999166e-04 2.6359478674416222e-09 7.3884481646522822e-12
5.0825495006629644e-04 2.6347952754659142e-09 7.3884015681039410e-12
5.1542626151489224e-04 2.6336442635777162e-09 7.3883586766229864e-12
5.2269875782727743e-04 2.6324932281711595e-09 7.3883149860837393e-12
5.3007386668885246e-04 2.6313421738070968e-09 7.3882705560823268e-12
5.3755303592919351e-04 2.6301900294571999e-09 7.3882223217223004e-12
5.4513773380627985e-04 2.6290397570301362e-09 7.3881786281475056e-12
5.5282944929472969e-04 2.6278889828556414e-09 7.3881327999766446e-12
5.6062969237810894e-04 2.6267392659795877e-09 7.3880892212928070e-12
5.6853999434535872e-04 2.6255878578889009e-09 7.3880401639775310e-12
5.7656190809140617e-04 2.6244393052583457e-09 7.3879984091419802e-12
5.8469700842201874e-04 2.6232907286964693e-09 7.3879558684509752e-12
5.9294689236296077e-04 2.6221412694710514e-09 7.3879101366145927e-12
6.0131317947350867e-04 2.6209915866104487e-09 7.3878630231364393e-12
6.0979751216438970e-04 2.6198440414029733e-09 7.3878212269642775e-12
6.1840155602021238e-04 2.6186954472841438e-09 7.3877757478279322e-12
6.2712700012644042e-04 2.6175466507099733e-09 7.3877289683273132e-12
6.3597555740098073e-04 2.6163987917723494e-09 7.3876841001133357e-12
6.4494896493045293e-04 2.6152505271830171e-09 7.3876373732176700e-12
6.5404898431120292e-04 2.6141043635723870e-09 7.3875958516034409e-12
6.6327740199512630e-04 2.6129571539841865e-09 7.3875506536199099e-12
6.7263602964036948e-04 2.6118096546690286e-09 7.3875039050200170e-12
6.8212670446698650e-04 2.6106628301446041e-09 7.3874583423501912e-12
6.9175128961760615e-04 2.6095165070114112e-09 7.3874134476250589e-12
7.0151167452319049e-04 2.6083703799766869e-09 7.3873684133698844e-12
7.1140977527395580e-04 2.6072248237725656e-09 7.3873242495449017e-12
7.2144753499552711e-04 2.6060777837629048e-09 7.3872751593830494e-12
7.3162692423039792e-04 2.6049333852116818e-09 7.3872328287026359e-12
7.4194994132477149e-04 2.6037884970118999e-09 7.3871883657133931e-12
7.5241861282086310e-04 2.6026430364580936e-09 7.3871415763362053e-12
7.6303499385474188e-04 2.6014988187030109e-09 7.3870975615201409e-12
7.7380116855977124e-04 2.6003536819657814e-09 7.3870502206117913e-12
7.8471925047575702e-04 2.5992096220140642e-09 7.3870051929510929e-12
7.9579138296386332e-04 2.5980658413270603e-09 7.3869602322031667e-12
8.0701973962738079e-04 2.5969223720889435e-09 7.3869154357504064e-12
8.1840652473843135e-04 2.5957793409262023e-09 7.3868711455713686e-12
8.2995397367069694e-04 2.5946360883382382e-09 7.3868254935222478e-12
8.4166435333825438e-04 2.5934915970234646e-09 7.3867755899888783e-12
8.5353996264059826e-04 2.5923504338199963e-09 7.3867344406726469e-12
8.6558313291394174e-04 2.5912069851298499e-09 7.3866860240610260e-12
8.7779622838889387e-04 2.5900649108723019e-09 7.3866408069833198e-12
8.9018164665458576e-04 2.5889240295443167e-09 7.3865982514225074e-12
9.0274181912934712e-04 2.5877819899014542e-09 7.3865516867818085e-12
9.1547921153802621e-04 2.5866405914230100e-09 7.3865061706357062e-12
9.2839632439604611e-04 2.5854984328560037e-09 7.3864577850679476e-12
9.4149569350028626e-04 2.5843586496006620e-09 7.3864154275979054e-12
9.5477989042688988e-04 2.5832172692740065e-09 7.3863677964005948e-12
9.6825152303610254e-04 2.5820766406751206e-09 7.3863215584033869e-12
9.8191323598422701e-04 2.5809369122654236e-09 7.3862771465380176e-12
9.9576771124280147e-04 2.5797969335173203e-09 7.3862313278280187e-12
1.0098176686251063e-03 2.5786575299635203e-09 7.3861863775769725e-12
1.0240658663201025e-03 2.5775176863015575e-09 7.3861394495664192e-12
1.0385151014338965e-03 2.5763784632614573e-09 7.3860935643532882e-12
1.0531682105388456e-03 2.5752405774096930e-09 7.3860507584707621e-12
1.0680280702304210e-03 2.5741008953988322e-09 7.3860020797920510e-12
1.0830975976919167e-03 2.5729616009894117e-09 7.3859537675081777e-12
1.0983797512671282e-03 2.5718247445501232e-09 7.3859117130153349e-12
1.1138775310411170e-03 2.5706869100307368e-09 7.3858661362317351e-12
1.1295939794291677e-03 2.5695484819747625e-09 7.3858181122038797e-12
1.1455321817740512e-03 2.5684109666267064e-09 7.3857719347091369e-12
1.1616952669517143e-03 2.5672730715297884e-09 7.3857239399283297e-12
1.1780864079855265e-03 2.5661369529014914e-09 7.3856803280647945e-12
1.1947088226691802e-03 2.5650002094008963e-09 7.3856341680983659e-12
1.2115657741983848e-03 2.5638641825538059e-09 7.3855893458332197e-12
1.2286605718114759e-03 2.5627278072095412e-09 7.3855427632681907e-12
1.2459965714390643e-03 2.5615927282334479e-09 7.3854991853114965e-12
1.2635771763628461e-03 2.5604568749863713e-09 7.3854526200590120e-12
1.2814058378837079e-03 2.5593204547733123e-09 7.3854036987828628e-12
1.2994860559992691e-03 2.5581858156861264e-09 7.3853591520824056e-12
1.3178213800909726e-03 2.5570509867632551e-09 7.3853133402247920e-12
1.3364154096208729e-03 2.5559164442043327e-09 7.3852675885081445e-12
1.3552717948382587e-03 2.5547824139316129e-09 7.3852225860044786e-12
1.3743942374962478e-03 2.5536469656762369e-09 7.3851727335876171e-12
1.3937864915784860e-03 2.5525134865554797e-09 7.3851278436883971e-12
1.4134523640360989e-03 2.5513803714076510e-09 7.3850832590650563e-12
1.4333957155350542e-03 2.5502463188576988e-09 7.3850352027038772e-12
1.4536204612140562e-03 2.5491130975029893e-09 7.3849888329670722e-12
1.4741305714531354e-03 2.5479795665513402e-09 7.3849408145802881e-12
1.4949300726530888e-03 2.5468481130756724e-09 7.3848980594408335e-12
1.5160230480259170e-03 2.5457156209485513e-09 7.3848515600914327e-12
1.5374136383964096e-03 2.5445832893391062e-09 7.3848047776716384e-12
1.5591060430150392e-03 2.5434513764312693e-09 7.3847584545609641e-12
1.5811045203823302e-03 2.5423196888159476e-09 7.3847120357707978e-12
1.6034133890848689e-03 2.5411883932936629e-09 7.3846660316017131e-12
1.6260370286430791e-03 2.5400566583835832e-09 7.3846179808085484e-12
1.6489798803709904e-03 2.5389255302139931e-09 7.3845709615952531e-12
1.6722464482481262e-03 2.5377941717992576e-09 7.3845225193111546e-12
1.6958412998036912e-03 2.5366648310825941e-09 7.3844791916126055e-12
1.7197690670132334e-03 2.5355343886523968e-09 7.3844319123996641e-12
1.7440344472079612e-03 2.5344049240606824e-09 7.3843867251259733e-12
1.7686422039969044e-03 2.5332744912305790e-09 7.3843379800022007e-12
1.7935971682020502e-03 2.5321451177297982e-09 7.3842915778240426e-12
1.8189042388067097e-03 2.5310160139852594e-09 7.3842452034493086e-12
1.8445683839172524e-03 2.5298874134010032e-09 7.3841995347774555e-12
1.8705946417384072e-03 2.5287591679011889e-09 7.3841541611174675e-12
1.8969881215623239e-03 2.5276297480383708e-09 7.3841046114840173e-12
1.9237540047715963e-03 2.5265019805858908e-09 7.3840591336324208e-12
1.9508975458564397e-03 2.5253726413666671e-09 7.3840083331075760e-12
1.9784240734462108e-03 2.5242461851320289e-09 7.3839651662742980e-12
2.0063389913554820e-03 2.5231198680196187e-09 7.3839216830331395e-12
2.0346477796448904e-03 2.5219914375003736e-09 7.3838712589129875e-12
2.0633559956969409e-03 2.5208649776801060e-09 7.3838258432928461e-12
2.0924692753069873e-03 2.5197388050865977e-09 7.3837805189179915e-12
2.1219933337896157e-03 2.5186117576716502e-09 7.3837318927176735e-12
2.1519339671006409e-03 2.5174850356946804e-09 7.3836834477762589e-12
2.1822970529749210e-03 2.5163598229643397e-09 7.3836386706309862e-12
2.2130885520802290e-03 2.5152328084755278e-09 7.3835878706911682e-12
2.2443145091874208e-03 2.5141083528593942e-09 7.3835438160812506e-12
2.2759810543570959e-03 2.5129832430308176e-09 7.3834970843023840e-12
2.3080944041430039e-03 2.5118588743459376e-09 7.3834517714619621e-12
2.3406608628124383e-03 2.5107341689558229e-09 7.3834047149646849e-12
2.3736868235838507e-03 2.5096093782018459e-09 7.3833566590835420e-12
2.4071787698819193e-03 2.5084854400620268e-09 7.3833103479180875e-12
2.4411432766103199e-03 2.5073611241933871e-09 7.3832621701562305e-12
2.4755870114424811e-03 2.5062377218727841e-09 7.3832159274047083e-12
2.5105167361305276e-03 2.5051143507556311e-09 7.3831690084206584e-12
2.5459393078326935e-03 2.5039914198170643e-09 7.3831226354336653e-12
2.5818616804594782e-03 2.5028684331362279e-09 7.3830753479905160e-12
2.6182909060387927e-03 2.5017450859573543e-09 7.3830262202785332e-12
2.6552341361003613e-03 2.5006226296968155e-09 7.3829789720848939e-12
2.6926986230796494e-03 2.4995012751841630e-09 7.3829342259825754e-12
2.7306917217416282e-03 2.4983798401850514e-09 7.3828884582172766e-12
2.7692208906246012e-03 2.4972576418756866e-09 7.3828396909861344e-12
2.8082936935044087e-03 2.4961354288514586e-09 7.3827901169890486e-12
2.8479178008792984e-03 2.4950153103338227e-09 7.3827459819178689e-12
2.8881009914757498e-03 2.4938942583690988e-09 7.3826983216811501e-12
2.9288511537755354e-03 2.4927730339844929e-09 7.3826493928381369e-12
2.9701762875643202e-03 2.4916527818804245e-09 7.3826025873148763e-12
3.0120845055021444e-03 2.4905327880201936e-09 7.3825557568809407e-12
3.0545840347160316e-03 2.4894121082101756e-09 7.3825061448120626e-12
3.0976832184150781e-03 2.4882923751535676e-09 7.3824585808121874e-12
3.1413905175283361e-03 2.4871736500292261e-09 7.3824132386879029e-12
3.1857145123658109e-03 2.4860544684336040e-09 7.3823657838325015e-12
3.2306639043028825e-03 2.4849347192933673e-09 7.3823158801094410e-12
3.2762475174884869e-03 2.4838159186884210e-09 7.3822680295671738e-12
3.3224743005774312e-03 2.4826982139989594e-09 7.3822226580898150e-12
3.3693533284871215e-03 2.4815803659547293e-09 7.3821761098658903e-12
3.4168938041790795e-03 2.4804622265528970e-09 7.3821279182924306e-12
3.4651050604656095e-03 2.4793445579777385e-09 7.3820803832599439e-12
3.5139965618419581e-03 2.4782267432662463e-09 7.3820316288063769e-12
3.5635779063443113e-03 2.4771099209214134e-09 7.3819850585190153e-12
3.6138588274340056e-03 2.4759928060956134e-09 7.3819368713152922e-12
3.6648491959083355e-03 2.4748759771678952e-09 7.3818887474742955e-12
3.7165590218383466e-03 2.4737599039558340e-09 7.3818421366680732e-12
3.7689984565338962e-03 2.4726434663235004e-09 7.3817936354420327e-12
3.8221777945365142e-03 2.4715276620234260e-09 7.3817462866022005e-12
3.8761074756403597e-03 2.4704122738836001e-09 7.3816993994015671e-12
3.9307980869416797e-03 2.4692968687379677e-09 7.3816516915480090e-12
3.9862603649171843e-03 2.4681816549412591e-09 7.3816037935003554e-12
4.0425051975317670e-03 2.4670660271377637e-09 7.3815538878439783e-12
4.0995436263759604e-03 2.4659517055207580e-09 7.3815071093839008e-12
4.1573868488335346e-03 2.4648370820379846e-09 7.3814586658430839e-12
4.2160462202796766e-03 2.4637234919247305e-09 7.3814125397665956e-12
4.2755332563102245e-03 2.4626090691385901e-09 7.3813631657663110e-12
4.3358596350023164e-03 2.4614949003949033e-09 7.3813137620557458e-12
4.3970371992069360e-03 2.4603825729349532e-09 7.3812690939263201e-12
4.4590779588738290e-03 2.4592680783749359e-09 7.3812171852968738e-12
4.5219940934092227e-03 2.4581560982015519e-09 7.3811720264360212e-12
4.5857979540667882e-03 2.4570432854115564e-09 7.3811236051343396e-12
4.6505020663723433e-03 2.4559309917648443e-09 7.3810759758410387e-12
4.7161191325828036e-03 2.4548185822489021e-09 7.3810272247835668e-12
4.7826620341797649e-03 2.4537073558344549e-09 7.3809812567907350e-12
4.8501438343983398e-03 2.4525948618206947e-09 7.3809306952332624e-12
4.9185777807916218e-03 2.4514840817220873e-09 7.3808845196033692e-12
4.9879773078313414e-03 2.4503737431369640e-09 7.3808388955538178e-12
5.0583560395452594e-03 2.4492619742085648e-09 7.3807881950599440e-12
5.1297277921917026e-03 2.4481508223752268e-09 7.3807385746739134e-12
5.2021065769719110e-03 2.4470406117872262e-09 7.3806910101572750e-12
5.2755066027805834e-03 2.4459303656435741e-09 7.3806425821538423e-12
5.3499422789952964e-03 2.4448208625428388e-09 7.3805956027360042e-12
5.4254282183052458e-03 2.4437113027505298e-09 7.3805476662384076e-12
5.5019792395798817e-03 2.4426021811109019e-09 7.3805002818229945e-12
5.5796103707780901e-03 2.4414927177600103e-09 7.3804510983665703e-12
5.6583368518983287e-03 2.4403830920538333e-09 7.3804006520963761e-12
5.7381741379704801e-03 2.4392747474574568e-09 7.3803532831074097e-12
5.8191379020898328e-03 2.4381664886989759e-09 7.3803053964316445e-12
5.9012440384939501e-03 2.4370583484753272e-09 7.3802570974942609e-12
5.9845086656829015e-03 2.4359488209141725e-09 7.3802038249990971e-12
6.0689481295835117e-03 2.4348418132634205e-09 7.3801573898265590e-12
6.1545790067583216e-03 2.4337351034993905e-09 7.3801110753794157e-12
6.2414181076597356e-03 2.4326274674571825e-09 7.3800611791143174e-12
6.3294824799301772e-03 2.4315208278845138e-09 7.3800135306853870e-12
6.4187894117487179e-03 2.4304138811741250e-09 7.3799641649987022e-12
6.5093564352250097e-03 2.4293083742885135e-09 7.3799183894533383e-12
6.6012013298410496e-03 2.4282023555854828e-09 7.3798702712260594e-12
6.6943421259415036e-03 2.4270957607553215e-09 7.3798196257724281e-12
6.7887971082733417e-03 2.4259896023692551e-09 7.3797695275618655e-12
6.8845848195753182e-03 2.4248852641423243e-09 7.3797241742775542e-12
6.9817240642182079e-03 2.4237805702146111e-09 7.3796769672362813e-12
7.0802339118962877e-03 2.4226747934048205e-09 7.3796256667759870e-12
7.1801337013710290e-03 2.4215698346170751e-09 7.3795760843345197e-12
7.2814430442674832e-03 2.4204654671052346e-09 7.3795275205145880e-12
7.3841818289243537e-03 2.4193608349701060e-09 7.3794773423581921e-12
7.4883702242983111e-03 2.4182575043662968e-09 7.3794303748688996e-12
7.5940286839233980e-03 2.4171536209761154e-09 7.3793809319043022e-12
7.7011779499263772e-03 2.4160501377991730e-09 7.3793319244779466e-12
7.8098390570986191e-03 2.4149473030600883e-09 7.3792841023620950e-12
7.9200333370255654e-03 2.4138445794249591e-09 7.3792358210865572e-12
8.0317824222743348e-03 2.4127410748900301e-09 7.3791843935670897e-12
8.1451082506405308e-03 2.4116395979813237e-09 7.3791383625702727e-12
8.2600330694548897e-03 2.4105370078180633e-09 7.3790881442609078e-12
8.3765794399507029e-03 2.4094345805790787e-09 7.3790376264469561e-12
8.4947702416929283e-03 2.4083332892139126e-09 7.3789898079926986e-12
8.6146286770696877e-03 2.4072318249883119e-09 7.3789406725563062e-12
8.7361782758472555e-03 2.4061304905564235e-09 7.3788911504704567e-12
8.8594428997891984e-03 2.4050302254381485e-09 7.3788441098644273e-12
8.9844467473408005e-03 2.4039289309729377e-09 7.3787931126543408e-12
9.1112143583795113e-03 2.4028290987304566e-09 7.3787458352469650e-12
9.2397706190324169e-03 2.4017288678696880e-09 7.3786965180461067e-12
9.3701407665617697e-03 2.4006287277125777e-09 7.3786466990682057e-12
9.5023503943193113e-03 2.3995295126506539e-09 7.3785989437185264e-12
9.6364254567706704e-03 2.3984292504001500e-09 7.3785471719543552e-12
9.7723922745904680e-03 2.3973303359713954e-09 7.3784987513170208e-12
9.9102775398294853e-03 2.3962310312835059e-09 7.3784483573534860e-12
1.0050108321154626e-02 2.3951325420671363e-09 7.3783996362109153e-12
1.0191912069162820e-02 2.3940344636912433e-09 7.3783514105532797e-12
1.0335716621770002e-02 2.3929362285416522e-09 7.3783019102823656e-12
1.0481550209675967e-02 2.3918379994726811e-09 7.3782516320055777e-12
1.0629441461906518e-02 2.3907407015859995e-09 7.3782034339862242e-12
1.0779419411433622e-02 2.3896435084397369e-09 7.3781547536436926e-12
1.0931513500875045e-02 2.3885458769374343e-09 7.3781039309819372e-12
1.1085753588274240e-02 2.3874495694724168e-09 7.3780564212871026e-12
1.1242169952961937e-02 2.3863524437295889e-09 7.3780055769356796e-12
1.1400793301500341e-02 2.3852563817901232e-09 7.3779572195655823e-12
1.1561654773711193e-02 2.3841602293841940e-09 7.3779077875018183e-12
1.1724785948789002e-02 2.3830638156613201e-09 7.3778567531031163e-12
1.1890218851500350e-02 2.3819679378757548e-09 7.3778065709138870e-12
1.2057985958470881e-02 2.3808735580837782e-09 7.3777602425354147e-12
1.2228120204560770e-02 2.3797774385416016e-09 7.3777077168212892e-12
1.2400654989330356e-02 2.3786831247190759e-09 7.3776599862618591e-12
1.2575624183596878e-02 2.3775882080496938e-09 7.3776096143989246e-12
1.2753062136083709e-02 2.3764933967168351e-09 7.3775587438174445e-12
1.2933003680163547e-02 2.3754000704476035e-09 7.3775116848657560e-12
1.3115484140696560e-02 2.3743058152378383e-09 7.3774609573166655e-12
1.3300539340965216e-02 2.3732111151568686e-09 7.3774080382263517e-12
1.3488205609706747e-02 2.3721183157551505e-09 7.3773602230232307e-12
1.3678519788245058e-02 2.3710251059803474e-09 7.3773103250925816e-12
1.3871519237723100e-02 2.3699328860467659e-09 7.3772627116568695e-12
1.4067241846437324e-02 2.3688399721042105e-09 7.3772121423665344e-12
1.4265726037275727e-02 2.3677469539947121e-09 7.3771604598577669e-12
1.4467010775260658e-02 2.3666550021020370e-09 7.3771112729315914e-12
1.4671135575198275e-02 2.3655639105712667e-09 7.3770639592585029e-12
1.4878140509435686e-02 2.3644707739249634e-09 7.3770094844893687e-12
1.5088066215727804e-02 2.3633803721248888e-09 7.3769627368452765e-12
1.5300953905214939e-02 2.3622892727819213e-09 7.3769129994020385e-12
1.5516845370513177e-02 2.3611984044123427e-09 7.3768632010944148e-12
1.5735782993918788e-02 2.3601078770573125e-09 7.3768136239858261e-12
1.5957809755728348e-02 2.3590175750752954e-09 7.3767639664091348e-12
1.6182969242676468e-02 2.3579277820846585e-09 7.3767151011830493e-12
1.6411305656492275e-02 2.3568380215996128e-09 7.3766655398168935e-12
1.6642863822576945e-02 2.3557471239011577e-09 7.3766116019377289e-12
1.6877689198803364e-02 2.3546579271107068e-09 7.3765621745958511e-12
1.7115827884440216e-02 2.3535685622798748e-09 7.3765114217664052e-12
1.7357326629201818e-02 2.3524799244493923e-09 7.3764621440654520e-12
1.7602232842425646e-02 2.3513906287354863e-09 7.3764099960561645e-12
1.7850594602379526e-02 2.3503020351067730e-09 7.3763592448079196e-12
1.8102460665699871e-02 2.3492143273780435e-09 7.3763104412504607e-12
1.8357880476963399e-02 2.3481271964573812e-09 7.3762626738749615e-12
1.8616904178393595e-02 2.3470390742568062e-09 7.3762109480146420e-12
1.8879582619704398e-02 2.3459522153145311e-09 7.3761624220176715e-12
1.9145967368082620e-02 2.3448645275682083e-09 7.3761104514325331e-12
1.9416110718311189e-02 2.3437779518783664e-09 7.3760611791480117e-12
1.9690065703035421e-02 2.3426908120700253e-09 7.3760093201842359e-12
1.9967886103173880e-02 2.3416045844690976e-09 7.3759595447721848e-12
2.0249626458476409e-02 2.3405183995603746e-09 7.3759090577592919e-12
2.0535342078230840e-02 2.3394322583859359e-09 7.3758579057276535e-12
2.0825089052121066e-02 2.3383466158348203e-09 7.3758075182073823e-12
2.1118924261238108e-02 2.3372614188996066e-09 7.3757577199290928e-12
2.1416905389246559e-02 2.3361766457691166e-09 7.3757084498273218e-12
2.1719090933708766e-02 2.3350917102747572e-09 7.3756578557640874e-12
2.2025540217568512e-02 2.3340067045556539e-09 7.3756062271808929e-12
2.2336313400797034e-02 2.3329218806205467e-09 7.3755543461956337e-12
2.2651471492203038e-02 2.3318374503869105e-09 7.3755029063450212e-12
2.2971076361409697e-02 2.3307542843397961e-09 7.3754546440191412e-12
2.3295190751000287e-02 2.3296705958647976e-09 7.3754039168256817e-12
2.3623878288835519e-02 2.3285873657154780e-09 7.3753538269717403e-12
2.3957203500544449e-02 2.3275042332281667e-09 7.3753032301020178e-12
2.4295231822191628e-02 2.3264207738644623e-09 7.3752507773170756e-12
2.4638029613123214e-02 2.3253380123340197e-09 7.3751997180419766e-12
2.4985664168993990e-02 2.3242557100715603e-09 7.3751493149971635e-12
2.5338203734978550e-02 2.3231741798818959e-09 7.3751005278513524e-12
2.5695717519168531e-02 2.3220913316134271e-09 7.3750467445848943e-12
2.6058275706159227e-02 2.3210104275992345e-09 7.3749983288614797e-12
2.6425949470827666e-02 2.3199286528161433e-09 7.3749463009588704e-12
2.6798810992305081e-02 2.3188477676195701e-09 7.3748963019323992e-12
2.7176933468146789e-02 2.3177668941786960e-09 7.3748455147459501e-12
2.7560391128701615e-02 2.3166864789228262e-09 7.3747953641005280e-12
2.7949259251684490e-02 2.3156061379197464e-09 7.3747446272971153e-12
2.8343614176954215e-02 2.3145257062363865e-09 7.3746927932918083e-12
2.8743533321500168e-02 2.3134452867277968e-09 7.3746401685239241e-12
2.9149095194640175e-02 2.3123664373785933e-09 7.3745917283119389e-12
2.9560379413432831e-02 2.3112865404213460e-09 7.3745391290637575e-12
2.9977466718307550e-02 2.3102081789661837e-09 7.3744906023517475e-12
3.0400438988914733e-02 2.3091287255272067e-09 7.3744377735712585e-12
3.0829379260200050e-02 2.3080499615503887e-09 7.3743863125550927e-12
3.1264371738705020e-02 2.3069715426573005e-09 7.3743351435857211e-12
3.1705501819098071e-02 2.3058937546370700e-09 7.3742851678824215e-12
3.2152856100938543e-02 2.3048152994574134e-09 7.3742322236917612e-12
3.2606522405677178e-02 2.3037381021433147e-09 7.3741824834892102e-12
3.3066589793896865e-02 2.3026609003365867e-09 7.3741318932735855e-12
3.3533148582796109e-02 2.3015837396455270e-09 7.3740806354309773e-12
3.4006290363919736e-02 2.3005063794193742e-09 7.3740279030261609e-12
3.4486108021139252e-02 2.2994295366257862e-09 7.3739759916945175e-12
3.4972695748887402e-02 2.2983537407357438e-09 7.3739266141885268e-12
3.5466149070649482e-02 2.2972775002324954e-09 7.3738750116653570e-12
3.5966564857716113e-02 2.2962021642520989e-09 7.3738254477365472e-12
3.6474041348200183e-02 2.2951266320723490e-09 7.3737744395004565e-12
3.6988678166322203e-02 2.2940500136822509e-09 7.3737191261639692e-12
3.7510576341968055e-02 2.2929758847110131e-09 7.3736709813567374e-12
3.8039838330522172e-02 2.2919008053427903e-09 7.3736189471677833e-12
3.8576568032981186e-02 2.2908253897574408e-09 7.3735649904173525e-12
3.9120870816350732e-02 2.2897519614385708e-09 7.3735166111230576e-12
3.9672853534330588e-02 2.2886772589054120e-09 7.3734633005303119e-12
4.0232624548291393e-02 2.2876036333953052e-09 7.3734126332810029e-12
4.0800293748547212e-02 2.2865292835498113e-09 7.3733587950318496e-12
4.1375972575928753e-02 2.2854561941164658e-09 7.3733081857015445e-12
4.1959774043660289e-02 2.2843833032851260e-09 7.3732573935649348e-12
4.2551812759545976e-02 2.2833099068273507e-09 7.3732041312938510e-12
4.3152204948468498e-02 2.2822372510749379e-09 7.3731524379979245e-12
4.3761068475205854e-02 2.2811652381929133e-09 7.3731019853372221e-12
4.4378522867569554e-02 2.2800928151863236e-09 7.3730493706167453e-12
4.5004689339869397e-02 2.2790207743609737e-09 7.3729971627699474e-12
4.5639690816709724e-02 2.2779496477685954e-09 7.3729470678456684e-12
4.6283651957120704e-02 2.2768778548875057e-09 7.3728939948262514e-12
4.6936699179030941e-02 2.2758075173706637e-09 7.3728447869574348e-12
4.7598960684084562e-02 2.2747359363709900e-09 7.3727907338407874e-12
4.8270566482809169e-02 2.2736646944309185e-09 7.3727369402584484e-12
4.8951648420138494e-02 2.2725948692981384e-09 7.3726868927206212e-12
4.9642340201295099e-02 2.2715244329158689e-09 7.3726340378387177e-12
5.0342777418038775e-02 2.2704543540347264e-09 7.3725814954831642e-12
5.1053097575284610e-02 2.2693853520391887e-09 7.3725316238348333e-12
5.1773440118097348e-02 2.2683159493338279e-09 7.3724796070331915e-12
5.2503946459065871e-02 2.2672465180613809e-09 7.3724266607324952e-12
5.3244760006064769e-02 2.2661777143730939e-09 7.3723749166798034e-12
5.3996026190406686e-02 2.2651084302395843e-09 7.3723207798133889e-12
5.4757892495392806e-02 2.2640415794607771e-09 7.3722737076383427e-12
5.5530508485265542e-02 2.2629722213122774e-09 7.3722176420601374e-12
5.6314025834569771e-02 2.2619045655070842e-09 7.3721662867967979e-12
5.7108598357928954e-02 2.2608371597959014e-09 7.3721148899250215e-12
5.7914382040240402e-02 2.2597693914450849e-09 7.3720614965760511e-12
5.8731535067297697e-02 2.2587021255901710e-09 7.3720088702246314e-12
5.9560217856844060e-02 2.2576362197361139e-09 7.3719598700604982e-12
6.0400593090064902e-02 2.2565688208529273e-09 7.3719051375031935e-12
6.1252825743524079e-02 2.2555019005499412e-09 7.3718511261796268e-12
6.2117083121550690e-02 2.2544360645662328e-09 7.3717998173463519e-12
6.2993534889083588e-02 2.2533712000125210e-09 7.3717508434735987e-12
6.3882353104978279e-02 2.2523048953336054e-09 7.3716963136939941e-12
6.4783712255784803e-02 2.2512391681333487e-09 7.3716428300217185e-12
6.5697789290001224e-02 2.2501745277768595e-09 7.3715920619911600e-12
6.6624763652811322e-02 2.2491088603744711e-09 7.3715371036923095e-12
6.7564817321311893e-02 2.2480441536823104e-09 7.3714844265390852e-12
6.8518134840236930e-02 2.2469798114013426e-09 7.3714320984846122e-12
6.9484903358186689e-02 2.2459160156446448e-09 7.3713807126026944e-12
7.0465312664366786e-02 2.2448514838825010e-09 7.3713260891719998e-12
7.1459555225846891e-02 2.2437886914083928e-09 7.3712763104230989e-12
7.2467826225343882e-02 2.2427257093211518e-09 7.3712250681677190e-12
7.3490323599539387e-02 2.2416618266315799e-09 7.3711700167751723e-12
7.4527248077936703e-02 2.2405990909820762e-09 7.3711179027084222e-12
7.5578803222267107e-02 2.2395363407633278e-09 7.3710648809614611e-12
7.6645195466451474e-02 2.2384744618169080e-09 7.3710138900679212e-12
7.7726634157125690e-02 2.2374122319885466e-09 7.3709608670579296e-12
7.8823331594738658e-02 2.2363503231217422e-09 7.3709080716494591e-12
7.9935503075228981e-02 2.2352882694821572e-09 7.3708539350669533e-12
8.1063366932291034e-02 2.2342279215143058e-09 7.3708045797209713e-12
8.2207144580236008e-02 2.2331657197214850e-09 7.3707482717339316e-12
8.3367060557459002e-02 2.2321052892880018e-09 7.3706969626981881e-12
8.4543342570518598e-02 2.2310446445826995e-09 7.3706440656033015e-12
8.5736221538838309e-02 2.2299839110551876e-09 7.3705900544719250e-12
8.6945931640039720e-02 2.2289238796157255e-09 7.3705374857718307e-12
8.8172710355913841e-02 2.2278635921177146e-09 7.3704832298183430e-12
8.9416798519042606e-02 2.2268040509658122e-09 7.3704306004960168e-12
9.0678440360076731e-02 2.2257444658290556e-09 7.3703769653847005e-12
9.1957883555681921e-02 2.2246853930339339e-09 7.3703241661356240e-12
9.3255379277160835e-02 2.2236265846600744e-09 7.3702713820059405e-12
9.4571182239760937e-02 2.2225680080673658e-09 7.3702185188225235e-12
9.5905550752679050e-02 2.2215093743892122e-09 7.3701646146400330e-12
9.7258746769770102e-02 2.2204525883352832e-09 7.3701159761548324e-12
9.8631035940972764e-02 2.2193942001804335e-09 7.3700611892243950e-12
1.0002268766445928e-01 2.2183361717859087e-09 7.3700067203375425e-12
1.0143397513952242e-01 2.2172796436925993e-09 7.3699563782571345e-12
1.0286517542020783e-01 2.2162218412190830e-09 7.3699009593602277e-12
1.0431656946970302e-01 2.2151647250149814e-09 7.3698469428725692e-12
1.0578844221549476e-01 2.2141083203346693e-09 7.3697944569515810e-12
1.0728108260530321e-01 2.2130522347780824e-09 7.3697421708585265e-12
1.0879478366380703e-01 2.2119957992329047e-09 7.3696878527509380e-12
1.1032984255016699e-01 2.2109389845208732e-09 7.3696313911926784e-12
1.1188656061636305e-01 2.2098838966215953e-09 7.3695798563219145e-12
1.1346524346635284e-01 2.2088289487358031e-09 7.3695279216194639e-12
1.1506620101606635e-01 2.2077737197846912e-09 7.3694741955166872e-12
1.1668974755424627e-01 2.2067187310527614e-09 7.3694204033792842e-12
1.1833620180414645e-01 2.2056642880690373e-09 7.3693675718205152e-12
1.2000588698610232e-01 2.2046093117947238e-09 7.3693120978655556e-12
1.2169913088098226e-01 2.2035557414611387e-09 7.3692604579978937e-12
1.2341626589453619e-01 2.2025014377530867e-09 7.3692055040022549e-12
1.2515762912265019e-01 2.2014479094648994e-09 7.3691522805134339e-12
1.2692356241752362e-01 2.2003948227507768e-09 7.3690996802720800e-12
1.2871441245477877e-01 2.1993415063705836e-09 7.3690454419355991e-12
1.3053053080151750e-01 2.1982881345582743e-09 7.3689901602578811e-12
1.3237227398533913e-01 2.1972360429553239e-09 7.3689382897324370e-12
1.3424000356433058e-01 2.1961836447026180e-09 7.3688845488125905e-12
1.3613408619804593e-01 2.1951317647533368e-09 7.3688316520825827e-12
1.3805489371948523e-01 2.1940797639489757e-09 7.3687775030144414e-12
1.4000280320809130e-01 2.1930280769427044e-09 7.3687235214676255e-12
1.4197819706377479e-01 2.1919757920839647e-09 7.3686666825785525e-12
1.4398146308198387e-01 2.1909255962869920e-09 7.3686160196489083e-12
1.4601299452983446e-01 2.1898746932577826e-09 7.3685620828057357e-12
1.4807319022331250e-01 2.1888240415987938e-09 7.3685081314717838e-12
1.5016245460556796e-01 2.1877737569385731e-09 7.3684545438676440e-12
1.5228119782631103e-01 2.1867235513139234e-09 7.3684003597701471e-12
1.5442983582233089e-01 2.1856736422819813e-09 7.3683463115616711e-12
1.5660879039914907e-01 2.1846232389776910e-09 7.3682897165621827e-12
1.5881848931382483e-01 2.1835746912856655e-09 7.3682385112011682e-12
1.6105936635893053e-01 2.1825241666681047e-09 7.3681797586221871e-12
1.6333186144770959e-01 2.1814762052252650e-09 7.3681287943350020e-12
1.6563642070043824e-01 2.1804276808111797e-09 7.3680750582440857e-12
1.6797349653200358e-01 2.1793793952923156e-09 7.3680212514752179e-12
1.7034354774071980e-01 2.1783310922172158e-09 7.3679665224095766e-12
1.7274703959839480e-01 2.1772837279646191e-09 7.3679141016972444e-12
1.7518444394167038e-01 2.1762357502563766e-09 7.3678587223595088e-12
1.7765623926464935e-01 2.1751883807101747e-09 7.3678045314197677e-12
1.8016291081282962e-01 2.1741412424529051e-09 7.3677502565497289e-12
1.8270495067836531e-01 2.1730938244535984e-09 7.3676941328950759e-12
1.8528285789666962e-01 2.1720477063062325e-09 7.3676415584743361e-12
1.8789713854438317e-01 2.1710010598112281e-09 7.3675863350328910e-12
1.9054830583872209e-01 2.1699554446363231e-09 7.3675337280416852e-12
1.9323688023823046e-01 2.1689096272609497e-09 7.3674795391176460e-12
1.9596338954495263e-01 2.1678638552023184e-09 7.3674246471037070e-12
1.9872836900804677e-01 2.1668189108455089e-09 7.3673716815998044e-12
2.0153236142886288e-01 2.1657734819381568e-09 7.3673162048087721e-12
2.0437591726750001e-01 2.1647283181925953e-09 7.3672607398488653e-12
2.0725959475087036e-01 2.1636838871179537e-09 7.3672068906256682e-12
2.1018395998228473e-01 2.1626393920013927e-09 7.3671519441667353e-12
2.1314958705258760e-01 2.1615956314602809e-09 7.3670986210844557e-12
2.1615705815285788e-01 2.1605519744672781e-09 7.3670447886602549e-12
2.1920696368869980e-01 2.1595075704784320e-09 7.3669875177037109e-12
2.2229990239614897e-01 2.1584645276076900e-09 7.3669340126593339e-12
2.2543648145921008e-01 2.1574214427318442e-09 7.3668794766015221e-12
2.2861731662905682e-01 2.1563784224074901e-09 7.3668242898486731e-12
2.3184303234491013e-01 2.1553354345271544e-09 7.3667683217598616e-12
2.3511426185662512e-01 2.1542929491885856e-09 7.3667131896061061e-12
2.3843164734900574e-01 2.1532509592009008e-09 7.3666588818661151e-12
2.4179584006787314e-01 2.1522091980683853e-09 7.3666044552133404e-12
2.4520750044791545e-01 2.1511680461085072e-09 7.3665512592535522e-12
2.4866729824233771e-01 2.1501264885373339e-09 7.3664957679889417e-12
2.5217591265434502e-01 2.1490850160543772e-09 7.3664396775818440e-12
2.5573403247047699e-01 2.1480441910955153e-09 7.3663849473724592e-12
2.5934235619582757e-01 2.1470026217110076e-09 7.3663267639485370e-12
2.6300159219116853e-01 2.1459633013078417e-09 7.3662754071521378e-12
2.6671245881201167e-01 2.1449234611342290e-09 7.3662213847427644e-12
2.7047568454963061e-01 2.1438832083035550e-09 7.3661650644639468e-12
2.7429200817407223e-01 2.1428438342870003e-09 7.3661108787361786e-12
2.7816217887918876e-01 2.1418044378964277e-09 7.3660557222417192e-12
2.8208695642971204e-01 2.1407645034438210e-09 7.3659978285641713e-12
2.8606711131040741e-01 2.1397260791292327e-09 7.3659442414859294e-12
2.9010342487732749e-01 2.1386868483037094e-09 7.3658869911292038e-12
2.9419668951120487e-01 2.1376497756139184e-09 7.3658362793320765e-12
2.9834770877300543e-01 2.1366114159646240e-09 7.3657802613059934e-12
3.0255729756167721e-01 2.1355736292050465e-09 7.3657253252217907e-12
3.0682628227412762e-01 2.1345353262188441e-09 7.3656677126097363e-12
3.1115550096745342e-01 2.1334990265561983e-09 7.3656161140500057e-12
3.1554580352346473e-01 2.1324609947761834e-09 7.3655576623949790e-12
3.1999805181552532e-01 2.1314237607646638e-09 7.3655010725288782e-12
3.2451311987775178e-01 2.1303877795799492e-09 7.3654479069343749e-12
3.2909189407659689e-01 2.1293510287137694e-09 7.3653911910285653e-12
3.3373527328485358e-01 2.1283149832229888e-09 7.3653360244811521e-12
3.3844416905811803e-01 2.1272792148197847e-09 7.3652809262331438e-12
3.4321950581373689e-01 2.1262440030219533e-09 7.3652268627072070e-12
3.4806222101228512e-01 2.1252085547368009e-09 7.3651710891770384e-12
3.5297326534159923e-01 2.1241735723191804e-09 7.3651160378658769e-12
3.5795360290341199e-01 2.1231385969244649e-09 7.3650601127333237e-12
3.6300421140261563e-01 2.1221032052001194e-09 7.3650018435546503e-12
3.6812608233920030e-01 2.1210690546893892e-09 7.3649469755836368e-12
3.7332022120289748e-01 2.1200350078783694e-09 7.3648915917556030e-12
3.7858764767056940e-01 2.1190019570039918e-09 7.3648387548842649e-12
3.8392939580638735e-01 2.1179682129977712e-09 7.3647826308941061e-12
3.8934651426482930e-01 2.1169346394589015e-09 7.3647261946713498e-12
3.9484006649654690e-01 2.1159018654208671e-09 7.3646716352510850e-12
4.0041113095713199e-01 2.1148683159164597e-09 7.3646134798111240e-12
4.0606080131883393e-01 2.1138352750451851e-09 7.3645561982539842e-12
4.1179018668526057e-01 2.1128038385819690e-09 7.3645036177585286e-12
4.1760041180910834e-01 2.1117715314896171e-09 7.3644470757017401e-12
4.2349261731296883e-01 2.1107400325568476e-09 7.3643924948782981e-12
4.2946795991324438e-01 2.1097074698773898e-09 7.3643332780787007e-12
4.3552761264722994e-01 2.1086767496001971e-09 7.3642795876920173e-12
4.4167276510339204e-01 2.1076456588556010e-09 7.3642236972586213e-12
4.4790462365490352e-01 2.1066147369644040e-09 7.3641675085168966e-12
4.5422441169646893e-01 2.1055836884638414e-09 7.3641099806563945e-12
4.6063336988449183e-01 2.1045538368446185e-09 7.3640557161027989e-12
4.6713275638063229e-01 2.1035235673447322e-09 7.3639991006478206e-12
4.7372384709880350e-01 2.1024929866676013e-09 7.3639404782296460e-12
4.8040793595564468e-01 2.1014637405144315e-09 7.3638856398028162e-12
4.8718633512453735e-01 2.1004346826032368e-09 7.3638305583393607e-12
4.9406037529320029e-01 2.0994050937978179e-09 7.3637727057418784e-12
5.0103140592492457e-01 2.0983764149564467e-09 7.3637171263600986e-12
5.0810079552348486e-01 2.0973479785530532e-09 7.3636615026701598e-12
5.1526993190179737e-01 2.0963195281638123e-09 7.3636049218355869e-12
5.2254022245436849e-01 2.0952914367209323e-09 7.3635487000418382e-12
5.2991309443357903e-01 2.0942633665540260e-09 7.3634916398219807e-12
5.3738999522987552e-01 2.0932352836493585e-09 7.3634336420305760e-12
5.4497239265591058e-01 2.0922084979196954e-09 7.3633792809483988e-12
5.5266177523469751e-01 2.0911823338834497e-09 7.3633262372877253e-12
5.6045965249181984e-01 2.0901548034600458e-09 7.3632674220106978e-12
5.6836755525177485e-01 2.0891281348955327e-09 7.3632107532901833e-12
5.7638703593849672e-01 2.0881021658149498e-09 7.3631556522425725e-12
5.8451966888011142e-01 2.0870760540696407e-09 7.3630991248773308e-12
5.9276705061800217e-01 2.0860500038810304e-09 7.3630418971731304e-12
6.0113080022022869e-01 2.0850239018301614e-09 7.3629835927195725e-12
6.0961255959937599e-01 2.0839979957854532e-09 7.3629250519802990e-12
6.1821399383487641e-01 2.0829735581838725e-09 7.3628707927309344e-12
6.2693679149988923e-01 2.0819492726970547e-09 7.3628161620978280e-12
6.3578266499279401e-01 2.0809237522201956e-09 7.3627562583773612e-12
6.4475335087334829e-01 2.0798999788466974e-09 7.3627016169595854e-12
6.5385061020360258e-01 2.0788758773906228e-09 7.3626449104082515e-12
6.6307622889361661e-01 2.0778514326635536e-09 7.3625860575795119e-12
6.7243201805206210e-01 2.0768278578723427e-09 7.3625293576559336e-12
6.8191981434175908e-01 2.0758048813183663e-09 7.3624738743604602e-12
6.9154148034024032e-01 2.0747818912490573e-09 7.3624174394035164e-12
7.0129890490540381e-01 2.0737588790971080e-09 7.3623600094540263e-12
7.1119400354631190e-01 2.0727358324811388e-09 7.3623015464351471e-12
7.2122871879923578e-01 2.0717140188137012e-09 7.3622465250310270e-12
7.3140502060899804e-01 2.0706914017120443e-09 7.3621877335147513e-12
7.4172490671570401e-01 2.0696695919334722e-09 7.3621309175611833e-12
7.5219040304691565e-01 2.0686479411224355e-09 7.3620737260323990e-12
7.6280356411537120e-01 2.0676262867780670e-09 7.3620155929076287e-12
7.7356647342231788e-01 2.0666059803131011e-09 7.3619613576105276e-12
7.8448124386652052e-01 2.0655852984571467e-09 7.3619048793405636e-12
7.9555001815905790e-01 2.0645642048021270e-09 7.3618459931421576e-12
8.0677496924396053e-01 2.0635442618654172e-09 7.3617902969734920e-12
8.1815830072479512e-01 2.0625238927295370e-09 7.3617321703962601e-12
8.2970224729725073e-01 2.0615032985799987e-09 7.3616722913659277e-12
8.4140907518784269e-01 2.0604848327221241e-09 7.3616190905991394e-12
8.5328108259880819e-01 2.0594646099254622e-09 7.3615587244614231e-12
8.6532060015926260e-01 2.0584460036332734e-09 7.3615031972952255e-12
8.7752999138273902e-01 2.0574272656746143e-09 7.3614462607288675e-12
8.8991165313117337e-01 2.0564084303293306e-09 7.3613880614871340e-12
9.0246801608544658e-01 2.0553901606448255e-09 7.3613309700325650e-12
9.1520154522254771e-01 2.0543718223778230e-09 7.3612727033446423e-12
9.2811474029948682e-01 2.0533542012622088e-09 7.3612160905191533e-12
9.4121013634403505e-01 2.0523356821637007e-09 7.3611553165375625e-12
9.5449030415237213e-01 2.0513185016398842e-09 7.3610984229300283e-12
9.6795785079377461e-01 2.0503029644466866e-09 7.3610464922478887e-12
9.8161542012241398e-01 2.0492854672396958e-09 7.3609866277504185e-12
9.9546569329638657e-01 2.0482685824642086e-09 7.3609279996829995e-12
1.0095113893040488e+00 2.0472522875048473e-09 7.3608705750925863e-12
1.0237552654977968e+00 2.0462363527016151e-09 7.3608135191402990e-12
1.0382001181353675e+00 2.0452205618618257e-09 7.3607560537402195e-12
1.0528487829287878e+00 2.0442049081484188e-09 7.3606981405204989e-12
1.0677041356010490e+00 2.0431891189337829e-09 7.3606388411031181e-12
1.0827690924506557e+00 2.0421739825375537e-09 7.3605809358874751e-12
1.0980466109241387e+00 2.0411598510192767e-09 7.3605257264380405e-12
1.1135396901966277e+00 2.0401441475661079e-09 7.3604639207075366e-12
1.1292513717606365e+00 2.0391304868077687e-09 7.3604085537881036e-12
1.1451847400231434e+00 2.0381165717276157e-09 7.3603513289584011e-12
1.1613429229111094e+00 2.0371023977630888e-09 7.3602922434519704e-12
1.1777290924855164e+00 2.0360883488969745e-09 7.3602326758900370e-12
1.1943464655640921e+00 2.0350759077878512e-09 7.3601780062382427e-12
1.2111983043528189e+00 2.0340621190611279e-09 7.3601174896554417e-12
1.2282879170863343e+00 2.0330503222794189e-09 7.3600632519084998e-12
1.2456186586773885e+00 2.0320366413899603e-09 7.3600012900340473e-12
1.2631939313754530e+00 2.0310245018808194e-09 7.3599439587355064e-12
1.2810171854346371e+00 2.0300126315507743e-09 7.3598866425918643e-12
1.2990919197910011e+00 2.0290006427771219e-09 7.3598279741904400e-12
1.3174216827494512e+00 2.0279890401292155e-09 7.3597697911444165e-12
1.3360100726803257e+00 2.0269778087109378e-09 7.3597120063033290e-12
1.3548607387257858e+00 2.0259666593170092e-09 7.3596535747767264e-12
1.3739773815162000e+00 2.0249553966398805e-09 7.3595938140555668e-12
1.3933637538966206e+00 2.0239459723997091e-09 7.3595397641117176e-12
1.4130236616635274e+00 2.0229343763920837e-09 7.3594769136339280e-12
1.4329609643119376e+00 2.0219249955224609e-09 7.3594211541793523e-12
1.4531795757930834e+00 2.0209152789087471e-09 7.3593632412630600e-12
1.4736834652827799e+00 2.0199053546053794e-09 7.3593036201599324e-12
1.4944766579606086e+00 2.0188963087963720e-09 7.3592462651460006e-12
1.5155632358001241e+00 2.0178869674944971e-09 7.3591869065935182e-12
1.5369473383701926e+00 2.0168774472766379e-09 7.3591259464736891e-12
1.5586331636476549e+00 2.0158697397316271e-09 7.3590706568137913e-12
1.5806249688414253e+00 2.0148614733456953e-09 7.3590123739531370e-12
1.6029270712282464e+00 2.0138527924881538e-09 7.3589516466991535e-12
1.6255438490002363e+00 2.0128448431153428e-09 7.3588926397167862e-12
1.6484797421243649e+00 2.0118373058847679e-09 7.3588341993393929e-12
1.6717392532140900e+00 2.0108308581523923e-09 7.3587787839417234e-12
1.6953269484132722e+00 2.0098232188425835e-09 7.3587180897322306e-12
1.7192474582925823e+00 2.0088152929626280e-09 7.3586553855577693e-12
1.7435054787585207e+00 2.0078096784085117e-09 7.3586001978074405e-12
1.7681057719752966e+00 2.0068028191186344e-09 7.3585395171033352e-12
1.7930531672997116e+00 2.0057974582724921e-09 7.3584833740443013e-12
1.8183525622292054e+00 2.0047913549079737e-09 7.3584235602020859e-12
1.8440089233633112e+00 2.0037863203220151e-09 7.3583667060145175e-12
1.8700272873786568e+00 2.0027813802436530e-09 7.3583092746701956e-12
1.8964127620177444e+00 2.0017755078699307e-09 7.3582474577708891e-12
1.9231705270916450e+00 2.0007704164903390e-09 7.3581875661895094e-12
1.9503058354968721e+00 1.9997662751666401e-09 7.3581302080374854e-12
1.9778240142466070e+00 1.9987619481909300e-09 7.3580712440006988e-12
2.0057304655164359e+00 1.9977574258364388e-09 7.3580105755489252e-12
2.0340306677048829e+00 1.9967538789950426e-09 7.3579525599241689e-12
2.0627301765088841e+00 1.9957510980412489e-09 7.3578964180170987e-12
2.0918346260144576e+00 1.9947472252820627e-09 7.3578352925088086e-12
2.1213497298027231e+00 1.9937431644357509e-09 7.3577725263806568e-12
2.1512812820715665e+00 1.9927410976662565e-09 7.3577161701711766e-12
2.1816351587731257e+00 1.9917386736472077e-09 7.3576575284515874e-12
2.2124173187672942e+00 1.9907360409448121e-09 7.3575971859223554e-12
2.2436338049915365e+00 1.9897335201619833e-09 7.3575362640294909e-12
2.2752907456471885e+00 1.9887323594795158e-09 7.3574794425543485e-12
2.3073943554025194e+00 1.9877307360696667e-09 7.3574199499655391e-12
2.3399509366127269e+00 1.9867287481747663e-09 7.3573581342120958e-12
2.3729668805571875e+00 1.9857286358720259e-09 7.3573023285200722e-12
2.4064486686941375e+00 1.9847272587301820e-09 7.3572408799446777e-12
2.4404028739330896e+00 1.9837266430561243e-09 7.3571812915931994e-12
2.4748361619251487e+00 1.9827256928951783e-09 7.3571194839091130e-12
2.5097552923715813e+00 1.9817262120670336e-09 7.3570621891827699e-12
2.5451671203508472e+00 1.9807259913566475e-09 7.3570011806784908e-12
2.5810785976643116e+00 1.9797275432488333e-09 7.3569457948158625e-12
2.6174967742009909e+00 1.9787271706323443e-09 7.3568823176624073e-12
2.6544287993215310e+00 1.9777284110039318e-09 7.3568238658672333e-12
2.6918819232617386e+00 1.9767301297183504e-09 7.3567662303534396e-12
2.7298634985558636e+00 1.9757307682578845e-09 7.3567036052799048e-12
2.7683809814800164e+00 1.9747324847835521e-09 7.3566440239832027e-12
2.8074419335159440e+00 1.9737348876817515e-09 7.3565860564557404e-12
2.8470540228354175e+00 1.9727369580170111e-09 7.3565258890757524e-12
2.8872250258056145e+00 1.9717387231976633e-09 7.3564636145032194e-12
2.9279628285157075e+00 1.9707422980660390e-09 7.3564071124846722e-12
2.9692754283250329e+00 1.9697441117849484e-09 7.3563431035586424e-12
3.0111709354330385e+00 1.9687481820926441e-09 7.3562865164222602e-12
3.0536575744714383e+00 1.9677508697679551e-09 7.3562238285148145e-12
3.0967436861188347e+00 1.9667556728252473e-09 7.3561680629709714e-12
3.1404377287380632e+00 1.9657591183106729e-09 7.3561062635098891e-12
3.1847482800367053e+00 1.9647628638099088e-09 7.3560446243722730e-12
3.2296840387509893e+00 1.9637680331548928e-09 7.3559873365338289e-12
3.2752538263534929e+00 1.9627718784906857e-09 7.3559241268621124e-12
3.3214665887848716e+00 1.9617762509042187e-09 7.3558619157898827e-12
3.3683313982100840e+00 1.9607824726574587e-09 7.3558056854557381e-12
3.4158574547993958e+00 1.9597870144140500e-09 7.3557421780744603e-12
3.4640540885344513e+00 1.9587931464933388e-09 7.3556836607216151e-12
3.5129307610398972e+00 1.9577995959206085e-09 7.3556253651754030e-12
3.5624970674408085e+00 1.9568057466039822e-09 7.3555649910522822e-12
3.6127627382463654e+00 1.9558115759655458e-09 7.3555024172011862e-12
3.6637376412600342e+00 1.9548185684978161e-09 7.3554432649345495e-12
3.7154317835167663e+00 1.9538255699715206e-09 7.3553831468900755e-12
3.7678553132475345e+00 1.9528329759269306e-09 7.3553236055960815e-12
3.8210185218715131e+00 1.9518404131120240e-09 7.3552632048579220e-12
3.8749318460164517e+00 1.9508473717759165e-09 7.3552000293328189e-12
3.9296058695675011e+00 1.9498548444205424e-09 7.3551378017262456e-12
3.9850513257450015e+00 1.9488636447666178e-09 7.3550796277217683e-12
4.0412790992115060e+00 1.9478729417247267e-09 7.3550223287646533e-12
4.0983002282085996e+00 1.9468804282002488e-09 7.3549572197294850e-12
4.1561259067238838e+00 1.9458900397662433e-09 7.3548991775819498e-12
4.2147674866884399e+00 1.9448980508730291e-09 7.3548340946766125e-12
4.2742364802054054e+00 1.9439086417781309e-09 7.3547778031756250e-12
4.3345445618099232e+00 1.9429179919014964e-09 7.3547158366522526e-12
4.3957035707610439e+00 1.9419282788109497e-09 7.3546564367479871e-12
4.4577255133658733e+00 1.9409382658097686e-09 7.3545949205251804e-12
4.5206225653365895e+00 1.9399488412318943e-09 7.3545346621636049e-12
4.5844070741807235e+00 1.9389593999199119e-09 7.3544733468040001e-12
4.6490915616250810e+00 1.9379692460397085e-09 7.3544083527517692e-12
4.7146887260739527e+00 1.9369817839280083e-09 7.3543525922518634e-12
4.7812114451019614e+00 1.9359932402521284e-09 7.3542917272542957e-12
4.8486727779821317e+00 1.9350046875714722e-09 7.3542298744204733e-12
4.9170859682495403e+00 1.9340164037052145e-09 7.3541680504997088e-12
4.9864644463012313e+00 1.9330292015641212e-09 7.3541093581563333e-12
5.0568218320327549e+00 1.9320414572958682e-09 7.3540476240466683e-12
5.1281719375119739e+00 1.9310541638707133e-09 7.3539866047299285e-12
5.2005287696904903e+00 1.9300666785532225e-09 7.3539238865851104e-12
5.2739065331534203e+00 1.9290794417523694e-09 7.3538611297489499e-12
5.3483196329079696e+00 1.9280938545943250e-09 7.3538036970843250e-12
5.4237826772112667e+00 1.9271071913426222e-09 7.3537411171500717e-12
5.5003104804381842e+00 1.9261210209512742e-09 7.3536794677876260e-12
5.5779180659895831e+00 1.9251347616599960e-09 7.3536164825068098e-12
5.6566206692416374e+00 1.9241497728666368e-09 7.3535573712068633e-12
5.7364337405366728e+00 1.9231640550306493e-09 7.3534944677225903e-12
5.8173729482163026e+00 1.9221791439631017e-09 7.3534336946587258e-12
5.8994541816973607e+00 1.9211946256779240e-09 7.3533734000469584e-12
5.9826935545911297e+00 1.9202096423960544e-09 7.3533103425477672e-12
6.0671074078667022e+00 1.9192258467080029e-09 7.3532508471705674e-12
6.1527123130588954e+00 1.9182415092090405e-09 7.3531882925203432e-12
6.2395250755215148e+00 1.9172577506062396e-09 7.3531269652935820e-12
6.3275627377263808e+00 1.9162733159029016e-09 7.3530620572081223e-12
6.4168425826090321e+00 1.9152902767362670e-09 7.3530015021948849e-12
6.5073821369616240e+00 1.9143071031686106e-09 7.3529394383686996e-12
6.5991991748735881e+00 1.9133250862601633e-09 7.3528808068693195e-12
6.6923117212209711e+00 1.9123423499183543e-09 7.3528184510433390e-12
6.7867380552049221e+00 1.9113590464167338e-09 7.3527529003638353e-12
6.8824967139401956e+00 1.9103773947786409e-09 7.3526927174959130e-12
6.9796064960941404e+00 1.9093962031680108e-09 7.3526332936097735e-12
7.0780864655771669e+00 1.9084145581210829e-09 7.3525711348976856e-12
7.1779559552852819e+00 1.9074326099935709e-09 7.3525068273495657e-12
7.2792345708953006e+00 1.9064522454688891e-09 7.3524476125346362e-12
7.3819421947137531e+00 1.9054713708613338e-09 7.3523854384519267e-12
7.4860989895800110e+00 1.9044908055731006e-09 7.3523234652311362e-12
7.5917254028245722e+00 1.9035105621257410e-09 7.3522617187617481e-12
7.6988421702830498e+00 1.9025301455941959e-09 7.3521983338918111e-12
7.8074703203669262e+00 1.9015507308063337e-09 7.3521377892780435e-12
7.9176311781917557e+00 1.9005710365012893e-09 7.3520751881577527e-12
8.0293463697634646e+00 1.8995915613995879e-09 7.3520124249946315e-12
8.1426378262238792e+00 1.8986126753131829e-09 7.3519509273543306e-12
8.2575277881560609e+00 1.8976338407203452e-09 7.3518886328546580e-12
8.3740388099504912e+00 1.8966544666964870e-09 7.3518232633407624e-12
8.4921937642326881e+00 1.8956763966101091e-09 7.3517619323178739e-12
8.6120158463534473e+00 1.8946984930190746e-09 7.3517002588545662e-12
8.7335285789424510e+00 1.8937203587790764e-09 7.3516366708233757e-12
8.8567558165259488e+00 1.8927433565941255e-09 7.3515764702770156e-12
8.9817217502097915e+00 1.8917659034891098e-09 7.3515135289367654e-12
9.1084509124284185e+00 1.8907887722540634e-09 7.3514508150685438e-12
9.2369681817609663e+00 1.8898123521516056e-09 7.3513898752700997e-12
9.3672987878151464e+00 1.8888354927444267e-09 7.3513262213047287e-12
9.4994683161802005e+00 1.8878594763456193e-09 7.3512648359653226e-12
9.6335027134497402e+00 1.8868838940349078e-09 7.3512041344034461e-12
9.7694282923152862e+00 1.8859075130587175e-09 7.3511393202083157e-12
9.9072717367318681e+00 1.8849324957380317e-09 7.3510787956143336e-12
1.0047060107156391e+01 1.8839567710558878e-09 7.3510145232302721e-12
1.0188820845860032e+01 1.8829820223490370e-09 7.3509530367488122e-12
1.0332581782315401e+01 1.8820067940281903e-09 7.3508886735324015e-12
1.0478371138659877e+01 1.8810325797362960e-09 7.3508272628679658e-12
1.0626217535236055e+01 1.8800579345962583e-09 7.3507631598430117e-12
1.0776149996210155e+01 1.8790839037301264e-09 7.3507004315621745e-12
1.0928197955269928e+01 1.8781099598732777e-09 7.3506370461143564e-12
1.1082391261402833e+01 1.8771364276942192e-09 7.3505742439991579e-12
1.1238760184755865e+01 1.8761631809915294e-09 7.3505115588116905e-12
1.1397335422577846e+01 1.8751898375035939e-09 7.3504474856318944e-12
1.1558148105245783e+01 1.8742176160925232e-09 7.3503867860931079e-12
1.1721229802376113e+01 1.8732449544909571e-09 7.3503233505403008e-12
1.1886612529022331e+01 1.8722720367172529e-09 7.3502578932176144e-12
1.2054328751959819e+01 1.8712998056098478e-09 7.3501941128079141e-12
1.2224411396059553e+01 1.8703287625882679e-09 7.3501339905619037e-12
1.2396893850751773e+01 1.8693570604557827e-09 7.3500702700244070e-12
1.2571809976580605e+01 1.8683858333852046e-09 7.3500073706335246e-12
1.2749194111851423e+01 1.8674149764182680e-09 7.3499449351415175e-12
1.2929081079371858e+01 1.8664435773312538e-09 7.3498793244849829e-12
1.3111506193288070e+01 1.8654732297401705e-09 7.3498168598605649e-12
1.3296505266017213e+01 1.8645021894173393e-09 7.3497506366008525e-12
1.3484114615277957e+01 1.8635330208819622e-09 7.3496907734169726e-12
1.3674371071220209e+01 1.8625638316790002e-09 7.3496298124040260e-12
1.3867311983655194e+01 1.8615929529714767e-09 7.3495611518143620e-12
1.4062975229387803e+01 1.8606243660924624e-09 7.3495005246182780e-12
1.4261399219652251e+01 1.8596552909332317e-09 7.3494369441909033e-12
1.4462622907652824e+01 1.8586860945030564e-09 7.3493718476040197e-12
1.4666685796210714e+01 1.8577187062384958e-09 7.3493129016373103e-12
1.4873627945519024e+01 1.8567496271990838e-09 7.3492462448580469e-12
1.5083489981007203e+01 1.8557815763819682e-09 7.3491826249214048e-12
1.5296313101316148e+01 1.8548141738284854e-09 7.3491205274006490e-12
1.5512139086386172e+01 1.8538466877464621e-09 7.3490570975842264e-12
1.5731010305658870e+01 1.8528787508893361e-09 7.3489908713148545e-12
1.5952969726394929e+01 1.8519121386068921e-09 7.3489288416512625e-12
1.6178060922108962e+01 1.8509456962327800e-09 7.3488664754369436e-12
1.6406328081123643e+01 1.8499788795434025e-09 7.3488015804766025e-12
1.6637816015244567e+01 1.8490113481500166e-09 7.3487328468195887e-12
1.6872570168557175e+01 1.8480464164615217e-09 7.3486733848069741e-12
1.7110636626348146e+01 1.8470807148706529e-09 7.3486098357040391e-12
1.7352062124152482e+01 1.8461147364006193e-09 7.3485441672003877e-12
1.7596894056928441e+01 1.8451501331835238e-09 7.3484829405044762e-12
1.7845180488361560e+01 1.8441841892308928e-09 7.3484153532552486e-12
1.8096970160300287e+01 1.8432200167662944e-09 7.3483537795180440e-12
1.8352312502324757e+01 1.8422552173150199e-09 7.3482886773290264e-12
1.8611257641450234e+01 1.8412908945695630e-09 7.3482244411810334e-12
1.8873856411967839e+01 1.8403274143230556e-09 7.3481625583753878e-12
1.9140160365423924e+01 1.8393625817729629e-09 7.3480942124586931e-12
1.9410221780740429e+01 1.8383992410567136e-09 7.3480308014272903e-12
1.9684093674477715e+01 1.8374368626049490e-09 7.3479701978011863e-12
1.9961829811242502e+01 1.8364727257937832e-09 7.3479015330646074e-12
2.0243484714242683e+01 1.8355108246495853e-09 7.3478407773193070e-12
2.0529113675990693e+01 1.8345482037300569e-09 7.3477761048261237e-12
2.0818772769158311e+01 1.8335858908772926e-09 7.3477116450916699e-12
2.1112518857584369e+01 1.8326235327120283e-09 7.3476459460883701e-12
2.1410409607438041e+01 1.8316617410504991e-09 7.3475814912652867e-12
2.1712503498539188e+01 1.8307000936288962e-09 7.3475165742555708e-12
2.2018859835838839e+01 1.8297394368388740e-09 7.3474545848661571e-12
2.2329538761061663e+01 1.8287781262512296e-09 7.3473889359239379e-12
2.2644601264512296e+01 1.8278171849379044e-09 7.3473237383615789e-12
2.2964109197048717e+01 1.8268565244833004e-09 7.3472586313852632e-12
2.3288125282224264e+01 1.8258966106945677e-09 7.3471954734153544e-12
2.3616713128601294e+01 1.8249364612742970e-09 7.3471303429302410e-12
2.3949937242238061e+01 1.8239768135527908e-09 7.3470661604562273e-12
2.4287863039352303e+01 1.8230171376578646e-09 7.3470008443082185e-12
2.4630556859163182e+01 1.8220577973761100e-09 7.3469358353025848e-12
2.4978085976914748e+01 1.8210977046502009e-09 7.3468667421580514e-12
2.5330518617082628e+01 1.8201401554899749e-09 7.3468068605450270e-12
2.5687923966767531e+01 1.8191816513881520e-09 7.3467421021312977e-12
2.6050372189277727e+01 1.8182230033217200e-09 7.3466757102885802e-12
2.6417934437902716e+01 1.8172650687348633e-09 7.3466111510200779e-12
2.6790682869881731e+01 1.8163079343810568e-09 7.3465487707539265e-12
2.7168690660569048e+01 1.8153493023333770e-09 7.3464793023304206e-12
2.7552032017799473e+01 1.8143926737485252e-09 7.3464168714641950e-12
2.7940782196455974e+01 1.8134359577432750e-09 7.3463530439642091e-12
2.8335017513243347e+01 1.8124789644031056e-09 7.3462870583911169e-12
2.8734815361670357e+01 1.8115217121875760e-09 7.3462189855527308e-12
2.9140254227242753e+01 1.8105656731299102e-09 7.3461547599796862e-12
2.9551413702871194e+01 1.8096099865653940e-09 7.3460909192141919e-12
2.9968374504496275e+01 1.8086539248249677e-09 7.3460245009306525e-12
3.0391218486934356e+01 1.8076989020130862e-09 7.3459612467363595e-12
3.0820028659946345e+01 1.8067435743151050e-09 7.3458957115379481e-12
3.1254889204533782e+01 1.8057881129926314e-09 7.3458285790911376e-12
3.1695885489464860e+01 1.8048337779890077e-09 7.3457649859323853e-12
3.2143104088033020e+01 1.8038793688945828e-09 7.3457000125888263e-12
3.2596632795052699e+01 1.8029253756558739e-09 7.3456357028959998e-12
3.3056560644094418e+01 1.8019703955673319e-09 7.3455663150715495e-12
3.3522977924963548e+01 1.8010174562232618e-09 7.3455041836388281e-12
3.3995976201424909e+01 1.8000630899361590e-09 7.3454351715457922e-12
3.4475648329178178e+01 1.7991108345847290e-09 7.3453737125599952e-12
3.4962088474086848e+01 1.7981575701745873e-09 7.3453070894586844e-12
3.5455392130663796e+01 1.7972049547011403e-09 7.3452420444510114e-12
3.5955656140818377e+01 1.7962521600421481e-09 7.3451752283761184e-12
3.6462978712867610e+01 1.7952995569849113e-09 7.3451081344831169e-12
3.6977459440816020e+01 1.7943476255197105e-09 7.3450427042458182e-12
3.7499199323906822e+01 1.7933958487833196e-09 7.3449768732664527e-12
3.8028300786449570e+01 1.7924444384079058e-09 7.3449114835655842e-12
3.8564867697927632e+01 1.7914933816102931e-09 7.3448464695650495e-12
3.9109005393388657e+01 1.7905420642367310e-09 7.3447793313858030e-12
3.9660820694123494e+01 1.7895909303919860e-09 7.3447118761547595e-12
4.0220421928636469e+01 1.7886407557638187e-09 7.3446472962844710e-12
4.0787918953911991e+01 1.7876905901923257e-09 7.3445817106217479e-12
4.1363423176980419e+01 1.7867405573472731e-09 7.3445155799553133e-12
4.1947047576788933e+01 1.7857912307607413e-09 7.3444512911050116e-12
4.2538906726381043e+01 1.7848411393264644e-09 7.3443828084329568e-12
4.3139116815388249e+01 1.7838918763778171e-09 7.3443166619313820e-12
4.3747795672839914e+01 1.7829425282666742e-09 7.3442490950194512e-12
4.4365062790294445e+01 1.7819943605584103e-09 7.3441853208935577e-12
4.4991039345297416e+01 1.7810450143660972e-09 7.3441156343356015e-12
4.5625848225169754e+01 1.7800970394189597e-09 7.3440505023968619e-12
4.6269614051132343e+01 1.7791491221503222e-09 7.3439845660806740e-12
4.6922463202771134e+01 1.7782017297208710e-09 7.3439197364874989e-12
4.7584523842846458e+01 1.7772539985772986e-09 7.3438524239251376e-12
4.8255925942453501e+01 1.7763062592909149e-09 7.3437839949483376e-12
4.8936801306537056e+01 1.7753597413236553e-09 7.3437195634756582e-12
4.9627283599766955e+01 1.7744128069355789e-09 7.3436523456380382e-12
5.0327508372777622e+01 1.7734659307757591e-09 7.3435842830938453e-12
5.1037613088778656e+01 1.7725198829760421e-09 7.3435185651236204e-12
5.1757737150541004e+01 1.7715742677148274e-09 7.3434535891535981e-12
5.2488021927762894e+01 1.7706277616379347e-09 7.3433838378608716e-12
5.3228610784822941e+01 1.7696822787365729e-09 7.3433172513115703e-12
5.3979649108924271e+01 1.7687374093199327e-09 7.3432521408083358e-12
5.4741284338636284e+01 1.7677926811105341e-09 7.3431865462736062e-12
