# #Parameters: delta_c =0.4, gamma = 0.2, gstar = 107.5#Columns: mPBH [Msun, fPBH]
1.2021987264785618e+21 0.0000000000000000e+00
1.0690634991344626e+21 0.0000000000000000e+00
9.5067208108708764e+20 0.0000000000000000e+00
8.4539169702283575e+20 0.0000000000000000e+00
7.5177039024635078e+20 0.0000000000000000e+00
6.6851699826416275e+20 0.0000000000000000e+00
5.9448334593448595e+20 0.0000000000000000e+00
5.2864841060303516e+20 0.0000000000000000e+00
4.7010424084094321e+20 0.0000000000000000e+00
4.1804343458546385e+20 0.0000000000000000e+00
3.7174800399033238e+20 0.0000000000000000e+00
3.3057947341723776e+20 0.0000000000000000e+00
2.9397007400653108e+20 0.0000000000000000e+00
2.6141491338856723e+20 0.0000000000000000e+00
2.3246501254557627e+20 0.0000000000000000e+00
2.0672111379311319e+20 0.0000000000000000e+00
1.8382817448491152e+20 0.0000000000000000e+00
1.6347047050198696e+20 0.0000000000000000e+00
1.4536724199659808e+20 0.0000000000000000e+00
1.2926882134006368e+20 0.0000000000000000e+00
1.1495318987368815e+20 0.0000000000000000e+00
1.0222291597580149e+20 0.0000000000000000e+00
9.0902432216781472e+19 0.0000000000000000e+00
8.0835614050401894e+19 0.0000000000000000e+00
7.1883626648432337e+19 0.0000000000000000e+00
6.3923010183473832e+19 0.0000000000000000e+00
5.6843977153531806e+19 0.0000000000000000e+00
5.0548898266161857e+19 0.0000000000000000e+00
4.4950956000516620e+19 0.0000000000000000e+00
3.9972947278120845e+19 0.0000000000000000e+00
3.5546218729609839e+19 0.0000000000000000e+00
3.1609719873341850e+19 0.0000000000000000e+00
2.8109161147957354e+19 0.0000000000000000e+00
2.4996265187031630e+19 0.0000000000000000e+00
2.2228101009901974e+19 0.0000000000000000e+00
1.9766491946274611e+19 0.0000000000000000e+00
1.7577489129102266e+19 0.0000000000000000e+00
1.5630903294498824e+19 0.0000000000000000e+00
1.3899888431588102e+19 0.0000000000000000e+00
1.2360571540263758e+19 0.0000000000000000e+00
1.0991723390726672e+19 0.0000000000000000e+00
9.7744657441358111e+18 0.0000000000000000e+00
8.6920109965547418e+18 0.0000000000000000e+00
7.7294306555379180e+18 0.0000000000000000e+00
6.8734494563398666e+18 0.0000000000000000e+00
6.1122622783360635e+18 0.0000000000000000e+00
5.4353713366889503e+18 0.0000000000000000e+00
4.8334414039154022e+18 0.0000000000000000e+00
4.2981710646682721e+18 0.0000000000000000e+00
3.8221782281639286e+18 0.0000000000000000e+00
3.3988983193198909e+18 0.0000000000000000e+00
3.0224937445224986e+18 0.0000000000000000e+00
2.6877733834372582e+18 0.0000000000000000e+00
2.3901209965465283e+18 0.0000000000000000e+00
2.1254315610592571e+18 0.0000000000000000e+00
1.8900546571801352e+18 0.0000000000000000e+00
1.6807441239594545e+18 0.0000000000000000e+00
1.4946132904107904e+18 0.0000000000000000e+00
1.3290951644739786e+18 0.0000000000000000e+00
1.1819070307762353e+18 0.0000000000000000e+00
1.0510189689473083e+18 0.0000000000000000e+00
9.3462585831440026e+17 0.0000000000000000e+00
8.3112248288424781e+17 0.0000000000000000e+00
7.3908139327695501e+17 0.0000000000000000e+00
6.5723322029814618e+17 0.0000000000000000e+00
5.8444916864739072e+17 0.0000000000000000e+00
5.1972544932782394e+17 0.0000000000000000e+00
4.6216943605915744e+17 0.0000000000000000e+00
4.1098735477259379e+17 0.0000000000000000e+00
3.6547333640936192e+17 0.0000000000000000e+00
3.2499968204641613e+17 0.0000000000000000e+00
2.8900820609239366e+17 0.0000000000000000e+00
2.5700253816498950e+17 0.0000000000000000e+00
2.2854127748238086e+17 0.0000000000000000e+00
2.0323190535864512e+17 0.0000000000000000e+00
1.8072537184837178e+17 0.0000000000000000e+00
1.6071128188309766e+17 0.0000000000000000e+00
1.4291361450996642e+17 0.0000000000000000e+00
1.2708691619521762e+17 0.0000000000000000e+00
1.1301291569309474e+17 0.0000000000000000e+00
1.0049751379469821e+17 0.0000000000000000e+00
8.9368106441418608e+16 0.0000000000000000e+00
7.9471204285116144e+16 0.0000000000000000e+00
7.0670315865611608e+16 0.0000000000000000e+00
6.2844065211689208e+16 0.0000000000000000e+00
5.5884517904819840e+16 0.0000000000000000e+00
4.9695692519796248e+16 0.0000000000000000e+00
4.4192236913063488e+16 0.0000000000000000e+00
3.9298251102997912e+16 0.0000000000000000e+00
3.4946240508086980e+16 0.0000000000000000e+00
3.1076185106769184e+16 0.0000000000000000e+00
2.7634711681409728e+16 0.0000000000000000e+00
2.4574357730553388e+16 0.0000000000000000e+00
2.1852916897825308e+16 0.0000000000000000e+00
1.9432856890071204e+16 0.0000000000000000e+00
1.7280801857054110e+16 0.0000000000000000e+00
1.5367072094033724e+16 0.0000000000000000e+00
1.3665274719114584e+16 0.0000000000000000e+00
1.2151939680257898e+16 0.0000000000000000e+00
1.0806196072009478e+16 0.0000000000000000e+00
9.6094842979203340e+15 0.0000000000000000e+00
8.5453001089962320e+15 0.0000000000000000e+00
7.5989669881259210e+15 0.0000000000000000e+00
6.7574337413657490e+15 0.0000000000000000e+00
6.0090945045952770e+15 0.0000000000000000e+00
5.3436286831957910e+15 0.0000000000000000e+00
4.7518586173069320e+15 0.0000000000000000e+00
4.2256230096755035e+15 0.0000000000000000e+00
3.7576643704981915e+15 0.0000000000000000e+00
3.3415289269725730e+15 0.0000000000000000e+00
2.9714776171758225e+15 0.0000000000000000e+00
2.6424069407582825e+15 0.0000000000000000e+00
2.3497785748774160e+15 0.0000000000000000e+00
2.0895567846822558e+15 0.0000000000000000e+00
1.8581527651555075e+15 0.0000000000000000e+00
1.6523751467132732e+15 0.0000000000000000e+00
1.4693859819686090e+15 0.0000000000000000e+00
1.3066616066578452e+15 0.0000000000000000e+00
1.1619578349496820e+15 0.0000000000000000e+00
1.0332790091340715e+15 0.0000000000000000e+00
9.1885047684481938e+14 0.0000000000000000e+00
8.1709411624019800e+14 0.0000000000000000e+00
7.2660657160121038e+14 0.0000000000000000e+00
6.4613989918740575e+14 0.0000000000000000e+00
5.7458435643085400e+14 0.0000000000000000e+00
5.1095309710831388e+14 0.0000000000000000e+00
4.5436856141765931e+14 0.0000000000000000e+00
4.0405037325958000e+14 0.0000000000000000e+00
3.5930457781197394e+14 0.0000000000000000e+00
3.1951407096882281e+14 0.0000000000000000e+00
2.8413008865279144e+14 0.0000000000000000e+00
2.5266463862782631e+14 0.0000000000000000e+00
2.2468377043637250e+14 0.0000000000000000e+00
1.9980159064468616e+14 0.0000000000000000e+00
1.7767494085849769e+14 0.0000000000000000e+00
1.5799866511177997e+14 0.0000000000000000e+00
1.4050140135960764e+14 0.0000000000000000e+00
1.2494183903419416e+14 0.0000000000000000e+00
1.1110539105081331e+14 0.0000000000000000e+00
9.8801234366141547e+13 0.0000000000000000e+00
8.7859678274376531e+13 0.0000000000000000e+00
7.8129824146430797e+13 0.0000000000000000e+00
6.9477484336890109e+13 0.0000000000000000e+00
6.1783331557688258e+13 0.0000000000000000e+00
5.4941253195899836e+13 0.0000000000000000e+00
4.8856887879500312e+13 0.0000000000000000e+00
4.3446324108387852e+13 0.0000000000000000e+00
3.8634943003053789e+13 0.0000000000000000e+00
3.4356389210866305e+13 0.0000000000000000e+00
3.0551655777393809e+13 0.0000000000000000e+00
2.7168270361925629e+13 0.0000000000000000e+00
2.4159571574017348e+13 0.0000000000000000e+00
2.1484065450778918e+13 0.0000000000000000e+00
1.9104853199869988e+13 0.0000000000000000e+00
1.6989122316016242e+13 0.0000000000000000e+00
1.5107694052866381e+13 0.0000000000000000e+00
1.3434621009223184e+13 0.0000000000000000e+00
1.1946829279827598e+13 0.0000000000000000e+00
1.0623800235478205e+13 0.0000000000000000e+00
9.4472875438105801e+12 0.0000000000000000e+00
8.4010655280757031e+12 0.0000000000000000e+00
7.4707053934503428e+12 0.0000000000000000e+00
6.6433762347419580e+12 0.0000000000000000e+00
5.9076680811195459e+12 0.0000000000000000e+00
5.2534345374215361e+12 0.0000000000000000e+00
4.6716528518547363e+12 0.0000000000000000e+00
4.1542994802318765e+12 0.0000000000000000e+00
3.6942394306124463e+12 0.0000000000000000e+00
3.2851278622623579e+12 0.0000000000000000e+00
2.9213225818509805e+12 0.0000000000000000e+00
2.5978062300915469e+12 0.0000000000000000e+00
2.3101170856751035e+12 0.0000000000000000e+00
2.0542875321921023e+12 0.0000000000000000e+00
1.8267893394185530e+12 0.0000000000000000e+00
1.6244850043227502e+12 0.0000000000000000e+00
1.4445844807203857e+12 0.0000000000000000e+00
1.2846067008222004e+12 0.0000000000000000e+00
1.1423453580052092e+12 0.0000000000000000e+00
1.0158384789062883e+12 0.0000000000000000e+00
9.0334136519678992e+11 0.0000000000000000e+00
8.0330253186922168e+11 0.0000000000000000e+00
7.1434231019292395e+11 0.0000000000000000e+00
6.3523382024499341e+11 0.0000000000000000e+00
5.6488605060236267e+11 0.0000000000000000e+00
5.0232881184139069e+11 0.0000000000000000e+00
4.4669935633373883e+11 0.0000000000000000e+00
3.9723047980767847e+11 0.0000000000000000e+00
3.5323994057951703e+11 0.0000000000000000e+00
3.1412105053225757e+11 0.0000000000000000e+00
2.7933430807855469e+11 0.0000000000000000e+00
2.4839995771538528e+11 0.0000000000000000e+00
2.2089137355678094e+11 0.0000000000000000e+00
1.9642917559473975e+11 0.0000000000000000e+00
1.7467599754370145e+11 0.0000000000000000e+00
1.5533183411020880e+11 0.0000000000000000e+00
1.3812990352040179e+11 0.0000000000000000e+00
1.2283296824408990e+11 0.0000000000000000e+00
1.0923006317328746e+11 0.0000000000000000e+00
9.7133586132438400e+10 0.0000000000000000e+00
8.6376710594590240e+10 0.0000000000000000e+00
7.6811084921428055e+10 0.0000000000000000e+00
6.8304786396627869e+10 0.0000000000000000e+00
6.0740501835919380e+10 0.0000000000000000e+00
5.4013909682052216e+10 0.0000000000000000e+00
4.8032241271599190e+10 0.0000000000000000e+00
4.2713001431550140e+10 0.0000000000000000e+00
3.7982830761019424e+10 0.0000000000000000e+00
3.3776493907416916e+10 0.0000000000000000e+00
3.0035979884063751e+10 0.0000000000000000e+00
2.6709702021433750e+10 0.0000000000000000e+00
2.3751786518284912e+10 0.0000000000000000e+00
2.1121439780850761e+10 0.0000000000000000e+00
1.8782385824858730e+10 7.0541468693891659e-282
1.6702365981399221e+10 2.0502509928442384e-235
1.4852694006923389e+10 2.2269058882013505e-197
1.3207860461743826e+10 3.5967009699503263e-166
1.1745180900891071e+10 1.6694180865970118e-140
1.0444483025409220e+10 2.4153356746554821e-119
9.2878284794902325e+09 7.4402664426165414e-102
8.2592654566595974e+09 2.3007783285676948e-87
7.3446087031222258e+09 2.5012737909812172e-75
6.5312438842225733e+09 2.6365129443604784e-65
5.8079536159715414e+09 6.1323552177323916e-57
5.1647627623833723e+09 6.1363221797151475e-50
4.5928008650667982e+09 4.5461161791819803e-44
4.0841798077912493e+09 3.8799644714854870e-39
3.6318850288596687e+09 5.4710200407881775e-35
3.2296787809615293e+09 1.7110729519635124e-31
2.8720141043308859e+09 1.5102123214906400e-28
2.5539583267843857e+09 4.5817433262989905e-26
2.2711250356031713e+09 5.6161859226814177e-24
2.0196135830602248e+09 3.1755878113536389e-22
1.7959552912938108e+09 9.2334918481430221e-21
1.5970656146206229e+09 1.5091195128735246e-19
1.4202015995432079e+09 1.4910982012458068e-18
1.2629240557684932e+09 9.4509127511793199e-18
1.1230639165254755e+09 4.0318558109387126e-17
9.9869232424593544e+08 1.2033147953015235e-16
8.8809402904997027e+08 2.5906368330383269e-16
7.8974373316599512e+08 4.1203553115656608e-16
7.0228505504327500e+08 4.9289696751667291e-16
6.2451182304408348e+08 4.4919286792588972e-16
5.5535144073059034e+08 3.1445130551234842e-16
4.9385009433163750e+08 1.6979889651260617e-16
4.3915959838065904e+08 7.0758438757794020e-17
3.9052569810860199e+08 2.2687425406223141e-17
3.4727766726623273e+08 5.5621414388611132e-18
3.0881905791597342e+08 1.0329403004855893e-18
2.7461947462056810e+08 1.4351021310164580e-19
2.4420725958369049e+08 1.4687359895035119e-20
2.1716298786083746e+08 1.0869454414668794e-21
1.9311368293080762e+08 5.6920304177827606e-23
1.7172767285279161e+08 2.0573684196241260e-24
1.5271001606862667e+08 4.9896317732529209e-26
1.3579843376594803e+08 7.8654166163065959e-28
1.2075969270409374e+08 7.7771955072454501e-30
1.0738638861712600e+08 4.6363950466436499e-32
9.5494085832809418e+07 1.5948986419162496e-34
8.4918773659082294e+07 3.0158371770656598e-37
7.5514604458204612e+07 2.9713779994965373e-40
6.7151882213612318e+07 1.4380733470840960e-43
5.9715273849136077e+07 3.2041852393810064e-47
5.3102218632294066e+07 3.0607306839414494e-51
4.7221513725215115e+07 1.1591193716681536e-55
4.1992056376051046e+07 1.5971347729429454e-60
3.7341725404026441e+07 7.2872553126765074e-66
3.3206386552314017e+07 9.9297771557665867e-72
2.9529007991227008e+07 3.6081454042539507e-78
2.6258873773339998e+07 3.0879713247679741e-85
2.3350884393036846e+07 5.4323577867153550e-93
2.0764934804270528e+07 1.6920586249876159e-101
1.8465361318570901e+07 7.9230751447943153e-111
1.6420449755288927e+07 4.6613174558924040e-121
1.4601998060812159e+07 2.8302316951194967e-132
1.2984927364689618e+07 1.4293388262744687e-144
1.1546936108611379e+07 4.7389002791541238e-158
1.0268192478221102e+07 7.9563141764584032e-173
9.1310608959865384e+06 5.0880259274671613e-189
8.1198588031005599e+06 9.0669962851384510e-207
7.2206403761111330e+06 3.1951710968539439e-226
6.4210041954445578e+06 1.5280175418737417e-247
5.7099222133150678e+06 6.5591239047358024e-271
5.0775876622599754e+06 1.6051471815295872e-296
4.5152798067569938e+06 0.0000000000000000e+00
4.0152436726681991e+06 0.0000000000000000e+00
3.5705830958195757e+06 0.0000000000000000e+00
3.1751656147136241e+06 0.0000000000000000e+00
2.8235378957188730e+06 0.0000000000000000e+00
2.5108505243370039e+06 0.0000000000000000e+00
2.2327911253191507e+06 0.0000000000000000e+00
1.9855248892684889e+06 0.0000000000000000e+00
1.7656416855119579e+06 0.0000000000000000e+00
1.5701090318570922e+06 0.0000000000000000e+00
1.3962302726243150e+06 0.0000000000000000e+00
1.2416073881740486e+06 0.0000000000000000e+00
1.1041079230225079e+06 0.0000000000000000e+00
9.8183557644084748e+05 0.0000000000000000e+00
8.7310404994283791e+05 0.0000000000000000e+00
7.7641379098317132e+05 0.0000000000000000e+00
6.9043131213092653e+05 0.0000000000000000e+00
6.1397080050213216e+05 0.0000000000000000e+00
5.4597776382098137e+05 0.0000000000000000e+00
4.8551448756710679e+05 0.0000000000000000e+00
4.3174710264361819e+05 0.0000000000000000e+00
3.8393408521181229e+05 0.0000000000000000e+00
3.4141603008997208e+05 0.0000000000000000e+00
3.0360655667779164e+05 0.0000000000000000e+00
2.6998422198704060e+05 0.0000000000000000e+00
2.4008532924835710e+05 0.0000000000000000e+00
2.1349753291530799e+05 0.0000000000000000e+00
1.8985415187019366e+05 0.0000000000000000e+00
1.6882911240313502e+05 0.0000000000000000e+00
1.5013245122139101e+05 0.0000000000000000e+00
1.3350631646941474e+05 0.0000000000000000e+00
1.1872141160839199e+05 0.0000000000000000e+00
1.0557383311162051e+05 0.0000000000000000e+00
9.3882258363346758e+04 0.0000000000000000e+00
8.3485444978430474e+04 0.0000000000000000e+00
7.4240007055131471e+04 0.0000000000000000e+00
6.6018437692581749e+04 0.0000000000000000e+00
5.8707350500824636e+04 0.0000000000000000e+00
5.2205915851503873e+04 0.0000000000000000e+00
4.6424470303016329e+04 0.0000000000000000e+00
4.1283280022249804e+04 0.0000000000000000e+00
3.6711441148845086e+04 0.0000000000000000e+00
3.2645901936540675e+04 0.0000000000000000e+00
2.9030593185627593e+04 0.0000000000000000e+00
2.5815654974019653e+04 0.0000000000000000e+00
2.2956749022529915e+04 0.0000000000000000e+00
2.0414447210957958e+04 0.0000000000000000e+00
1.8153687811805936e+04 0.0000000000000000e+00
1.6143291942365888e+04 0.0000000000000000e+00
1.4355533566407086e+04 0.0000000000000000e+00
1.2765757115214403e+04 0.0000000000000000e+00
1.1352037454462517e+04 0.0000000000000000e+00
1.0094877507416481e+04 0.0000000000000000e+00
8.9769393642798022e+03 0.0000000000000000e+00
7.9828051693298821e+03 0.0000000000000000e+00
7.0987644881560800e+03 0.0000000000000000e+00
6.3126252225113558e+03 0.0000000000000000e+00
5.6135454650415477e+03 0.0000000000000000e+00
4.9918839749450754e+03 0.0000000000000000e+00
4.4390672124233006e+03 0.0000000000000000e+00
3.9474710981495500e+03 0.0000000000000000e+00
3.5103158670624102e+03 0.0000000000000000e+00
3.1215725663771250e+03 0.0000000000000000e+00
2.7758799082979922e+03 0.0000000000000000e+00
2.4684703307203363e+03 0.0000000000000000e+00
2.1951042462001355e+03 0.0000000000000000e+00
1.9520115723974543e+03 0.0000000000000000e+00
1.7358397376204503e+03 0.0000000000000000e+00
1.5436074443972204e+03 0.0000000000000000e+00
1.3726635534135426e+03 0.0000000000000000e+00
1.2206505207712808e+03 0.0000000000000000e+00
1.0854718843185528e+03 0.0000000000000000e+00
9.6526335064485227e+02 0.0000000000000000e+00
8.5836708399228462e+02 0.0000000000000000e+00
7.6330884249277301e+02 0.0000000000000000e+00
6.7877764640948669e+02 0.0000000000000000e+00
6.0360769798047272e+02 0.0000000000000000e+00
5.3676230351505819e+02 0.0000000000000000e+00
4.7731957600731607e+02 0.0000000000000000e+00
4.2445972108660629e+02 0.0000000000000000e+00
3.7745373096149018e+02 0.0000000000000000e+00
3.3565333043150957e+02 0.0000000000000000e+00
2.9848203630886519e+02 0.0000000000000000e+00
2.6542720694757401e+02 0.0000000000000000e+00
2.3603297223249950e+02 0.0000000000000000e+00
2.0989394652339374e+02 0.0000000000000000e+00
1.8664963784707726e+02 0.0000000000000000e+00
1.6597947623307095e+02 0.0000000000000000e+00
1.4759839262680873e+02 0.0000000000000000e+00
1.3125288740775605e+02 0.0000000000000000e+00
1.1671753429206412e+02 0.0000000000000000e+00
1.0379187140392118e+02 0.0000000000000000e+00
9.2297636639335451e+01 0.0000000000000000e+00
8.2076309194334101e+01 0.0000000000000000e+00
7.2986923351978433e+01 0.0000000000000000e+00
6.4904124377407015e+01 0.0000000000000000e+00
5.7716439709110297e+01 0.0000000000000000e+00
5.1324741603862876e+01 0.0000000000000000e+00
4.5640880033136710e+01 0.0000000000000000e+00
4.0586466976823452e+01 0.0000000000000000e+00
3.6091795348047995e+01 0.0000000000000000e+00
3.2094877639613919e+01 0.0000000000000000e+00
2.8540591033732003e+01 0.0000000000000000e+00
2.5379917184957435e+01 0.0000000000000000e+00
2.2569266191929636e+01 0.0000000000000000e+00
2.0069875434584979e+01 0.0000000000000000e+00
1.7847274986006912e+01 0.0000000000000000e+00
1.5870812226231184e+01 0.0000000000000000e+00
1.4113229101797154e+01 0.0000000000000000e+00
1.2550286200891804e+01 0.0000000000000000e+00
1.1160428459581814e+01 0.0000000000000000e+00
9.9244878887776267e+00 0.0000000000000000e+00
8.8254192221384002e+00 0.0000000000000000e+00
7.8480648391504282e+00 0.0000000000000000e+00
6.9789457213552577e+00 0.0000000000000000e+00
6.2060755587355452e+00 0.0000000000000000e+00
5.5187954425378436e+00 0.0000000000000000e+00
4.9076268647270451e+00 0.0000000000000000e+00
4.3641409967380671e+00 0.0000000000000000e+00
3.8808424447055496e+00 0.0000000000000000e+00
3.4510658780010295e+00 0.0000000000000000e+00
3.0688841054475344e+00 0.0000000000000000e+00
2.7290263314601679e+00 0.0000000000000000e+00
2.4268054647560131e+00 0.0000000000000000e+00
2.1580534771236626e+00 0.0000000000000000e+00
1.9190639207637332e+00 0.0000000000000000e+00
1.7065408114379361e+00 0.0000000000000000e+00
1.5175531724572482e+00 0.0000000000000000e+00
1.3494946126102725e+00 0.0000000000000000e+00
1.2000473805575695e+00 0.0000000000000000e+00
1.0671503999541951e+00 0.0000000000000000e+00
9.4897084446222568e-01 0.0000000000000000e+00
8.4387886063483697e-01 0.0000000000000000e+00
7.5042509006681279e-01 0.0000000000000000e+00
6.6732068081210649e-01 0.0000000000000000e+00
5.9341951239914581e-01 0.0000000000000000e+00
5.2770238930327995e-01 0.0000000000000000e+00
4.6926298488325768e-01 0.0000000000000000e+00
4.1729534192991335e-01 0.0000000000000000e+00
3.7108275744298130e-01 0.0000000000000000e+00
3.2998789834230696e-01 0.0000000000000000e+00
2.9344401179595242e-01 0.0000000000000000e+00
2.6094710894391354e-01 0.0000000000000000e+00
2.3204901422059249e-01 0.0000000000000000e+00
2.0635118441692438e-01 0.0000000000000000e+00
1.8349921223879437e-01 0.0000000000000000e+00
1.6317793855849763e-01 0.0000000000000000e+00
1.4510710595067886e-01 0.0000000000000000e+00
1.2903749356922500e-01 0.0000000000000000e+00
1.1474748005991701e-01 0.0000000000000000e+00
1.0203998710682828e-01 0.0000000000000000e+00
9.0739761459900828e-02 0.0000000000000000e+00
8.0690957959252130e-02 0.0000000000000000e+00
7.1754990222881565e-02 0.0000000000000000e+00
6.3808619355912158e-02 0.0000000000000000e+00
5.6742254322115944e-02 0.0000000000000000e+00
5.0458440537584928e-02 0.0000000000000000e+00
4.4870515842241422e-02 0.0000000000000000e+00
3.9901415313244697e-02 0.0000000000000000e+00
3.5482608437079774e-02 0.0000000000000000e+00
3.1553153982515854e-02 0.0000000000000000e+00
2.8058859539873617e-02 0.0000000000000000e+00
2.4951534135529290e-02 0.0000000000000000e+00
2.2188323614213714e-02 0.0000000000000000e+00
1.9731119623143386e-02 0.0000000000000000e+00
1.7546034047087707e-02 0.0000000000000000e+00
1.5602931646132053e-02 0.0000000000000000e+00
1.3875014450589026e-02 0.0000000000000000e+00
1.2338452181310449e-02 0.0000000000000000e+00
1.0972053598403321e-02 0.0000000000000000e+00
9.7569742458125091e-03 0.0000000000000000e+00
8.6764565611766667e-03 0.0000000000000000e+00
7.7155987667277765e-03 0.0000000000000000e+00
6.8611493539314028e-03 0.0000000000000000e+00
6.1013243275373471e-03 0.0000000000000000e+00
5.4256446885926840e-03 0.0000000000000000e+00
4.8247919150916172e-03 0.0000000000000000e+00
4.2904794471477848e-03 0.0000000000000000e+00
3.8153384042984161e-03 0.0000000000000000e+00
3.3928159588298293e-03 0.0000000000000000e+00
3.0170849635570169e-03 0.0000000000000000e+00
2.6829635877041120e-03 0.0000000000000000e+00
2.3858438525574807e-03 0.0000000000000000e+00
2.1216280813029392e-03 0.0000000000000000e+00
1.8866723866057125e-03 0.0000000000000000e+00
1.6777364165516395e-03 0.0000000000000000e+00
1.4919386658791261e-03 0.0000000000000000e+00
1.3267167361844501e-03 0.0000000000000000e+00
1.1797919970354370e-03 0.0000000000000000e+00
1.0491381606234232e-03 0.0000000000000000e+00
9.3295333655601855e-04 0.0000000000000000e+00
8.2963518138906892e-04 0.0000000000000000e+00
7.3775880017675974e-04 0.0000000000000000e+00
6.5605709527282070e-04 0.0000000000000000e+00
5.8340329136662096e-04 0.0000000000000000e+00
5.1879539575114026e-04 0.0000000000000000e+00
4.6134237950921068e-04 0.0000000000000000e+00
4.1025188903818962e-04 0.0000000000000000e+00
3.6481931843862367e-04 0.0000000000000000e+00
3.2441809206058884e-04 0.0000000000000000e+00
2.8849102319108473e-04 0.0000000000000000e+00
2.5654262970727093e-04 0.0000000000000000e+00
2.2813230071817389e-04 0.0000000000000000e+00
2.0286821995374783e-04 0.0000000000000000e+00
1.8040196209673760e-04 0.0000000000000000e+00
1.6042368753357831e-04 0.0000000000000000e+00
1.4265786925349712e-04 0.0000000000000000e+00
1.2685949296414531e-04 0.0000000000000000e+00
1.1281067801820724e-04 0.0000000000000000e+00
1.0031767254914610e-04 0.0000000000000000e+00
8.9208181374934213e-05 0.0000000000000000e+00
7.9328989818065981e-05 0.0000000000000000e+00
7.0543850671110666e-05 0.0000000000000000e+00
6.2731605166296150e-05 0.0000000000000000e+00
5.5784512034747555e-05 0.0000000000000000e+00
4.9606761610922182e-05 0.0000000000000000e+00
4.4113154489726421e-05 0.0000000000000000e+00
3.9227926513268873e-05 0.0000000000000000e+00
3.4883703882223569e-05 0.0000000000000000e+00
3.1020573981422942e-05 0.0000000000000000e+00
2.7585259105105679e-05 0.0000000000000000e+00
2.4530381686410147e-05 0.0000000000000000e+00
2.1813810897632346e-05 0.0000000000000000e+00
1.9398081610009074e-05 0.0000000000000000e+00
1.7249877699701710e-05 0.0000000000000000e+00
1.5339572574080034e-05 0.0000000000000000e+00
1.3640820581559321e-05 0.0000000000000000e+00
1.2130193669979014e-05 0.0000000000000000e+00
1.0786858282566837e-05 0.0000000000000000e+00
9.5922880354456998e-06 0.0000000000000000e+00
8.5300082141304575e-06 0.0000000000000000e+00
7.5853685652748500e-06 0.0000000000000000e+00
6.7453412501697259e-06 0.0000000000000000e+00
5.9983411734973328e-06 0.0000000000000000e+00
5.3340662094402767e-06 0.0000000000000000e+00
4.7433551216465745e-06 0.0000000000000000e+00
4.2180612175813421e-06 0.0000000000000000e+00
3.7509399947873408e-06 0.0000000000000000e+00
3.3355492295493621e-06 0.0000000000000000e+00
2.9661601300497798e-06 0.0000000000000000e+00
2.6376783287007342e-06 0.0000000000000000e+00
2.3455736240311645e-06 0.0000000000000000e+00
2.0858175031754659e-06 0.0000000000000000e+00
1.8548275833167365e-06 0.0000000000000000e+00
1.6494182058568781e-06 0.0000000000000000e+00
1.4667565019425270e-06 0.0000000000000000e+00
1.3043233234308795e-06 0.0000000000000000e+00
1.1598785004823283e-06 0.0000000000000000e+00
1.0314299466350111e-06 0.0000000000000000e+00
9.1720618527985839e-07 0.0000000000000000e+00
8.1563191863898167e-07 0.0000000000000000e+00
7.2530630231165980e-07 0.0000000000000000e+00
6.4498362576447335e-07 0.0000000000000000e+00
5.7355613232426942e-07 0.0000000000000000e+00
5.1003874173837897e-07 0.0000000000000000e+00
4.5355546460620692e-07 0.0000000000000000e+00
4.0332732131880099e-07 0.0000000000000000e+00
3.5866159889272909e-07 0.0000000000000000e+00
3.1894229753558358e-07 0.0000000000000000e+00
2.8362163518849257e-07 0.0000000000000000e+00
2.5221249288210540e-07 0.0000000000000000e+00
2.2428169671728164e-07 0.0000000000000000e+00
1.9944404382021204e-07 0.0000000000000000e+00
1.7735698988179180e-07 0.0000000000000000e+00
1.5771592501546915e-07 0.0000000000000000e+00
1.4024997278124404e-07 0.0000000000000000e+00
1.2471825443886367e-07 0.0000000000000000e+00
1.1090656690920256e-07 0.0000000000000000e+00
9.8624428628570644e-08 0.0000000000000000e+00
8.7702452554275013e-08 0.0000000000000000e+00
7.7990010091746819e-08 0.0000000000000000e+00
6.9353153725621612e-08 0.0000000000000000e+00
6.1672769705139148e-08 0.0000000000000000e+00
5.4842935306890088e-08 0.0000000000000000e+00
4.8769458019414133e-08 0.0000000000000000e+00
4.3368576503026523e-08 0.0000000000000000e+00
3.8565805409404227e-08 0.0000000000000000e+00
3.4294908129443960e-08 0.0000000000000000e+00
3.0496983302212630e-08 0.0000000000000000e+00
2.7119652486747462e-08 0.0000000000000000e+00
2.4116337793599926e-08 0.0000000000000000e+00
2.1445619513717386e-08 0.0000000000000000e+00
1.9070664885494428e-08 0.0000000000000000e+00
1.6958720121944104e-08 0.0000000000000000e+00
1.5080658692355336e-08 0.0000000000000000e+00
1.3410579628649751e-08 0.0000000000000000e+00
1.1925450316538148e-08 0.0000000000000000e+00
1.0604788845099404e-08 0.0000000000000000e+00
9.4303815339519590e-09 0.0000000000000000e+00
8.3860317423481881e-09 0.0000000000000000e+00
7.4573364959285094e-09 0.0000000000000000e+00
6.6314878505260968e-09 0.0000000000000000e+00
5.8970962535598593e-09 0.0000000000000000e+00
5.2440334669376352e-09 0.0000000000000000e+00
4.6632928851655993e-09 0.0000000000000000e+00
4.1468653222640384e-09 0.0000000000000000e+00
3.6876285544277241e-09 0.0000000000000000e+00
3.2792490950745749e-09 0.0000000000000000e+00
2.9160948476320721e-09 0.0000000000000000e+00
2.5931574314249523e-09 0.0000000000000000e+00
2.3059831094365687e-09 0.0000000000000000e+00
2.0506113653441535e-09 0.0000000000000000e+00
1.8235202827249287e-09 0.0000000000000000e+00
1.6215779731383075e-09 0.0000000000000000e+00
1.4419993832139004e-09 0.0000000000000000e+00
1.2823078850565288e-09 0.0000000000000000e+00
1.1403011202496908e-09 0.0000000000000000e+00
1.0140206263999986e-09 0.0000000000000000e+00
9.0172482733289795e-10 0.0000000000000000e+00
8.0186501443788152e-10 0.0000000000000000e+00
7.1306398791443728e-10 0.0000000000000000e+00
6.3409706335284700e-10 0.0000000000000000e+00
5.6387518170521417e-10 0.0000000000000000e+00
5.0142988971101000e-10 0.0000000000000000e+00
4.4589998363686928e-10 0.0000000000000000e+00
3.9651963213033367e-10 0.0000000000000000e+00
3.5260781438560283e-10 0.0000000000000000e+00
3.1355892795978021e-10 0.0000000000000000e+00
2.7883443670867030e-10 0.0000000000000000e+00
2.4795544365624160e-10 0.0000000000000000e+00
2.2049608636755157e-10 0.0000000000000000e+00
1.9607766373869538e-10 0.0000000000000000e+00
1.7436341320424496e-10 0.0000000000000000e+00
1.5505386633304160e-10 0.0000000000000000e+00
1.3788271875971191e-10 0.0000000000000000e+00
1.2261315749286017e-10 0.0000000000000000e+00
1.0903459494854027e-10 0.0000000000000000e+00
9.6959764667056385e-11 0.0000000000000000e+00
8.6222138659091806e-11 0.0000000000000000e+00
7.6673630762982266e-11 0.0000000000000000e+00
6.8182554339346961e-11 0.0000000000000000e+00
6.0631806136959135e-11 0.0000000000000000e+00
5.3917251282977727e-11 0.0000000000000000e+00
4.7946287124368927e-11 0.0000000000000000e+00
4.2636566114011715e-11 0.0000000000000000e+00
3.7914860128356390e-11 0.0000000000000000e+00
3.3716050554090774e-11 0.0000000000000000e+00
2.9982230215740611e-11 0.0000000000000000e+00
2.6661904758611067e-11 0.0000000000000000e+00
2.3709282473057565e-11 0.0000000000000000e+00
2.1083642765833937e-11 0.0000000000000000e+00
1.8748774568881718e-11 0.0000000000000000e+00
1.6672476940483192e-11 0.0000000000000000e+00
1.4826114971391375e-11 0.0000000000000000e+00
1.3184224871301493e-11 0.0000000000000000e+00
1.1724162789271298e-11 0.0000000000000000e+00
1.0425792524863268e-11 0.0000000000000000e+00
9.2712078231261524e-12 0.0000000000000000e+00
8.2444854234926806e-12 0.0000000000000000e+00
7.3314654568130600e-12 0.0000000000000000e+00
6.5195561619019185e-12 0.0000000000000000e+00
5.7975602283844692e-12 0.0000000000000000e+00
5.1555203708743652e-12 0.0000000000000000e+00
4.5845820047491797e-12 0.0000000000000000e+00
4.0768711296363930e-12 0.0000000000000000e+00
3.6253857364629604e-12 0.0000000000000000e+00
3.2238992404259632e-12 0.0000000000000000e+00
2.8668746080959585e-12 0.0000000000000000e+00
2.5493879943529336e-12 0.0000000000000000e+00
2.2670608360047332e-12 0.0000000000000000e+00
2.0159994655701879e-12 0.0000000000000000e+00
1.7927414124191278e-12 0.0000000000000000e+00
1.5942076506918045e-12 0.0000000000000000e+00
1.4176601354317685e-12 0.0000000000000000e+00
1.2606640412999649e-12 0.0000000000000000e+00
1.1210541830907147e-12 0.0000000000000000e+00
9.9690515494458729e-13 0.0000000000000000e+00
8.8650477643742547e-13 0.0000000000000000e+00
7.8833047933237563e-13 0.0000000000000000e+00
7.0102830933620968e-13 0.0000000000000000e+00
6.2339425326670856e-13 0.0000000000000000e+00
5.5435763410743597e-13 0.0000000000000000e+00
4.9296634494593361e-13 0.0000000000000000e+00
4.3837371815152110e-13 0.0000000000000000e+00
3.8982684870112703e-13 0.0000000000000000e+00
3.4665621061645890e-13 0.0000000000000000e+00
3.0826642330911708e-13 0.0000000000000000e+00
2.7412804048947702e-13 0.0000000000000000e+00
2.4377024839726231e-13 0.0000000000000000e+00
2.1677437265285920e-13 0.0000000000000000e+00
1.9276810418004904e-13 0.0000000000000000e+00
1.7142036456808413e-13 0.0000000000000000e+00
1.5243674005948780e-13 0.0000000000000000e+00
1.3555542119229979e-13 0.0000000000000000e+00
1.2054359209892984e-13 0.0000000000000000e+00
1.0719421966532787e-13 0.0000000000000000e+00
9.5323198268623530e-14 0.0000000000000000e+00
8.4766810715433651e-14 0.0000000000000000e+00
7.5379470363735165e-14 0.0000000000000000e+00
6.7031713289203546e-14 0.0000000000000000e+00
5.9608412805295434e-14 0.0000000000000000e+00
5.3007191712922258e-14 0.0000000000000000e+00
4.7137010382550053e-14 0.0000000000000000e+00
4.1916911196465714e-14 0.0000000000000000e+00
3.7274902035426206e-14 0.0000000000000000e+00
3.3146963411458337e-14 0.0000000000000000e+00
2.9476165553871820e-14 0.0000000000000000e+00
2.6211883271904786e-14 0.0000000000000000e+00
2.3309097765931255e-14 0.0000000000000000e+00
2.0727775758260148e-14 0.0000000000000000e+00
1.8432317380927962e-14 0.0000000000000000e+00
1.6391065206109293e-14 0.0000000000000000e+00
1.4575867648032291e-14 0.0000000000000000e+00
1.2961690715119849e-14 0.0000000000000000e+00
1.1526272757910724e-14 0.0000000000000000e+00
1.0249817451266368e-14 0.0000000000000000e+00
9.1147207766866617e-15 0.0000000000000000e+00
8.1053282394506623e-15 0.0000000000000000e+00
7.2077189722883534e-15 0.0000000000000000e+00
6.4095137480832388e-15 0.0000000000000000e+00
5.6997042538444615e-15 0.0000000000000000e+00
5.0685012714120949e-15 0.0000000000000000e+00
4.5071996711018545e-15 0.0000000000000000e+00
4.0080583563750857e-15 0.0000000000000000e+00
3.5641935038082475e-15 0.0000000000000000e+00
3.1694836260014488e-15 0.0000000000000000e+00
2.8184851481148933e-15 0.0000000000000000e+00
2.5063573337232093e-15 0.0000000000000000e+00
2.2287955246134722e-15 0.0000000000000000e+00
1.9819717738163965e-15 0.0000000000000000e+00
1.7624820531197437e-15 0.0000000000000000e+00
1.5672993069864985e-15 0.0000000000000000e+00
1.3937317054277126e-15 0.0000000000000000e+00
1.2393855200825443e-15 0.0000000000000000e+00
1.1021321115163142e-15 0.0000000000000000e+00
9.8007857244813516e-16 0.0000000000000000e+00
8.7154162203881294e-16 0.0000000000000000e+00
7.7502439120637857e-16 0.0000000000000000e+00
6.8919577880822968e-16 0.0000000000000000e+00
6.1287209398367288e-16 0.0000000000000000e+00
5.4500073148076119e-16 0.0000000000000000e+00
4.8464565482805770e-16 0.0000000000000000e+00
4.3097448714527470e-16 0.0000000000000000e+00
3.8324703155757357e-16 0.0000000000000000e+00
3.4080506289501955e-16 0.0000000000000000e+00
3.0306324989089422e-16 0.0000000000000000e+00
2.6950108268410455e-16 0.0000000000000000e+00
2.3965569429500661e-16 0.0000000000000000e+00
2.1311547707340692e-16 0.0000000000000000e+00
1.8951440608090495e-16 0.0000000000000000e+00
1.6852699111959693e-16 0.0000000000000000e+00
1.4986378778877623e-16 0.0000000000000000e+00
1.3326740566121320e-16 0.0000000000000000e+00
1.1850895852640900e-16 0.0000000000000000e+00
1.0538490774493591e-16 0.0000000000000000e+00
9.3714255179568836e-17 0.0000000000000000e+00
8.3336046989927973e-17 0.0000000000000000e+00
7.4107153864694969e-17 0.0000000000000000e+00
6.5900297077796767e-17 0.0000000000000000e+00
5.8602293145289662e-17 0.0000000000000000e+00
5.2112492874383006e-17 0.0000000000000000e+00
4.6341393277047005e-17 0.0000000000000000e+00
4.1209403204611681e-17 0.0000000000000000e+00
3.6645745679843783e-17 0.0000000000000000e+00
3.2587481788173150e-17 0.0000000000000000e+00
2.8978642666251816e-17 0.0000000000000000e+00
2.5769457616791599e-17 0.0000000000000000e+00
2.2915667704374298e-17 0.0000000000000000e+00
2.0377915365790106e-17 0.0000000000000000e+00
1.8121201616832827e-17 0.0000000000000000e+00
1.6114403369697806e-17 0.0000000000000000e+00
1.4329844204156517e-17 0.0000000000000000e+00
1.2742912672866294e-17 0.0000000000000000e+00
1.1331722876735347e-17 0.0000000000000000e+00
1.0076812629231195e-17 0.0000000000000000e+00
8.9608750469095241e-18 0.0000000000000000e+00
7.9685198644458027e-18 0.0000000000000000e+00
7.0860611823803536e-18 0.0000000000000000e+00
6.3013287203407951e-18 0.0000000000000000e+00
5.6034999726678619e-18 0.0000000000000000e+00
4.9829509516512078e-18 0.0000000000000000e+00
4.4311234599220761e-18 0.0000000000000000e+00
3.9404070615155605e-18 0.0000000000000000e+00
3.5040341238234175e-18 0.0000000000000000e+00
3.1159864829286647e-18 0.0000000000000000e+00
2.7709124451104478e-18 0.0000000000000000e+00
2.4640529798613580e-18 0.0000000000000000e+00
2.1911760865189023e-18 0.0000000000000000e+00
1.9485184293408997e-18 0.0000000000000000e+00
1.7327334360941299e-18 0.0000000000000000e+00
1.5408451443664786e-18 0.0000000000000000e+00
1.3702071590824978e-18 0.0000000000000000e+00
1.2184661551909709e-18 0.0000000000000000e+00
1.0835294221787828e-18 0.0000000000000000e+00
9.6353600280597118e-19 0.0000000000000000e+00
8.5683102802734677e-19 0.0000000000000000e+00
7.6194289414448246e-19 0.0000000000000000e+00
6.7756296743113568e-19 0.0000000000000000e+00
6.0252753633138287e-19 0.0000000000000000e+00
5.3580176232767553e-19 0.0000000000000000e+00
4.7646540813953046e-19 0.0000000000000000e+00
4.2370014642605248e-19 0.0000000000000000e+00
3.7677827396209066e-19 0.0000000000000000e+00
3.3505267564176043e-19 0.0000000000000000e+00
2.9794789989933916e-19 0.0000000000000000e+00
2.6495222246588322e-19 0.0000000000000000e+00
2.3561058901012164e-19 0.0000000000000000e+00
2.0951833933321165e-19 0.0000000000000000e+00
1.8631562656575572e-19 0.0000000000000000e+00
1.6568245440024340e-19 0.0000000000000000e+00
1.4733426391586706e-19 0.0000000000000000e+00
1.3101800913204069e-19 0.0000000000000000e+00
1.1650866716737389e-19 0.0000000000000000e+00
1.0360613487446188e-19 0.0000000000000000e+00
9.2132469151027186e-20 0.0000000000000000e+00
8.1929432867562281e-20 0.0000000000000000e+00
7.2856312566606938e-20 0.0000000000000000e+00
6.4787977836773424e-20 0.0000000000000000e+00
5.7613155597751075e-20 0.0000000000000000e+00
5.1232895496340255e-20 0.0000000000000000e+00
4.5559205249320251e-20 0.0000000000000000e+00
4.0513837112679408e-20 0.0000000000000000e+00
3.6027208741031230e-20 0.0000000000000000e+00
3.2037443554405300e-20 0.0000000000000000e+00
2.8489517377812535e-20 0.0000000000000000e+00
2.5334499584599015e-20 0.0000000000000000e+00
2.2528878277941486e-20 0.0000000000000000e+00
2.0033960203850042e-20 0.0000000000000000e+00
1.7815337119665671e-20 0.0000000000000000e+00
1.5842411258576262e-20 0.0000000000000000e+00
1.4087973345663520e-20 0.0000000000000000e+00
1.2527827345770177e-20 0.0000000000000000e+00
1.1140456767951995e-20 0.0000000000000000e+00
9.9067279244164505e-21 0.0000000000000000e+00
8.8096260514866847e-21 0.0000000000000000e+00
7.8340206533536866e-21 0.0000000000000000e+00
6.9664568323889488e-21 0.0000000000000000e+00
6.1949697281897625e-21 0.0000000000000000e+00
5.5089195062199774e-21 0.0000000000000000e+00
4.8988446203238393e-21 0.0000000000000000e+00
4.3563313254041083e-21 0.0000000000000000e+00
3.8738976406731347e-21 0.0000000000000000e+00
3.4448901631744049e-21 0.0000000000000000e+00
3.0633923084951485e-21 0.0000000000000000e+00
2.7241427131888158e-21 0.0000000000000000e+00
2.4224626735663020e-21 0.0000000000000000e+00
2.1541916201419462e-21 0.0000000000000000e+00
1.9156297378394658e-21 0.0000000000000000e+00
1.7034869406154112e-21 0.0000000000000000e+00
1.5148374967910372e-21 0.0000000000000000e+00
1.3470796793165704e-21 0.0000000000000000e+00
1.1978998844903292e-21 0.0000000000000000e+00
1.0652407242829058e-21 0.0000000000000000e+00
9.4727265221629842e-22 0.0000000000000000e+00
8.4236873148177105e-22 0.0000000000000000e+00
7.4908219731458202e-22 0.0000000000000000e+00
6.6612650418137511e-22 0.0000000000000000e+00
5.9235758260392163e-22 0.0000000000000000e+00
5.2675806091753271e-22 0.0000000000000000e+00
4.6842323436101949e-22 0.0000000000000000e+00
4.1654858799320143e-22 0.0000000000000000e+00
3.7041870136058265e-22 0.0000000000000000e+00
3.2939738189653331e-22 0.0000000000000000e+00
2.9291889097864645e-22 0.0000000000000000e+00
2.6048014163971058e-22 0.0000000000000000e+00
2.3163376032852376e-22 0.0000000000000000e+00
2.0598191703283169e-22 0.0000000000000000e+00
1.8317083867371091e-22 0.0000000000000000e+00
1.6288593010367150e-22 0.0000000000000000e+00
1.4484743542066067e-22 0.0000000000000000e+00
1.2880657976160710e-22 0.0000000000000000e+00
1.1454213836579261e-22 0.0000000000000000e+00
1.0185738559078451e-22 0.0000000000000000e+00
9.0577381803868500e-23 0.0000000000000000e+00
8.0546560731536309e-23 0.0000000000000000e+00
7.1626583993423426e-23 0.0000000000000000e+00
6.3694433231812167e-23 0.0000000000000000e+00
5.6640713524663022e-23 0.0000000000000000e+00
5.0368144683963965e-23 0.0000000000000000e+00
4.4790219632385535e-23 0.0000000000000000e+00
3.9830011355492358e-23 0.0000000000000000e+00
3.5419111975766183e-23 0.0000000000000000e+00
3.1496689316883495e-23 0.0000000000000000e+00
2.8008647946990403e-23 0.0000000000000000e+00
2.4906883130664359e-23 0.0000000000000000e+00
2.2148617400549014e-23 0.0000000000000000e+00
1.9695810599117130e-23 0.0000000000000000e+00
1.7514635254238149e-23 0.0000000000000000e+00
1.5575010053293135e-23 0.0000000000000000e+00
1.3850184981812801e-23 0.0000000000000000e+00
1.2316372405157877e-23 0.0000000000000000e+00
1.0952419005358100e-23 0.0000000000000000e+00
9.7395140486898663e-24 0.0000000000000000e+00
8.6609299606069756e-24 0.0000000000000000e+00
7.7017916302126712e-24 0.0000000000000000e+00
6.8488712626718703e-24 0.0000000000000000e+00
6.0904059503043941e-24 0.0000000000000000e+00
5.4159354464246539e-24 0.0000000000000000e+00
4.8161579046093824e-24 0.0000000000000000e+00
4.2828015938491889e-24 0.0000000000000000e+00
3.8085108203620105e-24 0.0000000000000000e+00
3.3867444827810766e-24 0.0000000000000000e+00
3.0116858616559252e-24 0.0000000000000000e+00
2.6781623991456737e-24 0.0000000000000000e+00
2.3815743625578145e-24 0.0000000000000000e+00
2.1178314079094212e-24 0.0000000000000000e+00
1.8832961686362819e-24 0.0000000000000000e+00
1.6747340914644945e-24 0.0000000000000000e+00
1.4892688276131854e-24 0.0000000000000000e+00
1.3243425641146991e-24 0.0000000000000000e+00
1.1776807481674082e-24 0.0000000000000000e+00
1.0472607180237118e-24 0.0000000000000000e+00
9.3128380779105204e-25 0.0000000000000000e+00
8.2815054143389515e-25 0.0000000000000000e+00
7.3643857386935499e-25 0.0000000000000000e+00
6.5488307493428309e-25 0.0000000000000000e+00
5.8235928569308074e-25 0.0000000000000000e+00
5.1786700651407500e-25 0.0000000000000000e+00
4.6051680298473822e-25 0.0000000000000000e+00
4.0951773942663171e-25 0.0000000000000000e+00
3.6416647083919582e-25 0.0000000000000000e+00
3.2383754283550904e-25 0.0000000000000000e+00
2.8797476579344240e-25 0.0000000000000000e+00
2.5608354426006148e-25 0.0000000000000000e+00
2.2772405582173152e-25 0.0000000000000000e+00
2.0250518536729737e-25 0.0000000000000000e+00
1.8007913108989494e-25 0.0000000000000000e+00
1.6013660783684761e-25 0.0000000000000000e+00
1.4240258165556938e-25 0.0000000000000000e+00
1.2663247670908261e-25 0.0000000000000000e+00
1.1260880224954072e-25 0.0000000000000000e+00
1.0013815313119326e-25 0.0000000000000000e+00
8.9048542495860212e-26 0.0000000000000000e+00
7.9187029845141481e-26 0.0000000000000000e+00
7.0417611787264709e-26 0.0000000000000000e+00
6.2619346369211465e-26 0.0000000000000000e+00
5.5684685126120341e-26 0.0000000000000000e+00
4.9517989844745544e-26 0.0000000000000000e+00
4.4034213585129787e-26 0.0000000000000000e+00
3.9157727770054338e-26 0.0000000000000000e+00
3.4821279166240380e-26 0.0000000000000000e+00
3.0965062372708348e-26 0.0000000000000000e+00
2.7535895024652150e-26 0.0000000000000000e+00
2.4486484337811393e-26 0.0000000000000000e+00
2.1774774877993901e-26 0.0000000000000000e+00
1.9363368560637592e-26 0.0000000000000000e+00
1.7219008881419561e-26 0.0000000000000000e+00
1.5312122264775912e-26 0.0000000000000000e+00
1.3616410204913064e-26 0.0000000000000000e+00
1.2108486574390021e-26 0.0000000000000000e+00
1.0767555098280167e-26 0.0000000000000000e+00
9.5751225458445006e-27 0.0000000000000000e+00
8.5147436842542926e-27 0.0000000000000000e+00
7.5717944769293609e-27 0.0000000000000000e+00
6.7332703986003747e-27 0.0000000000000000e+00
5.9876070855865421e-27 0.0000000000000000e+00
5.3245208478214527e-27 0.0000000000000000e+00
4.7348668430716868e-27 0.0000000000000000e+00
4.2105129573852281e-27 0.0000000000000000e+00
3.7442276524100765e-27 0.0000000000000000e+00
3.3295802328509148e-27 0.0000000000000000e+00
2.9608521586168760e-27 0.0000000000000000e+00
2.6329581785389252e-27 0.0000000000000000e+00
2.3413761979839710e-27 0.0000000000000000e+00
2.0820849131480966e-27 0.0000000000000000e+00
1.8515083519221216e-27 0.0000000000000000e+00
1.6464665564739532e-27 0.0000000000000000e+00
1.4641317273956666e-27 0.0000000000000000e+00
1.3019892245837416e-27 0.0000000000000000e+00
1.1578028870035511e-27 0.0000000000000000e+00
1.0295841930506831e-27 0.0000000000000000e+00
9.1556483619011071e-28 0.0000000000000000e+00
8.1417233765412494e-28 0.0000000000000000e+00
7.2400835986622775e-28 0.0000000000000000e+00
6.4382942150370742e-28 0.0000000000000000e+00
5.7252974823439039e-28 0.0000000000000000e+00
5.0912602261597895e-28 0.0000000000000000e+00
4.5274382283914384e-28 0.0000000000000000e+00
4.0260556328625876e-28 0.0000000000000000e+00
3.5801977059030601e-28 0.0000000000000000e+00
3.1837154729627160e-28 0.0000000000000000e+00
2.8311409160644902e-28 0.0000000000000000e+00
2.5176115625544625e-28 0.0000000000000000e+00
2.2388034251289233e-28 0.0000000000000000e+00
1.9908713682914105e-28 0.0000000000000000e+00
1.7703960788134871e-28 0.0000000000000000e+00
1.5743369088521858e-28 0.0000000000000000e+00
1.3999899413668615e-28 0.0000000000000000e+00
1.2449506995026831e-28 0.0000000000000000e+00
1.1070809856526312e-28 0.0000000000000000e+00
9.8447939286529184e-29 0.0000000000000000e+00
8.7545508191078547e-29 0.0000000000000000e+00
7.7850446235628177e-29 0.0000000000000000e+00
6.9229045605151439e-29 0.0000000000000000e+00
6.1562405704064673e-29 0.0000000000000000e+00
5.4744793358667617e-29 0.0000000000000000e+00
4.8682184615884645e-29 0.0000000000000000e+00
4.3290968027734965e-29 0.0000000000000000e+00
3.8496791538128585e-29 0.0000000000000000e+00
3.4233537068994693e-29 0.0000000000000000e+00
3.0442408663939905e-29 0.0000000000000000e+00
2.7071121613713919e-29 0.0000000000000000e+00
2.4073181380439123e-29 0.0000000000000000e+00
2.1407242376021589e-29 0.0000000000000000e+00
1.9036537751428996e-29 0.0000000000000000e+00
1.6928372332884061e-29 0.0000000000000000e+00
1.5053671711876192e-29 0.0000000000000000e+00
1.3386581270352854e-29 0.0000000000000000e+00
1.1904109611104607e-29 0.0000000000000000e+00
1.0585811475782426e-29 0.0000000000000000e+00
9.4135057775570077e-30 0.0000000000000000e+00
8.3710248597215712e-30 0.0000000000000000e+00
7.4439915221745411e-30 0.0000000000000000e+00
6.6196207406855609e-30 0.0000000000000000e+00
5.8865433443848418e-30 0.0000000000000000e+00
5.2346492197577732e-30 0.0000000000000000e+00
4.6549478787154308e-30 0.0000000000000000e+00
4.1394444677917926e-30 0.0000000000000000e+00
3.6810295084680731e-30 0.0000000000000000e+00
3.2733808479959591e-30 0.0000000000000000e+00
2.9108764684926879e-30 0.0000000000000000e+00
2.5885169518272883e-30 0.0000000000000000e+00
2.3018565309873695e-30 0.0000000000000000e+00
2.0469417770313499e-30 0.0000000000000000e+00
1.8202570760389921e-30 0.0000000000000000e+00
1.6186761441135135e-30 0.0000000000000000e+00
1.4394189117637077e-30 0.0000000000000000e+00
