# k_modes P_scalar P_tensor
4.5663568470590499e-05 2.7609816199691601e-09 8.3246664378616147e-12
4.8630052525655178e-05 2.7553637735201229e-09 8.3244235651404468e-12
5.1789250990558979e-05 2.7497517532519949e-09 8.3241804820635445e-12
5.5153683347311440e-05 2.7441461090922157e-09 8.3239388045586318e-12
5.8736682392453086e-05 2.7385462045690445e-09 8.3236966443942986e-12
6.2552447073148948e-05 2.7329521510228374e-09 8.3234543014437764e-12
6.6616098755721320e-05 2.7273644504487816e-09 8.3232132850598147e-12
7.0943741149607860e-05 2.7217829472752176e-09 8.3229731700609965e-12
7.5552524124212440e-05 2.7162063088921363e-09 8.3227298669003928e-12
8.0460711671550384e-05 2.7106361523088390e-09 8.3224882669903385e-12
8.5687754284011656e-05 2.7050710613983978e-09 8.3222440823697114e-12
9.1254366034066451e-05 2.6995124950798899e-09 8.3220017585333362e-12
9.7182606661371806e-05 2.6939599760377664e-09 8.3217597992381680e-12
1.0349596899257606e-04 2.6884134081427768e-09 8.3215179639509623e-12
1.1021947204025576e-04 2.6828720726741692e-09 8.3212739845953917e-12
1.1737976014992577e-04 2.6773360348796105e-09 8.3210280778178568e-12
1.2500520858802448e-04 2.6718066141445497e-09 8.3207842952938549e-12
1.3312603598930912e-04 2.6662830063528320e-09 8.3205401635666959e-12
1.4177442410927404e-04 2.6607648614135780e-09 8.3202945924543362e-12
1.5098464535615304e-04 2.6552526028344352e-09 8.3200488733749456e-12
1.6079319860790096e-04 2.6497463474384160e-09 8.3198033695153067e-12
1.7123895385237774e-04 2.6442454727012275e-09 8.3195561572740170e-12
1.8236330622392326e-04 2.6387505711016417e-09 8.3193090268005842e-12
1.9421034004675228e-04 2.6332615617077048e-09 8.3190617749434113e-12
2.0682700353524949e-04 2.6277778424216400e-09 8.3188124704873327e-12
2.2026329484347868e-04 2.6223008192295183e-09 8.3185655360273257e-12
2.3457246020119766e-04 2.6168287045977965e-09 8.3183153713067737e-12
2.4981120492156096e-04 2.6113628187618249e-09 8.3180660687142667e-12
2.6603991811671094e-04 2.6059026552975077e-09 8.3178160589210471e-12
2.8332291201177271e-04 2.6004483063157696e-09 8.3175656452145037e-12
3.0172867680562003e-04 2.5949997669799465e-09 8.3173147524136784e-12
3.2133015208839623e-04 2.5895569545264756e-09 8.3170631534959233e-12
3.4220501589137897e-04 2.5841198954456254e-09 8.3168109015043080e-12
3.6443599251465253e-04 2.5786884768184414e-09 8.3165576501793723e-12
3.8811118035247298e-04 2.5732626302919048e-09 8.3163031522906524e-12
4.1332440101545014e-04 2.5678434069499470e-09 8.3160507835913910e-12
4.4017557113307189e-04 2.5624293786423856e-09 8.3157959323234006e-12
4.6877109830997771e-04 2.5570213843488788e-09 8.3155413203255013e-12
4.9922430280509604e-04 2.5516195691259893e-09 8.3152873825785475e-12
5.3165586660471227e-04 2.5462233067895933e-09 8.3150321048470263e-12
5.6619431166908042e-04 2.5408325707066954e-09 8.3147753768022016e-12
6.0297650924780069e-04 2.5354478405234836e-09 8.3145187649931584e-12
6.4214822228232150e-04 2.5300684861703161e-09 8.3142602024869689e-12
6.8386468304503065e-04 2.5246956127778746e-09 8.3140032787328753e-12
7.2829120830403531e-04 2.5193281123051802e-09 8.3137443568145059e-12
7.7560385445145927e-04 2.5139662803672476e-09 8.3134844550601546e-12
8.2599011519143796e-04 2.5086104840531115e-09 8.3132246999208462e-12
8.7964966455264353e-04 2.5032603959679160e-09 8.3129640303153262e-12
9.3679514816983115e-04 2.4979165628909400e-09 8.3127042618526406e-12
9.9765302597010891e-04 2.4925779023491175e-09 8.3124417835488372e-12
1.0624644696034164e-03 2.4872454708769851e-09 8.3121801133747527e-12
1.1314863181736009e-03 2.4819187401718855e-09 8.3119174774646954e-12
1.2049920960575098e-03 2.4765981537349047e-09 8.3116553651436760e-12
1.2832730968456059e-03 2.4712833940410827e-09 8.3113927020537838e-12
1.3666395376996051e-03 2.4659737160246969e-09 8.3111269855406804e-12
1.4554217887016913e-03 2.4606700982249428e-09 8.3108615373574536e-12
1.5499716820670765e-03 2.4553731829257718e-09 8.3105984332070587e-12
1.6506639064081336e-03 2.4500813735782700e-09 8.3103323738858107e-12
1.7578974915753592e-03 2.4447955094598851e-09 8.3100661989792116e-12
1.8720973899594541e-03 2.4395153643630194e-09 8.3097991018372460e-12
1.9937161605209307e-03 2.4342410562221890e-09 8.3095314978223898e-12
2.1232357622208995e-03 2.4289725792452184e-09 8.3092633886395786e-12
2.2611694639601333e-03 2.4237102510220840e-09 8.3089958892333690e-12
2.4080638785952289e-03 2.4184528610879638e-09 8.3087248351024244e-12
2.5645011290924323e-03 2.4132015995790052e-09 8.3084543815498393e-12
2.7311011554032941e-03 2.4079566146960727e-09 8.3081849992293301e-12
2.9085241712039681e-03 2.4027171273803583e-09 8.3079140949791860e-12
3.0974732802339310e-03 2.3974835055096418e-09 8.3076429454705250e-12
3.2986972626023055e-03 2.3922556477176900e-09 8.3073712756593085e-12
3.5129935421034930e-03 2.3870332860529176e-09 8.3070981694933304e-12
3.7412113463013222e-03 2.3818168091745962e-09 8.3068250619937611e-12
3.9842550719045439e-03 2.3766060271216716e-09 8.3065513558674130e-12
4.2430878687703339e-03 2.3714005626583160e-09 8.3062758374395278e-12
4.5187354567386819e-03 2.3662010321791889e-09 8.3060007279905770e-12
4.8122901904232443e-03 2.3610073788221959e-09 8.3057259861383348e-12
5.1249153880669387e-03 2.3558190015420987e-09 8.3054495840032463e-12
5.4578499416169509e-03 2.3506360375557820e-09 8.3051721928013637e-12
5.8124132262881920e-03 2.3454588922622043e-09 8.3048953719119692e-12
6.1900103290712608e-03 2.3402870373860564e-09 8.3046175259566154e-12
6.5921376169047110e-03 2.3351206021625126e-09 8.3043392771845514e-12
7.0203886665776002e-03 2.3299595562463216e-09 8.3040607940422960e-12
7.4764605798616542e-03 2.3248031104592305e-09 8.3037795850205868e-12
7.9621607088991783e-03 2.3196521659117176e-09 8.3034991969414402e-12
8.4794138184984442e-03 2.3145064421391916e-09 8.3032190460897008e-12
9.0302697137198528e-03 2.3093652580963148e-09 8.3029370784477159e-12
9.6169113629798481e-03 2.3042286899010748e-09 8.3026541158551931e-12
1.0241663548863519e-02 2.2990967355471267e-09 8.3023707298076310e-12
1.0907002080927840e-02 2.2939693475144839e-09 8.3020874239464194e-12
1.1615563607004558e-02 2.2888458584405414e-09 8.3018025218441629e-12
1.2370156061883800e-02 2.2837269045691871e-09 8.3015191652676888e-12
1.3173769794784984e-02 2.2786111647940858e-09 8.3012335725246202e-12
1.4029589419711851e-02 2.2734984978615168e-09 8.3009463994757194e-12
1.4941006435652784e-02 2.2683894667434228e-09 8.3006608328199304e-12
1.5911632666638854e-02 2.2632824349439642e-09 8.3003724438920934e-12
1.6945314574920520e-02 2.2581784394411525e-09 8.3000865873306558e-12
1.8046148503984401e-02 2.2530749392905603e-09 8.2997958540928831e-12
1.9218496911815871e-02 2.2479733162477201e-09 8.2995074262819221e-12
2.0467005658738040e-02 2.2428720508288837e-09 8.2992180374986957e-12
2.1796622418336437e-02 2.2377699838673342e-09 8.2989262544467213e-12
2.3212616284429166e-02 2.2326673962307992e-09 8.2986360781034137e-12
2.4720598651782784e-02 2.2275628139591677e-09 8.2983456807860448e-12
2.6326545453321023e-02 2.2224542154698028e-09 8.2980514244430653e-12
2.8036820841949750e-02 2.2173421113555904e-09 8.2977598315182429e-12
2.9858202410845674e-02 2.2122235939151067e-09 8.2974651929525070e-12
3.1797908052153906e-02 2.2070983498054552e-09 8.2971718547597222e-12
3.3863624560531456e-02 2.2019636377287790e-09 8.2968765499444784e-12
3.6063538094889012e-02 2.1968178805418082e-09 8.2965807607384298e-12
3.8406366619046284e-02 2.1916587027031053e-09 8.2962839396894684e-12
4.0901394449859518e-02 2.1864841709390029e-09 8.2959885132266317e-12
4.3558509049730659e-02 2.1812898853835382e-09 8.2956887186643489e-12
4.6388240209301337e-02 2.1760746351513405e-09 8.2953926163713852e-12
4.9401801775608455e-02 2.1708326898520267e-09 8.2950922626707935e-12
5.2611136091063750e-02 2.1655612442595011e-09 8.2947931857545773e-12
5.6028961319363593e-02 2.1602551093422273e-09 8.2944935168586087e-12
5.9668821845874506e-02 2.1549084549833598e-09 8.2941916304838471e-12
6.3545141952225492e-02 2.1495160422318396e-09 8.2938905067772618e-12
6.7673282977811472e-02 2.1440701030803102e-09 8.2935875317143173e-12
7.2069604194732018e-02 2.1385640906133539e-09 8.2932862398550385e-12
7.6751527637403658e-02 2.1329880207314121e-09 8.2929827229033605e-12
8.1737607143757884e-02 2.1273319448458770e-09 8.2926778462605436e-12
8.7047601881625705e-02 2.1215854220462130e-09 8.2923733393210527e-12
9.2702554651682978e-02 2.1157348570512043e-09 8.2920670331003711e-12
9.8724875277262161e-02 2.1097672268897150e-09 8.2917632438410422e-12
1.0513842941149211e-01 2.1036642759540725e-09 8.2914543289247748e-12
1.1196863311369758e-01 2.0974092176477787e-09 8.2911473625984918e-12
1.1924255356985071e-01 2.0909805924284150e-09 8.2908401058789373e-12
1.2698901635621801e-01 2.0843546573525483e-09 8.2905297322733499e-12
1.3523871967127296e-01 2.0775059359696223e-09 8.2902210439468857e-12
1.4402435598856125e-01 2.0704036276942022e-09 8.2899119553577543e-12
1.5338074161261075e-01 2.0630138016514283e-09 8.2896012754079790e-12
1.6334495465130153e-01 2.0552983275859387e-09 8.2892891796431704e-12
1.7395648195146068e-01 2.0472145823485388e-09 8.2889766275658861e-12
1.8525737557996713e-01 2.0387136003615203e-09 8.2886650168798915e-12
1.9729241947048251e-01 2.0297401299022616e-09 8.2883504332690319e-12
2.1010930689620477e-01 2.0202328737527608e-09 8.2880358491553015e-12
2.2375882947194742e-01 2.0101235970412634e-09 8.2877220922815565e-12
2.3829507843453088e-01 1.9993307232097088e-09 8.2874055087665372e-12
2.5377565899913812e-01 1.9877703966659950e-09 8.2870913877366976e-12
2.7026191864109600e-01 1.9753407764472019e-09 8.2867747421244689e-12
2.8781919020773589e-01 1.9619317604944638e-09 8.2864564246197394e-12
3.0651705082374947e-01 1.9474171957159942e-09 8.2861389395156201e-12
3.2642959761605111e-01 1.9316606591285714e-09 8.2858186796545715e-12
3.4763574135080710e-01 1.9145055205866813e-09 8.2855009719720015e-12
3.7021951914627121e-01 1.8957769806121017e-09 8.2851793977121659e-12
3.9427042750067348e-01 1.8752827768573429e-09 8.2848583971087947e-12
4.1988377695490109e-01 1.8528090743789851e-09 8.2845393346426675e-12
4.4716106979545694e-01 1.8281129549942257e-09 8.2842161248305582e-12
4.7621040229447564e-01 1.8009321161031979e-09 8.2838948608485890e-12
5.0714689308083138e-01 1.7709859614582635e-09 8.2835715418201980e-12
5.4009313933989922e-01 1.7379458506709749e-09 8.2832473360071203e-12
5.7517970264984986e-01 1.7014738922715793e-09 8.2829240581123177e-12
6.1254562637976151e-01 1.6612007795385351e-09 8.2825990410455555e-12
6.5233898669993606e-01 1.6167263828260676e-09 8.2822737887578854e-12
6.9471747938801431e-01 1.5676316616942541e-09 8.2819484114192200e-12
7.3984904475629187e-01 1.5134775142613011e-09 8.2816216480241791e-12
7.8791253317677956e-01 1.4538172232153245e-09 8.2812943865745600e-12
8.3909841384136163e-01 1.3882056693715244e-09 8.2809667979931986e-12
8.9360952956578454e-01 1.3162266922410447e-09 8.2806389101715523e-12
9.5166190062868217e-01 1.2374955450079271e-09 8.2803118993646431e-12
1.0134855808311138e+00 1.1517221014025471e-09 8.2799818826546675e-12
1.0793255691690773e+00 1.0587398506919223e-09 8.2796544445412141e-12
1.1494427807318528e+00 9.5857747903188762e-10 8.2793231186326679e-12
1.2241150806736860e+00 8.5153592787254492e-10 8.2789939923608339e-12
1.3036383853563116e+00 7.3836090382318123e-10 8.2786631440089328e-12
1.3883278350260317e+00 6.2024428127466967e-10 8.2783322616170873e-12
1.4785190426724442e+00 4.9923983079155890e-10 8.2780016851035477e-12
1.5745694240179604e+00 3.7832811939501579e-10 8.2776709387624581e-12
1.6768596139086196e+00 2.6190025619242122e-10 8.2773402425203975e-12
1.7857949747191872e+00 1.5616132647511841e-10 8.2770090091161781e-12
1.9018072027501824e+00 6.9678682393384947e-11 8.2766774258177407e-12
2.0253560389827094e+00 1.4204698310480551e-11 8.2763474238785128e-12
2.1569310909706139e+00 5.6423781967530251e-12 8.2760154694106492e-12
2.2970537730899174e+00 6.5329291342399815e-11 8.2756855665699690e-12
2.4462793728344114e+00 2.2167717234214488e-10 8.2753543662346146e-12
2.6051992513458919e+00 5.1241187893489618e-10 8.2750245981778486e-12
2.7744431868994979e+00 9.8712350938131721e-10 8.2746964846368951e-12
2.9546818706309486e+00 1.7111916283812181e-09 8.2743665422691616e-12
3.1466295643960667e+00 2.7699084164953416e-09 8.2740383969821309e-12
3.3510469312951998e+00 4.2750146990278286e-09 8.2737113994693567e-12
3.5687440500795762e+00 6.3715507013098817e-09 8.2733849620104364e-12
3.8005836253853542e+00 9.2485997471962593e-09 8.2730607116316057e-12
4.0474844065169728e+00 1.3150988367595937e-08 8.2727389108520558e-12
4.3104248283280384e+00 1.8396264367006677e-08 8.2724172198128679e-12
4.5904468886281524e+00 2.5394508410802468e-08 8.2720987531942055e-12
4.8886602774811818e+00 3.4675398666371863e-08 8.2717810898945121e-12
5.2062467747588990e+00 4.6922884608943605e-08 8.2714678223701497e-12
5.5444649333770002e+00 6.3020514334743519e-08 8.2711563906134610e-12
5.9046550667723166e+00 8.4101191046457307e-08 8.2708500581139944e-12
6.2882445603862056e+00 1.1162654557951603e-07 8.2705447780930944e-12
6.6967535282025867e+00 1.4747400177421280e-07 8.2702464085764551e-12
7.1318008367567929e+00 1.9406314389868742e-07 8.2699511018695753e-12
7.5951105204877463e+00 2.5448162531153639e-07 8.2696624659214964e-12
8.0885186138563707e+00 3.3271546486027508e-07 8.2693795268138429e-12
8.6139804273051457e+00 4.3383344541017302e-07 8.2691039422361707e-12
9.1735782958926055e+00 5.6440046772148302e-07 8.2688356448243237e-12
9.7695298313093009e+00 7.3275494074839947e-07 8.2685763711004854e-12
1.0404196709976986e+01 9.4955986946305924e-07 8.2683261044707181e-12
1.1080094032057323e+01 1.2285076744152302e-06 8.2680858199653040e-12
1.1799900288458080e+01 1.5869933908649826e-06 8.2678609420987098e-12
1.2566467975335385e+01 2.0474034390329720e-06 8.2676490194327660e-12
1.3382834898155348e+01 2.6379485767681371e-06 8.2674484289078554e-12
1.4252236210111722e+01 3.3949490481169409e-06 8.2672675132840282e-12
1.5178117232606528e+01 4.3644459482768852e-06 8.2671053370308214e-12
1.6164147108599025e+01 5.6047973501126029e-06 8.2669631192742913e-12
1.7214233342929603e+01 7.1900421504767411e-06 8.2668448034439183e-12
1.8332537287240314e+01 9.2147456313069555e-06 8.2667519785123826e-12
1.9523490630856116e+01 1.1797518185861318e-05 8.2666887928624385e-12
2.0791812962978280e+01 1.5089841043351141e-05 8.2666555401853882e-12
2.2142530475786948e+01 1.9280900090791795e-05 8.2666589268964477e-12
2.3580995882569827e+01 2.4610615593480460e-05 8.2667016202483361e-12
2.5112909629811071e+01 3.1378831540901040e-05 8.2667859649346638e-12
2.6744342487300013e+01 3.9963546467008509e-05 8.2669219035182217e-12
2.8481759605781697e+01 5.0837323843971931e-05 8.2671095952363376e-12
3.0332046137487005e+01 6.4586086144830792e-05 8.2673545314070935e-12
3.2302534521072175e+01 8.1942739099034263e-05 8.2676673823596595e-12
3.4401033539094669e+01 1.0381491906162079e-04 8.2680496069929941e-12
3.6635859263176982e+01 1.3132115433185860e-04 8.2685088685310603e-12
3.9015868009488756e+01 1.6583787476553565e-04 8.2690578695940038e-12
4.1550491435145879e+01 2.0905242486925882e-04 8.2696966683127548e-12
4.4249773914609804e+01 2.6300819402467747e-04 8.2704396332618382e-12
4.7124412344202725e+01 3.3020548132948644e-04 8.2712920979492484e-12
5.0185798532481122e+01 4.1362723546191994e-04 8.2722634740008108e-12
5.3446064344452907e+01 5.1684273104668022e-04 8.2733623800107103e-12
5.6918129778539431e+01 6.4408952286992968e-04 8.2745979060377568e-12
6.0615754166806084e+01 8.0035578821712817e-04 8.2759742295317457e-12
6.4553590701359155e+01 9.9140548011487266e-04 8.2774991481076629e-12
6.8747244502990682e+01 1.2238869834710407e-03 8.2791801105484587e-12
7.3213334462190886e+01 1.5053212199235746e-03 8.2810132215735032e-12
7.7969559097593446e+01 1.8440929548193580e-03 8.2830031161271861e-12
8.3034766692843036e+01 2.2493727866642753e-03 8.2851406080040701e-12
8.8429029989829687e+01 2.7309238166089910e-03 8.2874211724009675e-12
9.4173725734285469e+01 3.2988337277871298e-03 8.2898288683702381e-12
1.0029161938897688e+02 3.9631048166604548e-03 8.2923381770188275e-12
1.0680695535019592e+02 4.7332142938381538e-03 8.2949282473608377e-12
1.1374555302506714e+02 5.6170392195298976e-03 8.2975597235520000e-12
1.2113490915041449e+02 6.6203903155987592e-03 8.3001933433055028e-12
1.2900430675866011e+02 7.7456702541848256e-03 8.3027780535951426e-12
1.3738493122257401e+02 8.9905729917553311e-03 8.3052607335114350e-12
1.4630999383874703e+02 1.0347181741278123e-02 8.3075840666088896e-12
1.5581486343952744e+02 1.1800872991390137e-02 8.3096920872863066e-12
1.6593720655498350e+02 1.3328529174304965e-02 8.3115308685504493e-12
1.7671713668033897e+02 1.4899449351269124e-02 8.3130557946698256e-12
1.8819737324039974e+02 1.6474418796600897e-02 8.3142347447641924e-12
2.0042341088093730e+02 1.8007150684242856e-02 8.3150585814599945e-12
2.1344369975789877e+02 1.9446112854067263e-02 8.3155309299824783e-12
2.2730983753890939e+02 2.0737661697536682e-02 8.3156861729283717e-12
2.4207677387794752e+02 2.1830242565062316e-02 8.3155792804555485e-12
2.5780302817349070e+02 2.2678161975527140e-02 8.3152805218060654e-12
2.7455092147308244e+02 2.3246557161080417e-02 8.3148684273350291e-12
2.9238682344333165e+02 2.3515075220739791e-02 8.3144247957209527e-12
3.1138141538404489e+02 2.3480334694190849e-02 8.3140171372595175e-12
3.3160997032878498e+02 2.3156126611416437e-02 8.3136960242906152e-12
3.5315265134186450e+02 2.2571771355324056e-02 8.3134822278672353e-12
3.7609482919386875e+02 2.1768350167050411e-02 8.3133721863980276e-12
4.0052742067463390e+02 2.0793556412940856e-02 8.3133402745897927e-12
4.2654724888435334e+02 1.9696395823671990e-02 8.3133564162818003e-12
4.5425742693060226e+02 1.8522598972361259e-02 8.3133876122775323e-12
4.8376776655183068e+02 1.7311721650065996e-02 8.3134153861853217e-12
5.1519521328662915e+02 1.6095776137351425e-02 8.3134240469493844e-12
5.4866430991329219e+02 1.4899521921618293e-02 8.3134207527684398e-12
5.8430768999623729e+02 1.3741387885625128e-02 8.3134063799286435e-12
6.2226660349512269e+02 1.2634587415515798e-02 8.3133896085996735e-12
6.6269147651958667e+02 1.1587987324306640e-02 8.3133717794339760e-12
7.0574250744785945e+02 1.0606785214195568e-02 8.3133517356683569e-12
7.5159030177155114e+02 9.6931511749704727e-03 8.3133288638689567e-12
8.0041654818246218e+02 8.8469241730999171e-03 8.3132996763561214e-12
8.5241473858062409e+02 8.0663342973167594e-03 8.3132670577590338e-12
9.0779093485687736e+02 7.3485882634064716e-03 8.3132287069845557e-12
9.6676458548866219e+02 6.6902938182231402e-03 8.3131821763121516e-12
1.0295693951850503e+03 6.0877253492067750e-03 8.3131269038780767e-12
1.0964542510273197e+03 5.5370332978514330e-03 8.3130640944594744e-12
1.1676842087752621e+03 5.0344000748484760e-03 8.3129918314141030e-12
1.2435415432477898e+03 4.5761091393518279e-03 8.3129077838908223e-12
1.3243268669403733e+03 4.1585717076751821e-03 8.3128109236584566e-12
1.4103603213122697e+03 3.7783304551716572e-03 8.3126977545170764e-12
1.5019828454643916e+03 3.4322331281182346e-03 8.3125689751559936e-12
1.5995575272354938e+03 3.1174241253032987e-03 8.3124197888148356e-12
1.7034710420708266e+03 2.8312188964028607e-03 8.3122480360226869e-12
1.8141351853653241e+03 2.5709695026794582e-03 8.3120499192509799e-12
1.9319885043538316e+03 2.3342113615066563e-03 8.3118190149925854e-12
2.0574980360152754e+03 2.1190730220429000e-03 8.3115547061651927e-12
2.1911611578778866e+03 1.9238047570685236e-03 8.3112489768922172e-12
2.3335075590600050e+03 1.7463897941346386e-03 8.3108939584922891e-12
2.4851013393573762e+03 1.5849655461086208e-03 8.3104887986453473e-12
2.6465432446953582e+03 1.4388577987391952e-03 8.3100248037598862e-12
2.8184730478049109e+03 1.3067843398548514e-03 8.3094987078821989e-12
3.0015720835565230e+03 1.1858443585321449e-03 8.3089072581040234e-12
3.1965659489994387e+03 1.0747560628814148e-03 8.3082502548276599e-12
3.4042273788059392e+03 9.7658978080023343e-04 8.3075343451493950e-12
3.6253793075157255e+03 8.8800241103550873e-04 8.3067707232569747e-12
3.8608981307157414e+03 8.0430806108310927e-04 8.3059755816186816e-12
4.1117171780789395e+03 7.2770997511800446e-04 8.3051675612063800e-12
4.3788304120252178e+03 6.6047035514525600e-04 8.3043710415118081e-12
4.6632963666619244e+03 5.9833188733462398e-04 8.3036065513780320e-12
4.9662423426132591e+03 5.4126669271353529e-04 8.3028939630840213e-12
5.2888688743622752e+03 4.9118262006860166e-04 8.3022465152904216e-12
5.6324544878087636e+03 4.4633421296605636e-04 8.3016652001737723e-12
5.9983607668969462e+03 4.0435028904896780e-04 8.3011647076278331e-12
6.3880377493908918e+03 3.6605051896127492e-04 8.3007296137873827e-12
6.8030296731807302e+03 3.3187812478670698e-04 8.3003598325021952e-12
7.2449810958913777e+03 3.0099348916916258e-04 8.3000468554819078e-12
7.7156434120450131e+03 2.7273895423458210e-04 8.2997838453724489e-12
8.2168817936037740e+03 2.4693090204378783e-04 8.2995617870173749e-12
8.7506825813975629e+03 2.2357522623846611e-04 8.2993732604383132e-12
9.3191611567276286e+03 2.0242445385975719e-04 8.2992136881374221e-12
9.9245703243404369e+03 1.8322523390250383e-04 8.2990749042439411e-12
1.0569309239992363e+04 1.6578876039506136e-04 8.2989493276636087e-12
1.1255932917983679e+04 1.4997108121742815e-04 8.2988432268120781e-12
1.1987162356339584e+04 1.3563274496600073e-04 8.2987300261182748e-12
1.2765895319762167e+04 1.2263415409243816e-04 8.2986484923492481e-12
1.3595217823085342e+04 1.1084899836539412e-04 8.2985574457542151e-12
1.4478416360739890e+04 1.0016585960791827e-04 8.2984662035207760e-12
1.5418990930692460e+04 9.0484325471945818e-05 8.2983740552648687e-12
1.6420668904470287e+04 8.1712026103188451e-05 8.2982806242925829e-12
1.7487419798237606e+04 7.3764544914951344e-05 8.2981805742446763e-12
1.8623471003458351e+04 6.6565528839378387e-05 8.2980745686286969e-12
1.9833324539484558e+04 6.0045651065357346e-05 8.2979608768195320e-12
2.1121774894458471e+04 5.4141977974388906e-05 8.2978388481266955e-12
2.2493928025229030e+04 4.8797274627878144e-05 8.2977066190621258e-12
2.3955221591578109e+04 4.3959540948576437e-05 8.2975591655902247e-12
2.5511446504940399e+04 3.9581622325628034e-05 8.2973984553468168e-12
2.7168769877012874e+04 3.5620660441186990e-05 8.2972209632058333e-12
2.8933759459195611e+04 3.2037770576937049e-05 8.2970255223512329e-12
3.0813409669714445e+04 2.8797570906015675e-05 8.2967897382219769e-12
3.2815169311566671e+04 2.5868131566232982e-05 8.2965503625257105e-12
3.4946971091134241e+04 2.3220292259515049e-05 8.2962851367943855e-12
3.7217263054440271e+04 2.0827676316553158e-05 8.2960022794702148e-12
3.9635042065628382e+04 1.8666271121941186e-05 8.2956819871768620e-12
4.2209889460335115e+04 1.6714305390155207e-05 8.2953020658824207e-12
4.4952009015243995e+04 1.4952159367806504e-05 8.2949122213618003e-12
4.7872267384292150e+04 1.3361828447594147e-05 8.2944394789478851e-12
5.0982237161769321e+04 1.1927192519400473e-05 8.2939539694491190e-12
5.4294242742965173e+04 1.0633455615101592e-05 8.2933905262096753e-12
5.7821409164103497e+04 9.4672842291122812e-06 8.2927421755780023e-12
6.1577714115109826e+04 8.4166435913517265e-06 8.2920613898119400e-12
6.5578043331330686e+04 7.4704972431379911e-06 8.2912539851442285e-12
6.9838249583718163e+04 6.6189884200319488e-06 8.2903964311302596e-12
7.4375215501245126e+04 5.8530777782541611e-06 8.2894147635661428e-12
7.9206920474511528e+04 5.1646409289539817e-06 8.2883184138430613e-12
8.4352511905670923e+04 4.5463033957869941e-06 8.2870755906026916e-12
8.9832381087029076e+04 3.9914218241275403e-06 8.2857206542084101e-12
9.5668244009016780e+04 3.4939468597459209e-06 8.2841865638771512e-12
1.0188322741776123e+05 3.0484404045863822e-06 8.2824741241216201e-12
1.0850196046329557e+05 2.6499817009206614e-06 8.2805629690417410e-12
1.1555067230159450e+05 2.2941284745250774e-06 8.2784312461801722e-12
1.2305729603722028e+05 1.9768729305966859e-06 8.2760603301780480e-12
1.3105157941848725e+05 1.6945955133903479e-06 8.2734200544520389e-12
1.3956520272382238e+05 1.4440395500245876e-06 8.2704966105261011e-12
1.4863190430647982e+05 1.2222646144925911e-06 8.2672653489936160e-12
1.5828761429513394e+05 1.0266190526409093e-06 8.2636875711465962e-12
1.6857059698018609e+05 8.5471793775687010e-07 8.2598074025920927e-12
1.7952160245003938e+05 7.0439588488927626e-07 8.2555553664819281e-12
1.9118402807826616e+05 5.7370095001629158e-07 8.2509534853654658e-12
2.0360409050160661e+05 4.6085773065298573e-07 8.2460111820535252e-12
2.1683100877033456e+05 3.6424610038122130e-07 8.2407549547685169e-12
2.3091719939678672e+05 2.8237696163937155e-07 8.2352493637942155e-12
2.4591848407500860e+05 2.1386996999133365e-07 8.2295578892203958e-12
2.6189431089467628e+05 1.5743205677444775e-07 8.2237945980019467e-12
2.7890798992594983e+05 1.1183677161105170e-07 8.2181068408637718e-12
2.9702694410883071e+05 7.5905161564282754e-08 8.2126783349532615e-12
3.1632297644127801e+05 4.8489739798185880e-08 8.2077175821610834e-12
3.3687255452491087e+05 2.8462007058156937e-08 8.2035210999018208e-12
3.5875711359590571e+05 1.4703942362681188e-08 8.2003152995088430e-12
3.8206337924198003e+05 6.1071557961849981e-09 8.1983833403658455e-12
4.0688371108431992e+05 1.5790343036533091e-09 8.1979564491877162e-12
4.3331646878643759e+05 5.8656493660851994e-11 8.1991851078667634e-12
4.6146640184039454e+05 5.4234422787834597e-10 8.2020971185978671e-12
4.9144506467506441e+05 2.1183554864453345e-09 8.2065432866702249e-12
5.2337125873144314e+05 4.0080771895481966e-09 8.2121627486706283e-12
5.5737150325692061e+05 5.6084877505166930e-09 8.2183806137603441e-12
5.9358053668416967e+05 6.5280248008749423e-09 8.2244383098258877e-12
6.3214185058157996e+05 6.6058943144274840e-09 8.2294937453393902e-12
6.7320825829120097e+05 5.9045925552066674e-09 8.2327784709178725e-12
7.1694250050761725e+05 4.6682068530715745e-09 8.2337987315952403e-12
7.6351789019762375e+05 3.2461464515545355e-09 8.2325147539881362e-12
8.1311899941637926e+05 1.9927926641678591e-09 8.2294489518825924e-12
8.6594239074183709e+05 1.1656231865354778e-09 8.2256152663684494e-12
9.2219739622601611e+05 8.5279916687287597e-10 8.2222378932212011e-12
9.8210694694999722e+05 9.5938535504106251e-10 8.2203211729416117e-12
1.0459084564700383e+06 1.2644370917223095e-09 8.2201950366357304e-12
1.1138547616558440e+06 1.5307284663485489e-09 8.2213874585388220e-12
1.1862151246493324e+06 1.6170547939561350e-09 8.2227724025077106e-12
1.2632762999145801e+06 1.5314003553758133e-09 8.2233168229281270e-12
1.3453436706075105e+06 1.3905930428458921e-09 8.2226806863599386e-12
1.4327424587685743e+06 1.3138909500800682e-09 8.2214100518809843e-12
1.5258190141343356e+06 1.3322759968366043e-09 8.2203962609015921e-12
1.6249421866752461e+06 1.3870471496019394e-09 8.2200459328628234e-12
1.7305047882988709e+06 1.4096800764983008e-09 8.2200699721019720e-12
1.8429251495110681e+06 1.3922453091893916e-09 8.2198399066786544e-12
1.9626487772039773e+06 1.3735523922390207e-09 8.2192771766820399e-12
2.0901501201403611e+06 1.3751764383932602e-09 8.2187226754215926e-12
2.2259344491307959e+06 1.3816742864301293e-09 8.2183557886725832e-12
2.3705398593544508e+06 1.3788880750913691e-09 8.2180047973027792e-12
2.5245394027584954e+06 1.3739468225056962e-09 8.2175683357484135e-12
2.6885433589865193e+06 1.3727479197222684e-09 8.2171408124381977e-12
2.8632016538352929e+06 1.3710129338596454e-09 8.2167543582252116e-12
3.0492064348240485e+06 1.3679458966680536e-09 8.2163586593711162e-12
3.2472948140827096e+06 1.3654255814402865e-09 8.2159732668222514e-12
3.4582517894289251e+06 1.3626985364787523e-09 8.2156038846643030e-12
3.6829133552096854e+06 1.3597409138436641e-09 8.2152574859843446e-12
3.9221698152353941e+06 1.3567646305045979e-09 8.2149330357195177e-12
4.1769693109350195e+06 1.3536401294444769e-09 8.2146389616845086e-12
4.4483215787141705e+06 1.3504353567807255e-09 8.2143853203215123e-12
4.7373019514056854e+06 1.3471310282165731e-09 8.2141875505953943e-12
5.0450556196701936e+06 1.3437407787095864e-09 8.2140590341605710e-12
5.3728021702339314e+06 1.3402697023554783e-09 8.2140260578232796e-12
5.7218404189481325e+06 1.3367320471052666e-09 8.2141207151147132e-12
6.0935535578230796e+06 1.3331547054153847e-09 8.2143856519569930e-12
6.4894146364334142e+06 1.3295946881207354e-09 8.2148843414623299e-12
6.9109923994170818e+06 1.3261606767142261e-09 8.2156903237771519e-12
7.3599575032010283e+06 1.3230372017343274e-09 8.2168894824505840e-12
7.8380891365897460e+06 1.3204639089040637e-09 8.2185453845691255e-12
8.3472820714530014e+06 1.3185787987706171e-09 8.2206349516031906e-12
8.8895541714541353e+06 1.3171046920437037e-09 8.2229514601598599e-12
9.4670543885744065e+06 1.3153369836965470e-09 8.2250979983177612e-12
1.0082071279123018e+07 1.3127660884060595e-09 8.2266603013578539e-12
1.0737042072980452e+07 1.3094706287168215e-09 8.2274521272415824e-12
1.1434562332015155e+07 1.3057953740571019e-09 8.2275257503711522e-12
1.2177396235949155e+07 1.3019870521001302e-09 8.2270691056598411e-12
1.2968487536433335e+07 1.2981532340834286e-09 8.2262721049795613e-12
1.3810971222742511e+07 1.2943298261230960e-09 8.2252858679906367e-12
1.4708185945319645e+07 1.2905241475126703e-09 8.2242094258743778e-12
1.5663687246402171e+07 1.2867354522973145e-09 8.2231060698657391e-12
1.6681261650161229e+07 1.2829618037621498e-09 8.2220164096878158e-12
1.7764941668192141e+07 1.2792004854270178e-09 8.2209587276705060e-12
1.8919021779819578e+07 1.2754499669586919e-09 8.2199458401299432e-12
2.0148075450546209e+07 1.2717083594465455e-09 8.2189795496606709e-12
2.1456973256086387e+07 1.2679740750005230e-09 8.2180581137327672e-12
2.2850902183807496e+07 1.2642467395169054e-09 8.2171835701416116e-12
2.4335386188069355e+07 1.2605249011188271e-09 8.2163484761579169e-12
2.5916308080917984e+07 1.2568084209855540e-09 8.2155525471256604e-12
2.7599932844884951e+07 1.2530965998237591e-09 8.2147907912678465e-12
2.9392932460277218e+07 1.2493888731291826e-09 8.2140585658481474e-12
3.1302412345345072e+07 1.2456845057863945e-09 8.2133496196132792e-12
3.3335939514106121e+07 1.2419842020634289e-09 8.2126670304490465e-12
3.5501572563412957e+07 1.2382867077629518e-09 8.2120007982212868e-12
3.7807893608096845e+07 1.2345925482323617e-09 8.2113526708602547e-12
4.0264042290743828e+07 1.2309016776391961e-09 8.2107205622207687e-12
4.2879752000879087e+07 1.2272134143921103e-09 8.2100982995683977e-12
4.5665388447090246e+07 1.2235283179826872e-09 8.2094879014491800e-12
4.8631990734948553e+07 1.2198463545839731e-09 8.2088875478560019e-12
5.1791315113510698e+07 1.2161670253261280e-09 8.2082923453069630e-12
5.5155881563765459e+07 1.2124909704435096e-09 8.2077051662983677e-12
5.8739023413647927e+07 1.2088176606002183e-09 8.2071210363551054e-12
6.2554940176239394e+07 1.2051477368234997e-09 8.2065429188789785e-12
6.6618753820542164e+07 1.2014808906380411e-09 8.2059675174824027e-12
7.0946568697826594e+07 1.1978175124265155e-09 8.2053962796799270e-12
7.5555535361025527e+07 1.1941571058858802e-09 8.2048247167241845e-12
8.0463918530087560e+07 1.1905004129113506e-09 8.2042567836135454e-12
8.5691169472625598e+07 1.1868467859130572e-09 8.2036870699398661e-12
9.1258003086693838e+07 1.1831973794570034e-09 8.2031225500555836e-12
9.7186479991166919e+07 1.1795510592045783e-09 8.2025545151266448e-12
1.0350009394902766e+08 1.1759089519774123e-09 8.2019899315942409e-12
1.1022386497001630e+08 1.1722702907856110e-09 8.2014226274262414e-12
1.1738443846158968e+08 1.1686357071967473e-09 8.2008562373756128e-12
1.2501019082111768e+08 1.1650051044924483e-09 8.2002893891874671e-12
1.3313134188775581e+08 1.1613785306940422e-09 8.1997217356488598e-12
1.4178007469964167e+08 1.1577559975166614e-09 8.1991527171219006e-12
1.5099066303097731e+08 1.1541380780379969e-09 8.1985857363831233e-12
1.6079960721442443e+08 1.1505241119748161e-09 8.1980155860182821e-12
1.7124577878705287e+08 1.1469144979748453e-09 8.1974445308251372e-12
1.8237057453305551e+08 1.1433090668912845e-09 8.1968708436417370e-12
1.9421808053368104e+08 1.1397084399254955e-09 8.1962984878191197e-12
2.0683524687449160e+08 1.1361119224534133e-09 8.1957219671628398e-12
2.2027207370228797e+08 1.1325204029586710e-09 8.1951472333231857e-12
2.3458180936902002e+08 1.1289332486860692e-09 8.1945693636804048e-12
2.4982116144790313e+08 1.1253504466307722e-09 8.1939878122966467e-12
2.6605052145795670e+08 1.1217728600276637e-09 8.1934084578925045e-12
2.8333420418754840e+08 1.1181996497018020e-09 8.1928248265081597e-12
3.0174070256531161e+08 1.1146313756947173e-09 8.1922406866535125e-12
3.2134295908848512e+08 1.1110680852426034e-09 8.1916560426382598e-12
3.4221865488429743e+08 1.1075093262654871e-09 8.1910672758011480e-12
3.6445051754990971e+08 1.1039559453853541e-09 8.1904802824715523e-12
3.8812664899084568e+08 1.1004073185715434e-09 8.1898902391055395e-12
4.1334087455708826e+08 1.0968632169671619e-09 8.1892951082615664e-12
4.4019311486042339e+08 1.0933246296391696e-09 8.1887020309510516e-12
4.6878978174649286e+08 1.0897908208455208e-09 8.1881052745100155e-12
4.9924419999074507e+08 1.0862623543094109e-09 8.1875087675957498e-12
5.3167705638938379e+08 1.0827388643582101e-09 8.1869095885928216e-12
5.6621687802506328e+08 1.0792203215885817e-09 8.1863073024020636e-12
6.0300054160255277e+08 1.0757070354730337e-09 8.1857040207149367e-12
6.4217381587285876e+08 1.0721987254070340e-09 8.1850974258587646e-12
6.8389193929533696e+08 1.0686957716917196e-09 8.1844902093517455e-12
7.2832023522699416e+08 1.0651981036795577e-09 8.1838816675497799e-12
7.7563476707689393e+08 1.0617055787871479e-09 8.1832705374241700e-12
8.2602303602195704e+08 1.0582183401188075e-09 8.1826577463351057e-12
8.7968472404910755e+08 1.0547363746950060e-09 8.1820430371225713e-12
9.3683248526834607e+08 1.0512595138003101e-09 8.1814249613206320e-12
9.9769278863262248e+08 1.0477882008416559e-09 8.1808067451070602e-12
1.0625068154040483e+09 1.0443220857376640e-09 8.1801856502798843e-12
1.1315314149231079e+09 1.0408613371007469e-09 8.1795627610217009e-12
1.2050401224682932e+09 1.0374059596536457e-09 8.1789380145227716e-12
1.2833242432399249e+09 1.0339559198927052e-09 8.1783110211174124e-12
1.3666940067637954e+09 1.0305111653076025e-09 8.1776812464445437e-12
1.4554797962893863e+09 1.0270718895411236e-09 8.1770501037526109e-12
1.5500334580546081e+09 1.0236381291000338e-09 8.1764177644415503e-12
1.6507296956054950e+09 1.0202096325670603e-09 8.1757821241021747e-12
1.7579675546963649e+09 1.0167865231952651e-09 8.1751440635216946e-12
1.8721720046549027e+09 1.0133690271240328e-09 8.1745053119891031e-12
1.9937956224789212e+09 1.0099568471614881e-09 8.1738633535052699e-12
2.1233203863385558e+09 1.0065500124319634e-09 8.1732183636939468e-12
2.2612595855915408e+09 1.0031488383330966e-09 8.1725727704793034e-12
2.4081598548803883e+09 9.9975291080334801e-10 8.1719231514463653e-12
2.5646033403725591e+09 9.9636299582701793e-10 8.1712756048503890e-12
2.7312100067280507e+09 9.9297807504090121e-10 8.1706218350064786e-12
2.9086400939366312e+09 9.8959885158959218e-10 8.1699674628175771e-12
3.0975967337608266e+09 9.8622511629072588e-10 8.1693106637353038e-12
3.2988287361532826e+09 9.8285682372660433e-10 8.1686510305282129e-12
3.5131335566906981e+09 9.7949406561494500e-10 8.1679892723362226e-12
3.7413604567838802e+09 9.7613706699835892e-10 8.1673271425341062e-12
3.9844138691874352e+09 9.7278540141213885e-10 8.1666610207563438e-12
4.2432569821459756e+09 9.6943915354733930e-10 8.1659915848998976e-12
4.5189155563808146e+09 9.6609851666824060e-10 8.1653203671776745e-12
4.8124819900427189e+09 9.6276351396074696e-10 8.1646474836689038e-12
5.1251196477400627e+09 9.5943408290099400e-10 8.1639723766511145e-12
5.4580674707975502e+09 9.5611044054399679e-10 8.1632968326696784e-12
5.8126448870153847e+09 9.5279215044205735e-10 8.1626170480022984e-12
6.1902570393856001e+09 9.4947929971484902e-10 8.1619338006788995e-12
6.5924003544862614e+09 9.4617218340586783e-10 8.1612494549386575e-12
7.0206684726203365e+09 9.4287064428643983e-10 8.1605626033987502e-12
7.4767585631995897e+09 9.3957472904203042e-10 8.1598737012831677e-12
7.9624780504005880e+09 9.3628432437580675e-10 8.1591816506395755e-12
8.4797517757453041e+09 9.3299954294646635e-10 8.1584874026426724e-12
9.0306296259916325e+09 9.2972056890274732e-10 8.1577924568330025e-12
9.6172946565608578e+09 9.2644674515052652e-10 8.1570911254024518e-12
1.0242071742695091e+10 9.2317893519331037e-10 8.1563907914812237e-12
1.0907436792627655e+10 9.1991648012144903e-10 8.1556857628596535e-12
1.1616026559277082e+10 9.1666000738604274e-10 8.1549814580344235e-12
1.2370649089347118e+10 9.1340885013343054e-10 8.1542719689280537e-12
1.3174294851241165e+10 9.1016314164490698e-10 8.1535583824121172e-12
1.4030148585889563e+10 9.0692354266190853e-10 8.1528465558648777e-12
1.4941601927452982e+10 9.0368933365736969e-10 8.1521300596931714e-12
1.5912266843916216e+10 9.0046085867251317e-10 8.1514118977102847e-12
1.6945989950834879e+10 8.9723791003721226e-10 8.1506902049090310e-12
1.8046867754960377e+10 8.9402054052768458e-10 8.1499653835758911e-12
1.9219262888149113e+10 8.9080885642334231e-10 8.1492383627855453e-12
2.0467821395890579e+10 8.8760281434060609e-10 8.1485087295877538e-12
2.1797491148965752e+10 8.8440257665354931e-10 8.1477779344200441e-12
2.3213541451198826e+10 8.8120776000092505e-10 8.1470424101392788e-12
2.4721583921005260e+10 8.7801893561953951e-10 8.1463073378090977e-12
2.6327594729486809e+10 8.7483537290390223e-10 8.1455660370131353e-12
2.8037938283200268e+10 8.7165680486086595e-10 8.1448157429387969e-12
2.9859392445451500e+10 8.6848540455654472e-10 8.1440771022479878e-12
3.1799175396063663e+10 8.6531895867112523e-10 8.1433290092502845e-12
3.3864974236059757e+10 8.6215822398714278e-10 8.1425786993898035e-12
3.6064975450619858e+10 8.5900314487966061e-10 8.1418255585779140e-12
3.8407897351028656e+10 8.5585355997504689e-10 8.1410681257729170e-12
4.0903024624180077e+10 8.5271003164761926e-10 8.1403115126935237e-12
4.3560245126552681e+10 8.4957151087122550e-10 8.1395458603381179e-12
4.6390089068465630e+10 8.4643917030276180e-10 8.1387823127392619e-12
4.9403770743897209e+10 8.4331229428378778e-10 8.1380139640579953e-12
5.2613232971235634e+10 8.4019127681936904e-10 8.1372445550955032e-12
5.6031194421074898e+10 8.3707579792915920e-10 8.1364710175278883e-12
5.9671200018609367e+10 8.3396623564572805e-10 8.1356968888699516e-12
6.3547674620365669e+10 8.3086211643916903e-10 8.1349176765928103e-12
6.7675980177982452e+10 8.2776373281273266e-10 8.1341360673120599e-12
7.2072476615578156e+10 8.2467081684039685e-10 8.1333495459642650e-12
7.6754586661945496e+10 8.2158377307889405e-10 8.1325619153028083e-12
8.1740864894501633e+10 8.1850242822432280e-10 8.1317714704091470e-12
8.7051071268602814e+10 8.1542683439287953e-10 8.1309787814662557e-12
9.2706249423611130e+10 8.1235687296133357e-10 8.1301825688443285e-12
9.8728810076029526e+10 8.0929263148780090e-10 8.1293837560273791e-12
1.0514261983018130e+11 8.0623392791037659e-10 8.1285803239819788e-12
1.1197309575837868e+11 8.0318113001790006e-10 8.1277761439379577e-12
1.1924730612538913e+11 8.0013386062184020e-10 8.1269673011300847e-12
1.2699407765635829e+11 7.9709216790421946e-10 8.1261542238814007e-12
1.3524410977327142e+11 7.9405656530315895e-10 8.1253421608259200e-12
1.4403009625267279e+11 7.9102621077119597e-10 8.1245224073119131e-12
1.5338685478673618e+11 7.8800178559573326e-10 8.1237019874514227e-12
1.6335146496113440e+11 7.8498276455915619e-10 8.1228754998501196e-12
1.7396341519649005e+11 7.8196990490765814e-10 8.1220505865203565e-12
1.8526475923571799e+11 7.7896174121187860e-10 8.1212118865586771e-12
1.9730028279739746e+11 7.7596070817133014e-10 8.1203854681396876e-12
2.1011768105559940e+11 7.7296459239678556e-10 8.1195474207125951e-12
2.2376774764949786e+11 7.6997427112915166e-10 8.1187071810187433e-12
2.3830457597178491e+11 7.6698970904844514e-10 8.1178642615099564e-12
2.5378577353357071e+11 7.6401089864906249e-10 8.1170187267372252e-12
2.7027269025525589e+11 7.6103756397994165e-10 8.1161674789443351e-12
2.8783066158809259e+11 7.5807005499774065e-10 8.1153142453811573e-12
3.0652926742985266e+11 7.5510824830557278e-10 8.1144577121994015e-12
3.2644260786068115e+11 7.5215204230610730e-10 8.1135966987824986e-12
3.4764959679182727e+11 7.4920151095185975e-10 8.1127320318305080e-12
3.7023427469094556e+11 7.4625698951951260e-10 8.1118673170844901e-12
3.9428614162325690e+11 7.4331797941335448e-10 8.1109970647986105e-12
4.1990051192836505e+11 7.4038492981399368e-10 8.1101261711450048e-12
4.4717889193826807e+11 7.3745697946265752e-10 8.1092453033241114e-12
4.7622938223340839e+11 7.3453536605032547e-10 8.1083677161610747e-12
5.0716710603085040e+11 7.3161886447416357e-10 8.1074802428562286e-12
5.4011466540222955e+11 7.2870852279481135e-10 8.1065941943114047e-12
5.7520262712940442e+11 7.2580361380042349e-10 8.1057016156668495e-12
6.1257004012319800e+11 7.2290481201082228e-10 8.1048098503083130e-12
6.5236498645565881e+11 7.2001153499775244e-10 8.1039124726358974e-12
6.9474516818958484e+11 7.1712394006495588e-10 8.1030112335434709e-12
7.3987853233073792e+11 7.1424156061295575e-10 8.1021008431283094e-12
7.8794393637942432e+11 7.1136574467694809e-10 8.1011963888158967e-12
8.3913185711890564e+11 7.0849494823572739e-10 8.1002804704557793e-12
8.9364514544947620e+11 7.0563041424758262e-10 8.0993670745951213e-12
9.5169983025951660e+11 7.0277117169411706e-10 8.0984452501633623e-12
1.0135259745191554e+12 6.9991769885799836e-10 8.0975203735642914e-12
1.0793685869891240e+12 6.9707012582413100e-10 8.0965937718176008e-12
1.1494885931577864e+12 6.9422797320265292e-10 8.0956601455157169e-12
1.2241638692540452e+12 6.9139203324797862e-10 8.0947284209371357e-12
1.3036903434337239e+12 6.8856147787086443e-10 8.0937890885334748e-12
1.3883831685034229e+12 6.8573646697333419e-10 8.0928438295053352e-12
1.4785779708290049e+12 6.8291746370180603e-10 8.0918982126968783e-12
1.5746321803781128e+12 6.8010405792024083e-10 8.0909473027075742e-12
1.6769264471674426e+12 6.7729639954151211e-10 8.0899928335180357e-12
1.7858661497279717e+12 6.7449444644172593e-10 8.0890343000613967e-12
1.9018830015659919e+12 6.7169816520915785e-10 8.0880712992629492e-12
2.0254367619861335e+12 6.6890768493416557e-10 8.0871052725851996e-12
2.1570170580561487e+12 6.6612287738090928e-10 8.0861347930439033e-12
2.2971453249336533e+12 6.6334365845020368e-10 8.0851586283729718e-12
2.4463768722441050e+12 6.6057043758903603e-10 8.0841817838824518e-12
2.6053030846986812e+12 6.5780286205477823e-10 8.0831999273416991e-12
2.7745537656731006e+12 6.5504089256313729e-10 8.0822126168316719e-12
2.9547996330342959e+12 6.5228471990587200e-10 8.0812221063395903e-12
3.1467549771058511e+12 6.4953394398660710e-10 8.0802235592230954e-12
3.3511804913052505e+12 6.4678938267493700e-10 8.0792267352260718e-12
3.5688862866703999e+12 6.4405024903736054e-10 8.0782221643404158e-12
3.8007351022215825e+12 6.4131692255823921e-10 8.0772144236496549e-12
4.0476457238810894e+12 6.3858918173849049e-10 8.0762006884956111e-12
4.3105966254992417e+12 6.3586749116355008e-10 8.0751868548271739e-12
4.5906298464157100e+12 6.3315121938415058e-10 8.0741647035712888e-12
4.8888551209224258e+12 6.3044058950752312e-10 8.0731372492047443e-12
5.2064542759923613e+12 6.2773624662938954e-10 8.0721125404062598e-12
5.5446859147023740e+12 6.2503703884979925e-10 8.0710760380029990e-12
5.9048904039091201e+12 6.2234376611235471e-10 8.0700377437566073e-12
6.2884951859441133e+12 6.1965651905125084e-10 8.0689988389782285e-12
6.6970204353772314e+12 6.1697450926453109e-10 8.0679492605148983e-12
7.1320850832657100e+12 6.1429823843505302e-10 8.0668953495330861e-12
7.5954132327619248e+12 6.1162780815396226e-10 8.0658381420495059e-12
8.0888409915041484e+12 6.0896294111000018e-10 8.0647742261798501e-12
8.6143237478661455e+12 6.0630449019727917e-10 8.0637150917390230e-12
9.1739439199004043e+12 6.0365110297530654e-10 8.0626425547809968e-12
9.7699192076831172e+12 6.0100344317631711e-10 8.0615649926566341e-12
1.0404611381763383e+13 5.9836216306644466e-10 8.0604917717615357e-12
1.1080535642545238e+13 5.9572584300190136e-10 8.0594034555736114e-12
1.1800370587690980e+13 5.9309558101729630e-10 8.0583146218357866e-12
1.2566968827046385e+13 5.9047070856910677e-10 8.0572166094704489e-12
1.3383368287152922e+13 5.8785182194026125e-10 8.0561171817336276e-12
1.4252804250145328e+13 5.8523867203133473e-10 8.0550130179745517e-12
1.5178722174743031e+13 5.8263152872938428e-10 8.0539079303328661e-12
1.6164791350143367e+13 5.8002999768562331e-10 8.0527964732711846e-12
1.7214919436925098e+13 5.7743328263497461e-10 8.0516670121010062e-12
1.8333267952585926e+13 5.7484371443509660e-10 8.0505525174399268e-12
1.9524268763081242e+13 5.7225855664559789e-10 8.0494142677869957e-12
2.0792641645716996e+13 5.6968056819235755e-10 8.0482913250050687e-12
2.2143412992998340e+13 5.6710743054621129e-10 8.0471509377972982e-12
2.3581935731551898e+13 5.6453905937880230e-10 8.0459918204731309e-12
2.5113910535059938e+13 5.6197845704751604e-10 8.0448562859590025e-12
2.6745408415269582e+13 5.5942287563452033e-10 8.0437059485181293e-12
2.8482894780602344e+13 5.5687208854038394e-10 8.0425363521502488e-12
3.0333255057705086e+13 5.5432761185608813e-10 8.0413700101251638e-12
3.2303821977477152e+13 5.5178848942093439e-10 8.0401924681533737e-12
3.4402404633704562e+13 5.4925676865694583e-10 8.0390345707075657e-12
3.6637319429456797e+13 5.4672944723555429e-10 8.0378519203566948e-12
3.9017423033882883e+13 5.4420798063136631e-10 8.0366648998602834e-12
4.1552147480008289e+13 5.4169081951173219e-10 8.0354515129904613e-12
4.4251537542625242e+13 5.3918201513707910e-10 8.0342717574122549e-12
4.7126290544393797e+13 5.3667659145329508e-10 8.0330512840669625e-12
5.0187798747904594e+13 5.3417810913024344e-10 8.0318432845977416e-12
5.3448194501695516e+13 5.3168666357953473e-10 8.0306497021628177e-12
5.6920398319130219e+13 5.2919963763004590e-10 8.0294305249201968e-12
6.0618170080668742e+13 5.2671777543034674e-10 8.0281962634512116e-12
6.4556163562437859e+13 5.2424197088588720e-10 8.0269617465170229e-12
6.8749984507190734e+13 5.2177099696898758e-10 8.0257074350874367e-12
7.3216252467783344e+13 5.1930690486657122e-10 8.0244649545385921e-12
7.7972666668245641e+13 5.1684960849327950e-10 8.0232332603271858e-12
8.3038076143442375e+13 5.1439529990326025e-10 8.0219529182516092e-12
8.8432554435287172e+13 5.1195097111277160e-10 8.0207332140515127e-12
9.4177479141508375e+13 5.0950951506496598e-10 8.0194622536186889e-12
1.0029561663221725e+14 5.0707196792482778e-10 8.0181559999075080e-12
1.0681121226999517e+14 5.0464249247984007e-10 8.0168802044810334e-12
1.1375008649103067e+14 5.0221810921982724e-10 8.0155895440534845e-12
1.2113973712806306e+14 4.9979980964982565e-10 8.0142972816001710e-12
1.2900944838062473e+14 4.9738855486637761e-10 8.0130199185070854e-12
1.3739040686441677e+14 4.9498023753061432e-10 8.0116902169442131e-12
1.4631582519970594e+14 4.9257896688652860e-10 8.0103762385974888e-12
1.5582107362850891e+14 4.9018368959172345e-10 8.0090603703359433e-12
1.6594382018213703e+14 4.8779403454064346e-10 8.0077361446231776e-12
1.7672417995458619e+14 4.8541051207388529e-10 8.0064114731068345e-12
1.8820487407329709e+14 4.8303192589437314e-10 8.0050676665518560e-12
2.0043139899728478e+14 4.8065911311829517e-10 8.0037184522783713e-12
2.1345220681353522e+14 4.7829300095734227e-10 8.0023764916184342e-12
2.2731889724616172e+14 4.7593159313282857e-10 8.0010119748010517e-12
2.4208642213922678e+14 4.7357597109303839e-10 7.9996421875967257e-12
2.5781330322356853e+14 4.7122883145756058e-10 7.9983124837090929e-12
2.7456186403061188e+14 4.6888316977765043e-10 7.9968999603795176e-12
2.9239847687220819e+14 4.6654793450867292e-10 7.9955666032572043e-12
3.1139382586525425e+14 4.6421307886811377e-10 7.9941273352049951e-12
3.3162318704340662e+14 4.6188652813846792e-10 7.9927286241600761e-12
3.5316672666597431e+14 4.5956720639695265e-10 7.9913520763055437e-12
3.7610981890609881e+14 4.5725349737863334e-10 7.9899628437563237e-12
4.0054338417721400e+14 4.5494425413073767e-10 7.9885469465170359e-12
4.2656424943851331e+14 4.5263701404783616e-10 7.9870512181169763e-12
4.5427553190727088e+14 4.5034255891681826e-10 7.9856776795332307e-12
4.8378704769861481e+14 4.4805033241414553e-10 7.9842358421684433e-12
5.1521574701214000e+14 4.4576396063734962e-10 7.9827869341577424e-12
5.4868617758994519e+14 4.4348323707561871e-10 7.9813285499544363e-12
5.8433097828271750e+14 4.4120820847023860e-10 7.9798621902911202e-12
6.2229140467980600e+14 4.3893929410792924e-10 7.9783961030065909e-12
6.6271788888625550e+14 4.3667494564918055e-10 7.9768975747451842e-12
7.0577063566519738e+14 4.3441778401024442e-10 7.9754221561694490e-12
7.5162025730793175e+14 4.3216552541440233e-10 7.9739215466163140e-12
8.0044844974767962e+14 4.2991880030077040e-10 7.9724076693131905e-12
8.5244871259632312e+14 4.2767748997286884e-10 7.9708848878014137e-12
9.0782711595755100e+14 4.2544305908851719e-10 7.9693713291725825e-12
9.6680311705518512e+14 4.2321594685210190e-10 7.9678793076461714e-12
1.0296104299128776e+15 4.2099384285813495e-10 7.9663670884974825e-12
1.0964979515316046e+15 4.1877486001394340e-10 7.9647975731335642e-12
1.1677307482352725e+15 4.1656369543187671e-10 7.9632562161353485e-12
1.2435911060932040e+15 4.1435876452239427e-10 7.9617199139599331e-12
1.3243796495821278e+15 4.1215874996440183e-10 7.9601588048954798e-12
1.4104165329209285e+15 4.0996297072437979e-10 7.9585526717622711e-12
1.5020427087990628e+15 4.0777705752515998e-10 7.9570253427152605e-12
1.5996212795265852e+15 4.0559283437269549e-10 7.9554118930503696e-12
1.7035389359601588e+15 4.0341455952506676e-10 7.9537923801495902e-12
1.8142074899073250e+15 4.0124422055023225e-10 7.9522051232021340e-12
1.9320655060817540e+15 3.9907665020744888e-10 7.9505533659945632e-12
2.0575800400766898e+15 3.9691797784484617e-10 7.9489535045977905e-12
2.1912484892439502e+15 3.9476104517056510e-10 7.9472617922057695e-12
2.3336005638132705e+15 3.9261221529559588e-10 7.9456115165064753e-12
2.4852003860632865e+15 3.9047055908764006e-10 7.9439844436292552e-12
2.6466487258627800e+15 3.8833860186754443e-10 7.9424185733950773e-12
2.8185853814416310e+15 3.8620453038340270e-10 7.9406949764651600e-12
3.0016917148257610e+15 3.8407672321108453e-10 7.9389672481999359e-12
3.1966933519839540e+15 3.8195791303506876e-10 7.9372962052448618e-12
3.4043630583867540e+15 3.7984819776804412e-10 7.9356859334894650e-12
3.6255238013729220e+15 3.7773960731466852e-10 7.9339702912374639e-12
3.8610520114591975e+15 3.7563651251030319e-10 7.9322408555208133e-12
4.1118810555175015e+15 3.7353455456822002e-10 7.9304038322168455e-12
4.3790049355833180e+15 3.7144846594172448e-10 7.9287708666304566e-12
4.6634822279531380e+15 3.6936321034631734e-10 7.9270223790076800e-12
4.9664402781811270e+15 3.6728372792638142e-10 7.9252640789082693e-12
5.2890796685989820e+15 3.6520973035257841e-10 7.9234943554044632e-12
5.6326789760637670e+15 3.6314156680190175e-10 7.9217133772240783e-12
5.9985998387872480e+15 3.6107668973935409e-10 7.9198730497601172e-12
6.3882923523264960e+15 3.5902139221951920e-10 7.9180982428799081e-12
6.8033008161191010e+15 3.5696814283041973e-10 7.9162390785128063e-12
7.2452698533358040e+15 3.5492409115273095e-10 7.9144353373979499e-12
7.7159509283026890e+15 3.5288599713805116e-10 7.9126417038075332e-12
8.2172092873206280e+15 3.5084828292440092e-10 7.9107044422643842e-12
8.7510313503875020e+15 3.4882007622035286e-10 7.9088413401616689e-12
9.3195325831156240e+15 3.4679781994465587e-10 7.9069725423915819e-12
9.9249658800397880e+15 3.4478790915284086e-10 7.9052411559475799e-12
1.0569730492537414e+16 3.4277086003787733e-10 7.9032120655322573e-12
1.1256381536742102e+16 3.4076580531341318e-10 7.9013101934460995e-12
1.1987640119127662e+16 3.3877328975936601e-10 7.8995467828615205e-12
1.2766404119890084e+16 3.3677314573070779e-10 7.8974774474104539e-12
1.3595759676860122e+16 3.3478545461229043e-10 7.8955439478438273e-12
1.4478993415455746e+16 3.3280353533916670e-10 7.8935994267637986e-12
1.5419605473140176e+16 3.3083408285036064e-10 7.8917889654993469e-12
1.6421323369999650e+16 3.2885803568929190e-10 7.8896929204985842e-12
1.7488116780408188e+16 3.2690908401449337e-10 7.8881093960478462e-12
1.8624213264317500e+16 3.2494199308602386e-10 7.8859197141867483e-12
1.9834115020513188e+16 3.2298017633295643e-10 7.8836998096433583e-12
2.1122616728227192e+16 3.2103958293107123e-10 7.8818303727698681e-12
2.2494824547812832e+16 3.1909101456365779e-10 7.8796335906208895e-12
2.3956176355776376e+16 3.1717302218099369e-10 7.8780614628999351e-12
2.5512463294356256e+16 3.1524488415503819e-10 7.8760571207624513e-12
2.7169852721047120e+16 3.1331038252473624e-10 7.8737386403175770e-12
2.8934912649014676e+16 3.1139131695795446e-10 7.8716511124873359e-12
3.0814637775255592e+16 3.0947808487509883e-10 7.8695528115016376e-12
3.2816477199648424e+16 3.0756881089781313e-10 7.8673945225902406e-12
3.4948363944742568e+16 3.0566631011589772e-10 7.8652515494791346e-12
3.7218746393268184e+16 3.0377151110167479e-10 7.8631452560754176e-12
3.9636621767950072e+16 3.0188184803636775e-10 7.8610086209739963e-12
4.2211571786299640e+16 2.9999649851515287e-10 7.8588188889937101e-12
4.4953800631684856e+16 2.9811200948762171e-10 7.8564658948891850e-12
4.7874175391146248e+16 2.9624025224417939e-10 7.8543020596300845e-12
5.0984269120213256e+16 2.9437793851445553e-10 7.8522256423289946e-12
5.4296406705379160e+16 2.9251639346112478e-10 7.8499984228042723e-12
5.7823713705981856e+16 2.9065820992618638e-10 7.8477039048857681e-12
6.1580168369044288e+16 2.8881133405992889e-10 7.8455366636458348e-12
6.5580657023202376e+16 2.8696617100872426e-10 7.8432407267156724e-12
6.9841033071239256e+16 2.8512354625641763e-10 7.8408342205627655e-12
7.4378179815005280e+16 2.8329170767900221e-10 7.8385587174527021e-12
7.9210077361691328e+16 2.8146653230959938e-10 7.8362949959555190e-12
8.4355873876592096e+16 2.7964410109816999e-10 7.8339227878503031e-12
8.9835961464734160e+16 2.7782902275312027e-10 7.8315872428615094e-12
9.5672056982064912e+16 2.7602574899645421e-10 7.8293389155697218e-12
1.0188728809645586e+17 2.7423505487603899e-10 7.8273763768414596e-12
1.0850628493956459e+17 2.7243739626648297e-10 7.8249971200161013e-12
1.1555527771276038e+17 2.7063469887038951e-10 7.8223234734675992e-12
1.2306220063391250e+17 2.6884536360534757e-10 7.8198260656139921e-12
1.3105680263696861e+17 2.6707078248796107e-10 7.8175629648729067e-12
1.3957076526301080e+17 2.6528601186573118e-10 7.8148361940774612e-12
1.4863782820997597e+17 2.6351614926506740e-10 7.8123440443223253e-12
1.5829392303857827e+17 2.6177042850274691e-10 7.8103406607950491e-12
1.6857731556428522e+17 2.6001179579353251e-10 7.8078049059945128e-12
1.7952875749964637e+17 2.5825130786987215e-10 7.8050109144468118e-12
1.9119164794788794e+17 2.5650413427880543e-10 7.8024357745892123e-12
2.0361220538776986e+17 2.5476418861839952e-10 7.7998892807681612e-12
2.1683965083125043e+17 2.5302244963310603e-10 7.7970799813084058e-12
2.3092640287978957e+17 2.5131399971606014e-10 7.7951575443775995e-12
2.4592828545227261e+17 2.4959081400384673e-10 7.7925552765835425e-12
2.6190474900775280e+17 2.4787337569315852e-10 7.7899338286721757e-12
2.7891910613968829e+17 2.4616314104617067e-10 7.7873350602016518e-12
2.9703878247530298e+17 2.4440417567935629e-10 7.7829450673979849e-12
3.1633558387435354e+17 2.4276427900700538e-10 7.7822002321341313e-12
3.3688598098616102e+17 2.4104687978072328e-10 7.7788095635655138e-12
3.5877141229260634e+17 2.3935338370701557e-10 7.7759097987673349e-12
3.8207860683795834e+17 2.3767834558866135e-10 7.7734238139125704e-12
4.0689992792450714e+17 2.3600075628680943e-10 7.7706448919732365e-12
4.3333373913600768e+17 2.3431672880267575e-10 7.7674264587250818e-12
4.6148479413943859e+17 2.3264272756989582e-10 7.7643450449166554e-12
4.9146465180980755e+17 2.3100581331818926e-10 7.7622851967658111e-12
5.2339211832308896e+17 2.2935102949151959e-10 7.7594079196858662e-12
5.5739371796924762e+17 2.2770318173837685e-10 7.7565531693375100e-12
5.9360419455111898e+17 2.2606037821380488e-10 7.7536498983533267e-12
6.3216704535612685e+17 2.2440393378278930e-10 7.7499605828131698e-12
6.7323508981686784e+17 2.2279375209111974e-10 7.7476888295821995e-12
7.1697107511416307e+17 2.2111138439427235e-10 7.7426988834024670e-12
7.6354832112240179e+17 2.1955872102227659e-10 7.7420963780016040e-12
8.1315140725308429e+17 2.1795072739225124e-10 7.7393630595627083e-12
8.6597690391840192e+17 2.1633896364922902e-10 7.7361987131801183e-12
9.2223415151355469e+17 2.1474497465727398e-10 7.7334061331672741e-12
9.8214609000480614e+17 2.1312703780527928e-10 7.7296242325288242e-12
1.0459501424108248e+18 2.1153792034895797e-10 7.7266194357488095e-12
1.1138991556784300e+18 2.0995158287465696e-10 7.7234639720737781e-12
1.1862624026813059e+18 2.0837028885904132e-10 7.7202517542128245e-12
1.2633266493124841e+18 2.0679302960682758e-10 7.7169629447425838e-12
1.3453972908992763e+18 2.0524251391725865e-10 7.7142530342277380e-12
1.4327995624442693e+18 2.0368643808414494e-10 7.7112592063813122e-12
1.5258798274882074e+18 2.0202894853230994e-10 7.7042749317713617e-12
1.6250069507025021e+18 2.0047826114279090e-10 7.7009232412481930e-12
1.7305737596507105e+18 1.9893371821208429e-10 7.6975547576382492e-12
1.8429986015117563e+18 1.9739639727059887e-10 7.6942142686816797e-12
1.9627270009339848e+18 1.9586902826830012e-10 7.6910230058901373e-12
2.0902334255899005e+18 1.9443887150064879e-10 7.6915913799282015e-12
2.2260231664282491e+18 1.9291548901856572e-10 7.6881496383019644e-12
2.3706343400746307e+18 1.9137605411186491e-10 7.6835940167027604e-12
2.5246400213159107e+18 1.8981893690522968e-10 7.6782953637908774e-12
2.6886505141190579e+18 1.8837214703855320e-10 7.6770505226345548e-12
2.8633157701844588e+18 1.8685883958857465e-10 7.6728643429213552e-12
3.0493279646177075e+18 1.8531674145056917e-10 7.6674682095590381e-12
3.2474242389272197e+18 1.8389292108692554e-10 7.6663423766606527e-12
3.4583896222176768e+18 1.8238969156002057e-10 7.6616875250628092e-12
3.6830601421556306e+18 1.8093941826950303e-10 7.6592325144995218e-12
3.9223261380355983e+18 1.7941766630376597e-10 7.6531463904135594e-12
4.1771357890758989e+18 1.7793102580249653e-10 7.6489160934668470e-12
4.4484988719263852e+18 1.7655353095596871e-10 7.6483602313578557e-12
4.7374907622785802e+18 1.7502187085128663e-10 7.6413140466730212e-12
5.0452566964361083e+18 1.7356623948243713e-10 7.6372626550638160e-12
5.3730163097332009e+18 1.7222898563363272e-10 7.6377211972861094e-12
5.7220684697870408e+18 1.7069207818980766e-10 7.6294448002653244e-12
6.0937964237366743e+18 1.6926759083860666e-10 7.6254807522086118e-12
6.4896732798669087e+18 1.6781972217924609e-10 7.6209345527855018e-12
6.9112678453398938e+18 1.6643638171071722e-10 7.6177762566555963e-12
7.3602508431685980e+18 1.6504749936260837e-10 7.6146857524672234e-12
7.8384015330691963e+18 1.6361665826834369e-10 7.6096331902593941e-12
8.3476147624299295e+18 1.6224432782890497e-10 7.6066280200647831e-12
8.8899084753384929e+18 1.6087386733412312e-10 7.6038066549778697e-12
9.4674317094252175e+18 1.5946239840485056e-10 7.5983972800191200e-12
1.0082473112212552e+19 1.5808175057819586e-10 7.5943182108002998e-12
1.0737470010719511e+19 1.5664027111549276e-10 7.5883994894350909e-12
1.1435018070263941e+19 1.5522902662616059e-10 7.5814231172879702e-12
1.2177881580737542e+19 1.5387534803790898e-10 7.5782986212633042e-12
1.2969004411117965e+19 1.5250122323445088e-10 7.5731519146323563e-12
1.3811521675628798e+19 1.5118594093151125e-10 7.5708154052692148e-12
1.4708772157778934e+19 1.4983713616221598e-10 7.5663468315311755e-12
1.5664311541516159e+19 1.4846811675113917e-10 7.5604079831405232e-12
1.6681926501928219e+19 1.4718912329227683e-10 7.5573203624751133e-12
1.7765649711330980e+19 1.4586150508703433e-10 7.5528743017480321e-12
1.8919775820210754e+19 1.4454097835798111e-10 7.5485251042216559e-12
2.0148878476351357e+19 1.4321378180236640e-10 7.5430148984168839e-12
2.1457828449589387e+19 1.4195546842182299e-10 7.5415764753876911e-12
2.2851812934026179e+19 1.4065299084221248e-10 7.5371312782882624e-12
2.4336356104185324e+19 1.3935775329025185e-10 7.5327275131253042e-12
2.5917341006579401e+19 1.3819686663845508e-10 7.5361535747237403e-12
2.7601032873438392e+19 1.3678032683606705e-10 7.5235913166392007e-12
2.9394103950989074e+19 1.3562110581165720e-10 7.5262890395513733e-12
3.1303659940676612e+19 1.3409814607969628e-10 7.5087522233393715e-12
3.3337268158111293e+19 1.3313614131403559e-10 7.5203691720456591e-12
3.5502987521330696e+19 1.3187751000907710e-10 7.5158348254503973e-12
3.7809400487216587e+19 1.3064890821322529e-10 7.5125716899753722e-12
4.0265647062626804e+19 1.2932863463587455e-10 7.5037705752820811e-12
4.2881461025021665e+19 1.2808825599741782e-10 7.4990803185252177e-12
4.5667208496127255e+19 1.2689758222538907e-10 7.4969078850599745e-12
4.8633929021491487e+19 1.2582810111121012e-10 7.5032461490093443e-12
5.1793379318730523e+19 1.2405787689826660e-10 7.4632149546223455e-12
5.5158079867832050e+19 1.2288085754079920e-10 7.4609817632085224e-12
5.8741364528146997e+19 1.2215938657963980e-10 7.4886006396920854e-12
6.2557433378695086e+19 1.2066884571090875e-10 7.4644381045280486e-12
6.6621408991183397e+19 1.1925480212690700e-10 7.4484611557461452e-12
7.0949396358740369e+19 1.1846087138920460e-10 7.4675486522609040e-12
7.5558546717854777e+19 1.1708347833480531e-10 7.4494370787000303e-12
8.0467125516438274e+19 1.1601404246101739e-10 7.4529023135824939e-12
8.5694584797355835e+19 1.1471718465468949e-10 7.4385908122834202e-12
9.1261640284280144e+19 1.1354249302670570e-10 7.4327518561329021e-12
9.7190353475338043e+19 1.1234504931785080e-10 7.4254634099107503e-12
1.0350421906988479e+20 1.1127370151078310e-10 7.4277701541053677e-12
1.1022825807486281e+20 1.1009102348779852e-10 7.4204235262603729e-12
1.1738911695971394e+20 1.0890092941675766e-10 7.4119124428235400e-12
1.2501517325278251e+20 1.0765679207008168e-10 7.3976749588486987e-12
1.3313664799767409e+20 1.0653886824822599e-10 7.3944373613159510e-12
1.4178572551521906e+20 1.0546682539981914e-10 7.3928202981412437e-12
1.5099668094564198e+20 1.0417403138793535e-10 7.3753563388379029e-12
1.6080601607637064e+20 1.0310787538503851e-10 7.3730195203823775e-12
1.7125260399374415e+20 1.0208555480111895e-10 7.3740268024245496e-12
1.8237784313187536e+20 1.0100979040251657e-10 7.3699589003423413e-12
1.9422582132911679e+20 1.0012661502356653e-10 7.3820391875421259e-12
2.0684349054228277e+20 9.9046274245568835e-11 7.3762333900791204e-12
2.2028085291099013e+20 9.7942079822125005e-11 7.3704816658151986e-12
2.3459115890946592e+20 9.6547073562773521e-11 7.3371850498797189e-12
2.4983111837107208e+20 9.5829607532713419e-11 7.3613449842364355e-12
2.6606112522180867e+20 9.4652017972729334e-11 7.3475397589397826e-12
2.8334549681338473e+20 9.3491557613440508e-11 7.3348945144505596e-12
3.0175272880430186e+20 9.2097246165351566e-11 7.3000663057176835e-12
3.2135576659901238e+20 9.1219912073080331e-11 7.3093670493195808e-12
3.4223229442081469e+20 9.0133333867266542e-11 7.3001001276582891e-12
3.6446504316408044e+20 8.9050514254323922e-11 7.2891725003586914e-12
3.8814211824574071e+20 8.7903728553990394e-11 7.2720037800239884e-12
4.1335734875530081e+20 8.7284274441268926e-11 7.2995557758542429e-12
4.4021065928700304e+20 8.5807403916927323e-11 7.2543830353989053e-12
4.6880846592766129e+20 8.4849068987583782e-11 7.2493999505390529e-12
4.9926409796941526e+20 8.4252466039180478e-11 7.2804404112984457e-12
5.3169824701859424e+20 8.3185025652837968e-11 7.2697865351010933e-12
5.6623944528045022e+20 8.2053514108682178e-11 7.2536723357593784e-12
6.0302457491513829e+20 8.0979077331965795e-11 7.2372239555824529e-12
6.4219941048345952e+20 8.0253663698296705e-11 7.2518906569382893e-12
6.8391919663197481e+20 7.8832323892691059e-11 7.2061033972373659e-12
7.2834926330685738e+20 7.8037737999966017e-11 7.2156648706364126e-12
7.7566568093439020e+20 7.6953870144239401e-11 7.1983993420014326e-12
8.2605595816457889e+20 7.6325284253327709e-11 7.2211608671314178e-12
8.7971978494291372e+20 7.5656712361929390e-11 7.2376568920661330e-12
9.3686982385498076e+20 7.4676300831336101e-11 7.2277004451908045e-12
9.9773255287991461e+20 7.3027374685424191e-11 7.1553142109416484e-12
1.0625491628924122e+21 7.2426280314524791e-11 7.1814944167631031e-12
1.1315765134699898e+21 7.1403821367014282e-11 7.1638734601715615e-12
1.2050881507932171e+21 7.0452500605045571e-11 7.1545057016005128e-12
1.2833753916727453e+21 6.9693014476794830e-11 7.1632710561782086e-12
1.3667484779989170e+21 6.8718441950976135e-11 7.1474672671474954e-12
1.4555378061890465e+21 6.7442577857069411e-11 7.1034549098729160e-12
1.5500952365042992e+21 6.7260549646943058e-11 7.1678018497146450e-12
1.6507954874249708e+21 6.6503826792214255e-11 7.1650824928602804e-12
1.7580376206098277e+21 6.5674921820669417e-11 7.1653014626852095e-12
1.8722466223242194e+21 6.4116455135872606e-11 7.0948908439650631e-12
1.9938750876039433e+21 6.1661925206682324e-11 6.8952620501233980e-12
2.1234050138289865e+21 6.3111138946163345e-11 7.1554780815822314e-12
2.2613497108148338e+21 6.2180382496969491e-11 7.1339903229698550e-12
2.4082558349907785e+21 6.0964536268548176e-11 7.0967965115405547e-12
2.5647055557264393e+21 5.8216190531324065e-11 6.8462624301552878e-12
2.7313188623912104e+21 5.9683407505040529e-11 7.1176158015433152e-12
2.9087560212895404e+21 5.7880643713757149e-11 7.0018235041497674e-12
3.0977201922081177e+21 5.5924593999843400e-11 6.8351507777384820e-12
3.2989602149443096e+21 5.6656597059706990e-11 7.0324390601058042e-12
3.5132735768583681e+21 5.5251052204609816e-11 6.9598053538370495e-12
3.7415095732094359e+21 5.5636103898779706e-11 7.0933204035465786e-12
3.9845726727993426e+21 5.1572857427209871e-11 6.6511519133772411e-12
4.2434261022617916e+21 5.4081239056695625e-11 7.0798604437185180e-12
4.5190956632009941e+21 5.1051812217562906e-11 6.7484696584942018e-12
4.8126737973065600e+21 4.8937940769513026e-11 6.5692385458578401e-12
5.1253239155542018e+21 4.8270300582025557e-11 6.5712330435953431e-12
5.4582850086480422e+21 5.0288806796090413e-11 6.9653165110355527e-12
5.8128765569757065e+21 4.9562588800362043e-11 6.9587522468973518e-12
6.1905037595328958e+21 4.5909618956407846e-11 6.5144044108071380e-12
6.5926631025395557e+21 4.5213502244157483e-11 6.5084852968560545e-12
7.0209482898151079e+21 4.4580567040970411e-11 6.5067461776578163e-12
7.4770565584140475e+21 4.3682043660196332e-11 6.4722875083716787e-12
7.9627954045499432e+21 4.2606774177323911e-11 6.4115554229903098e-12
8.4800897464617696e+21 4.1500599965362732e-11 6.3356938879223745e-12
9.0309895526080640e+21 4.0732960798456921e-11 6.3065160564777425e-12
9.6176779654184168e+21 4.0034278719325499e-11 6.2872873606755312e-12
1.0242479952795720e+22 3.9203088570137181e-11 6.2493897420873455e-12
1.0907871521653440e+22 3.8516127145399391e-11 6.2284334141249138e-12
1.1616489530001149e+22 3.7872785876468027e-11 6.2329075617855108e-12
1.2371142136460678e+22 3.6862318320086685e-11 6.1653778966418492e-12
1.3174819928624144e+22 3.6101818988096147e-11 6.1338556413814059e-12
1.4030707774353572e+22 3.5297132736295864e-11 6.0917036696007244e-12
1.4942197442987298e+22 3.3853800691975874e-11 5.9483481105642596e-12
1.5912901046469317e+22 3.3262054262569286e-11 5.9220079570365142e-12
1.6946665353666986e+22 3.2490444390452016e-11 5.8867632613244428e-12
1.8047587034602802e+22 3.1912394464613251e-11 5.8663165593255870e-12
1.9220028895011109e+22 3.1385249549803144e-11 5.8473556426579309e-12
2.0468637165555311e+22 3.1154831760325104e-11 5.8851365398482342e-12
2.1798359914219395e+22 3.0597428070447714e-11 5.8674543973997405e-12
2.3214466654842170e+22 2.9946363984362330e-11 5.8487569899467636e-12
2.4722569229496901e+22 2.9560450603862404e-11 5.8898710024230535e-12
2.6328644047472840e+22 2.8671121204690376e-11 5.8049663009464565e-12
2.8039055768987862e+22 2.7697399375090309e-11 5.6940915675416567e-12
2.9860582527487741e+22 2.7410790880247945e-11 5.7550951672940222e-12
3.1800442790484615e+22 2.6807091276160933e-11 5.7350147075696256e-12
3.3866323965380653e+22 2.5746645569971874e-11 5.5713757868701169e-12
3.6066412863637921e+22 2.5269534045319603e-11 5.5586233458761548e-12
3.8409428144019886e+22 2.4800633550036212e-11 5.5537169443375631e-12
4.0904654863473190e+22 2.4398096070282455e-11 5.5635518563524966e-12
4.3561981272568176e+22 2.3955072297738038e-11 5.5643586048613473e-12
4.6391938001318525e+22 2.3151797530439322e-11 5.4838674873836215e-12
4.9405739790661715e+22 2.2263841666248737e-11 5.4648435534573864e-12
5.2615329934981365e+22 2.1703913833430651e-11 5.4236220159668729e-12
5.6033427611789394e+22 2.3636279709333137e-11 5.9582613581370590e-12
5.9673578286129472e+22 2.3167884534843315e-11 5.9627715444073908e-12
6.3550207389447733e+22 2.1991373493405653e-11 5.7913921867474592e-12
6.7678677485652913e+22 2.0133252927134396e-11 5.4134422751960665e-12
7.2075349150907419e+22 2.3994446711581618e-11 6.5104691455514789e-12
7.6757645808407832e+22 2.3247388495503099e-11 6.4446121784889460e-12
8.1744122775086964e+22 2.1288329261951178e-11 6.0112075646052829e-12
8.7054540793856603e+22 2.0823849464081350e-11 6.0035730248676767e-12
9.2709944342799050e+22 2.0555757966657175e-11 6.1364432014581856e-12
