# k_modes P_scalar P_tensor
4.5664517805352600e-05 2.6392059091245474e-09 8.0699093004523954e-12
4.6308802277385040e-05 2.6380145676765741e-09 8.0698572451380773e-12
4.6962177012511178e-05 2.6368212616483272e-09 8.0697983615850870e-12
4.7624770266007725e-05 2.6356312004220432e-09 8.0697485371653634e-12
4.8296712102715438e-05 2.6344404887817046e-09 8.0696958652238891e-12
4.8978134422570715e-05 2.6332497682792002e-09 8.0696423041708931e-12
4.9669170986497396e-05 2.6320599323114909e-09 8.0695906305529278e-12
5.0369957442662999e-05 2.6308692078117028e-09 8.0695353618452499e-12
5.1080631353106302e-05 2.6296801676855334e-09 8.0694844058960503e-12
5.1801332220740604e-05 2.6284895330089126e-09 8.0694277220072615e-12
5.2532201516737079e-05 2.6272996360839697e-09 8.0693724315119404e-12
5.3273382708295403e-05 2.6261116092867098e-09 8.0693220225832704e-12
5.4025021286806192e-05 2.6249223834708448e-09 8.0692670938907941e-12
5.4787264796409858e-05 2.6237339615197221e-09 8.0692137801954086e-12
5.5560262862959322e-05 2.6225452754810187e-09 8.0691587826315401e-12
5.6344167223391419e-05 2.6213575156452633e-09 8.0691057724557000e-12
5.7139131755511689e-05 2.6201707683159839e-09 8.0690550476501624e-12
5.7945312508200404e-05 2.6189826404254659e-09 8.0689992012476679e-12
5.8762867732044778e-05 2.6177955348479967e-09 8.0689456578749046e-12
5.9591957910402345e-05 2.6166078604379178e-09 8.0688894977712342e-12
6.0432745790903663e-05 2.6154210277310344e-09 8.0688350758836581e-12
6.1285396417399469e-05 2.6142353739365270e-09 8.0687834278704870e-12
6.2150077162357524e-05 2.6130490731258609e-09 8.0687289282948477e-12
6.3026957759717634e-05 2.6118642941196403e-09 8.0686782635162238e-12
6.3916210338210217e-05 2.6106777939253023e-09 8.0686214248616258e-12
6.4818009455143864e-05 2.6094931503128765e-09 8.0685694777265052e-12
6.5732532130670718e-05 2.6083071835903956e-09 8.0685125818843393e-12
6.6659957882535335e-05 2.6071225222494147e-09 8.0684588302510854e-12
6.7600468761312634e-05 2.6059386577035903e-09 8.0684067015326401e-12
6.8554249386144190e-05 2.6047536935278470e-09 8.0683503182359335e-12
6.9521486980978804e-05 2.6035700364141924e-09 8.0682971114370146e-12
7.0502371411323094e-05 2.6023866749741534e-09 8.0682439535231999e-12
7.1497095221511838e-05 2.6012027935645523e-09 8.0681883338004565e-12
7.2505853672504293e-05 2.6000195678038907e-09 8.0681338623013871e-12
7.3528844780212314e-05 2.5988375614047049e-09 8.0680823420047152e-12
7.4566269354370721e-05 2.5976551865052593e-09 8.0680288002754758e-12
7.5618331037956006e-05 2.5964729535374453e-09 8.0679748268522892e-12
7.6685236347159822e-05 2.5952898119260659e-09 8.0679171815980900e-12
7.7767194711927967e-05 2.5941092776620782e-09 8.0678667747382569e-12
7.8864418517071174e-05 2.5929276643519568e-09 8.0678121398129829e-12
7.9977123143954584e-05 2.5917463745926540e-09 8.0677576601064788e-12
8.1105527012776969e-05 2.5905649882510406e-09 8.0677020007127914e-12
8.2249851625446248e-05 2.5893854438621748e-09 8.0676511972555187e-12
8.3410321609058669e-05 2.5882038638127129e-09 8.0675932161904087e-12
8.4587164759992835e-05 2.5870243794726129e-09 8.0675408707406167e-12
8.5780612088625846e-05 2.5858438882301842e-09 8.0674845277728246e-12
8.6990897864678893e-05 2.5846642241725507e-09 8.0674299119647350e-12
8.8218259663204094e-05 2.5834843929557423e-09 8.0673738924479448e-12
8.9462938411220250e-05 2.5823063538013511e-09 8.0673225978114593e-12
9.0725178435004913e-05 2.5811273734136948e-09 8.0672674932597919e-12
9.2005227508055361e-05 2.5799488371150163e-09 8.0672129283406727e-12
9.3303336899726267e-05 2.5787704175596149e-09 8.0671578409847315e-12
9.4619761424551932e-05 2.5775920236393588e-09 8.0671019488076952e-12
9.5954759492266072e-05 2.5764141790075845e-09 8.0670469303806563e-12
9.7308593158527352e-05 2.5752382016643690e-09 8.0669968682374900e-12
9.8681528176358904e-05 2.5740599631592905e-09 8.0669388844278853e-12
1.0007383404831540e-04 2.5728831010161712e-09 8.0668843238961498e-12
1.0148578407938566e-04 2.5717067116774789e-09 8.0668303568441522e-12
1.0291765543064113e-04 2.5705299716907463e-09 8.0667744338713369e-12
1.0436972917364196e-04 2.5693541030496454e-09 8.0667203632222216e-12
1.0584229034560996e-04 2.5681779255300998e-09 8.0666644505211509e-12
1.0733562800538104e-04 2.5670025255738374e-09 8.0666101127616397e-12
1.0885003529014626e-04 2.5658271319891376e-09 8.0665549036265757e-12
1.1038580947299328e-04 2.5646529537657918e-09 8.0665026615678364e-12
1.1194325202126078e-04 2.5634781002048746e-09 8.0664474218542640e-12
1.1352266865571516e-04 2.5623025838014492e-09 8.0663892030255608e-12
1.1512436941056211e-04 2.5611291614724272e-09 8.0663367183115988e-12
1.1674866869430602e-04 2.5599549514661073e-09 8.0662808672476136e-12
1.1839588535146699e-04 2.5587807251438524e-09 8.0662240884207226e-12
1.2006634272516856e-04 2.5576076249023851e-09 8.0661699898943152e-12
1.2176036872060953e-04 2.5564353486505773e-09 8.0661175795112991e-12
1.2347829586943049e-04 2.5552617978736692e-09 8.0660603031409274e-12
1.2522046139498805e-04 2.5540892471127004e-09 8.0660052973295867e-12
1.2698720727855162e-04 2.5529174109263941e-09 8.0659516836110577e-12
1.2877888032643267e-04 2.5517455233833460e-09 8.0658970196505326e-12
1.3059583223806138e-04 2.5505734783574786e-09 8.0658409707473013e-12
1.3243841967502468e-04 2.5494024928287948e-09 8.0657873810275260e-12
1.3430700433107750e-04 2.5482313289367908e-09 8.0657323629742790e-12
1.3620195300314159e-04 2.5470597367578099e-09 8.0656751250628654e-12
1.3812363766330728e-04 2.5458886594951092e-09 8.0656186069607282e-12
1.4007243553185004e-04 2.5447191400537644e-09 8.0655661726168116e-12
1.4204872915127701e-04 2.5435483072414586e-09 8.0655086679967501e-12
1.4405290646141988e-04 2.5423789550114809e-09 8.0654549697178429e-12
1.4608536087558553e-04 2.5412090941871655e-09 8.0653987897090533e-12
1.4814649135778135e-04 2.5400395682673215e-09 8.0653428062011493e-12
1.5023670250103181e-04 2.5388697147881475e-09 8.0652848735357051e-12
1.5235640460679713e-04 2.5377012733293405e-09 8.0652305511338827e-12
1.5450601376551548e-04 2.5365333255614207e-09 8.0651769003232616e-12
1.5668595193827953e-04 2.5353638689146517e-09 8.0651175827791499e-12
1.5889664703966553e-04 2.5341968941458096e-09 8.0650652737144464e-12
1.6113853302173248e-04 2.5330288828596890e-09 8.0650087631328609e-12
1.6341204995920508e-04 2.5318618282799123e-09 8.0649544375481849e-12
1.6571764413585827e-04 2.5306945818544022e-09 8.0648986014592869e-12
1.6805576813212235e-04 2.5295280642898733e-09 8.0648441917382079e-12
1.7042688091392245e-04 2.5283609222269738e-09 8.0647869285902957e-12
1.7283144792277155e-04 2.5271946696700879e-09 8.0647315930992298e-12
1.7526994116713607e-04 2.5260282202903418e-09 8.0646747610388575e-12
1.7774283931508910e-04 2.5248633145902080e-09 8.0646219535130635e-12
1.8025062778827071e-04 2.5236971825020792e-09 8.0645643577569062e-12
1.8279379885717577e-04 2.5225320510844303e-09 8.0645090617700606e-12
1.8537285173778439e-04 2.5213668925310299e-09 8.0644527887047155e-12
1.8798829268955588e-04 2.5202023314022964e-09 8.0643975158019249e-12
1.9064063511480675e-04 2.5190376873052452e-09 8.0643411078377732e-12
1.9333039965948950e-04 2.5178734314973416e-09 8.0642850503848871e-12
1.9605811431539294e-04 2.5167100757988510e-09 8.0642309829237356e-12
1.9882431452378652e-04 2.5155461832994531e-09 8.0641742905448894e-12
2.0162954328052494e-04 2.5143822739077105e-09 8.0641166770666428e-12
2.0447435124263590e-04 2.5132202605518031e-09 8.0640642360796662e-12
2.0735929683641342e-04 2.5120558764947592e-09 8.0640033133893366e-12
2.1028494636703444e-04 2.5108947947560555e-09 8.0639520831282388e-12
2.1325187412972208e-04 2.5097308258443054e-09 8.0638906788105661e-12
2.1626066252247896e-04 2.5085699144350289e-09 8.0638382032173237e-12
2.1931190216040958e-04 2.5074077061188260e-09 8.0637806922510324e-12
2.2240619199165521e-04 2.5062469745271509e-09 8.0637270160037092e-12
2.2554413941496692e-04 2.5050852205146200e-09 8.0636691443860989e-12
2.2872636039893512e-04 2.5039236265997244e-09 8.0636108985874885e-12
2.3195347960290149e-04 2.5027636107929282e-09 8.0635568526934396e-12
2.3522613049957894e-04 2.5016028243351554e-09 8.0634994157347247e-12
2.3854495549939948e-04 2.5004426440908203e-09 8.0634430431795529e-12
2.4191060607661646e-04 2.4992832156935525e-09 8.0633881930795326e-12
2.4532374289718830e-04 2.4981228554137641e-09 8.0633294324527335e-12
2.4878503594846432e-04 2.4969643099165296e-09 8.0632756314326531e-12
2.5229516467070007e-04 2.4958060452097250e-09 8.0632218457532607e-12
2.5585481809043098e-04 2.4946462493261256e-09 8.0631622239545243e-12
2.5946469495572496e-04 2.4934878484538542e-09 8.0631061843002644e-12
2.6312550387334372e-04 2.4923284776695246e-09 8.0630461380166715e-12
2.6683796344784122e-04 2.4911709424901150e-09 8.0629911056192758e-12
2.7060280242262286e-04 2.4900130883805372e-09 8.0629341400000454e-12
2.7442075982299444e-04 2.4888563695548732e-09 8.0628799634894619e-12
2.7829258510123181e-04 2.4876996960365652e-09 8.0628250214607032e-12
2.8221903828369534e-04 2.4865422534091532e-09 8.0627667042941241e-12
2.8620089012001943e-04 2.4853848004265351e-09 8.0627074264447750e-12
2.9023892223441005e-04 2.4842292824971031e-09 8.0626535375232578e-12
2.9433392727907392e-04 2.4830729478585757e-09 8.0625960876808219e-12
2.9848670908981252e-04 2.4819177666930103e-09 8.0625415013219794e-12
3.0269808284381439e-04 2.4807616073255410e-09 8.0624828044547111e-12
3.0696887521967079e-04 2.4796071459051303e-09 8.0624287219051115e-12
3.1129992455964869e-04 2.4784509288331787e-09 8.0623680385654456e-12
3.1569208103425679e-04 2.4772970753356021e-09 8.0623141353426348e-12
3.2014620680912998e-04 2.4761425920146383e-09 8.0622572790103340e-12
3.2466317621426875e-04 2.4749886345128007e-09 8.0622012263443373e-12
3.2924387591566905e-04 2.4738339908896689e-09 8.0621420425620563e-12
3.3388920508937108e-04 2.4726804200293029e-09 8.0620854172894781e-12
3.3860007559796326e-04 2.4715280145879979e-09 8.0620317127672847e-12
3.4337741216958017e-04 2.4703736516773696e-09 8.0619707178619292e-12
3.4822215257942216e-04 2.4692208920361832e-09 8.0619140232081780e-12
3.5313524783383687e-04 2.4680688267658182e-09 8.0618587080099964e-12
3.5811766235700044e-04 2.4669158965224603e-09 8.0617996426331093e-12
3.6317037418022978e-04 2.4657646486911523e-09 8.0617451706388721e-12
3.6829437513396563e-04 2.4646117330308058e-09 8.0616843377267841e-12
3.7349067104246793e-04 2.4634609741170935e-09 8.0616296482709127e-12
3.7876028192125469e-04 2.4623091479277700e-09 8.0615705613949601e-12
3.8410424217732617e-04 2.4611585822075355e-09 8.0615146793616995e-12
3.8952360081221825e-04 2.4600080648235430e-09 8.0614580461850696e-12
3.9501942162791632e-04 2.4588579130830592e-09 8.0614016899880277e-12
4.0059278343567529e-04 2.4577079622871534e-09 8.0613451068598769e-12
4.0624478026778869e-04 2.4565582578758268e-09 8.0612884059766656e-12
4.1197652159234255e-04 2.4554076709094545e-09 8.0612278913280133e-12
4.1778913253099893e-04 2.4542593714434935e-09 8.0611739730942186e-12
4.2368375407985612e-04 2.4531096582820986e-09 8.0611144974455721e-12
4.2966154333342103e-04 2.4519611785868733e-09 8.0610581539966081e-12
4.3572367371174172e-04 2.4508120061161999e-09 8.0609986227454575e-12
4.4187133519074846e-04 2.4496638680626244e-09 8.0609415802237480e-12
4.4810573453584059e-04 2.4485158896309693e-09 8.0608841458038540e-12
4.5442809553876938e-04 2.4473684513017791e-09 8.0608275906772144e-12
4.6083965925786688e-04 2.4462207891128135e-09 8.0607693501012543e-12
4.6734168426166011e-04 2.4450734635932182e-09 8.0607113152687858e-12
4.7393544687592242e-04 2.4439265579567578e-09 8.0606537601001355e-12
4.8062224143421501e-04 2.4427807133909076e-09 8.0605987684763124e-12
4.8740338053195872e-04 2.4416333109638863e-09 8.0605377310603341e-12
4.9428019528409048e-04 2.4404871502662269e-09 8.0604798625129872e-12
5.0125403558636016e-04 2.4393409248706615e-09 8.0604208562459065e-12
5.0832627038030845e-04 2.4381968736905213e-09 8.0603681219752792e-12
5.1549828792198452e-04 2.4370507390810974e-09 8.0603075925566644e-12
5.2277149605445901e-04 2.4359053142149994e-09 8.0602484672044331e-12
5.3014732248417708e-04 2.4347616770475612e-09 8.0601943374283635e-12
5.3762721506121129e-04 2.4336168175088691e-09 8.0601352465978834e-12
5.4521264206347248e-04 2.4324729529135916e-09 8.0600785530453681e-12
5.5290509248492631e-04 2.4313295558932718e-09 8.0600224465969329e-12
5.6070607632787654e-04 2.4301846884658422e-09 8.0599605693925279e-12
5.6861712489937632e-04 2.4290411415787849e-09 8.0599021428924127e-12
5.7663979111181689e-04 2.4278973221178896e-09 8.0598418778634384e-12
5.8477564978775805e-04 2.4267559623985006e-09 8.0597888562920318e-12
5.9302629796906302e-04 2.4256133100968185e-09 8.0597306346122147e-12
6.0139335523039163e-04 2.4244706898772824e-09 8.0596715753958619e-12
6.0987846399711515e-04 2.4233276697718867e-09 8.0596102605822528e-12
6.1848328986772246e-04 2.4221867247340855e-09 8.0595549270419050e-12
6.2720952194076978e-04 2.4210453627599035e-09 8.0594972765978777e-12
6.3605887314644328e-04 2.4199037704727390e-09 8.0594379395852091e-12
6.4503308058280512e-04 2.4187629662091771e-09 8.0593802958098440e-12
6.5413390585677825e-04 2.4176221382068980e-09 8.0593216475602035e-12
6.6336313542994193e-04 2.4164824492574671e-09 8.0592658710649204e-12
6.7272258096921203e-04 2.4153416271870723e-09 8.0592053763546425e-12
6.8221407970246359e-04 2.4142017378447368e-09 8.0591470754359116e-12
6.9183949477916987e-04 2.4130627132538694e-09 8.0590907379055687e-12
7.0160071563613697e-04 2.4119236399551831e-09 8.0590332916018260e-12
7.1149965836839158e-04 2.4107835288885154e-09 8.0589714511830637e-12
7.2153826610530216e-04 2.4096454216546451e-09 8.0589153784778493e-12
7.3171850939201275e-04 2.4085064138498883e-09 8.0588553698626898e-12
7.4204238657625261e-04 2.4073681716252458e-09 8.0587969754226217e-12
7.5251192420060253e-04 2.4062307404000641e-09 8.0587403732213434e-12
7.6312917740030308e-04 2.4050925910683168e-09 8.0586804428429377e-12
7.7389623030666853e-04 2.4039553596312657e-09 8.0586226594818718e-12
7.8481519645619269e-04 2.4028180631783714e-09 8.0585637045946689e-12
7.9588821920543334e-04 2.4016816414388949e-09 8.0585067420070118e-12
8.0711747215174391e-04 2.4005444932974695e-09 8.0584464448632737e-12
8.1850515955994097e-04 2.3994078465136300e-09 8.0583868606392198e-12
8.3005351679499859e-04 2.3982713405581153e-09 8.0583268173452208e-12
8.4176481076084100e-04 2.3971361398060572e-09 8.0582702389618280e-12
8.5364134034532563e-04 2.3960007004580143e-09 8.0582119141247335e-12
8.6568543687151167e-04 2.3948644817135678e-09 8.0581500358776318e-12
8.7789946455528922e-04 2.3937304215270229e-09 8.0580944913473978e-12
8.9028582096946384e-04 2.3925950364914407e-09 8.0580335403033621e-12
9.0284693751439750e-04 2.3914620652154304e-09 8.0579797800527975e-12
9.1558527989528177e-04 2.3903260575319315e-09 8.0579148563631377e-12
9.2850334860614440e-04 2.3891931337161232e-09 8.0578593787477843e-12
9.4160367942069413e-04 2.3880586861292930e-09 8.0577978333306557e-12
9.5488884389008117e-04 2.3869255878824033e-09 8.0577398886504373e-12
9.6836144984768140e-04 2.3857927731694401e-09 8.0576819780008364e-12
9.8202414192101158e-04 2.3846589895080738e-09 8.0576198369060573e-12
9.9587960205085695e-04 2.3835268479745500e-09 8.0575623200485243e-12
1.0099305500177258e-03 2.3823946502743095e-09 8.0575036469452794e-12
1.0241797439757376e-03 2.3812625587529817e-09 8.0574444187391101e-12
1.0386299809940374e-03 2.3801305253678616e-09 8.0573844275535896e-12
1.0532840976058484e-03 2.3789986622116096e-09 8.0573240819049271e-12
1.0681449703652788e-03 2.3778687702364441e-09 8.0572694711938291e-12
1.0832155164119785e-03 2.3767378185034677e-09 8.0572103220030248e-12
1.0984986940437583e-03 2.3756067638850269e-09 8.0571498682448499e-12
1.1139975032973030e-03 2.3744757640989765e-09 8.0570886738573885e-12
1.1297149865370630e-03 2.3733458988416239e-09 8.0570303706380455e-12
1.1456542290524585e-03 2.3722159957978012e-09 8.0569709861616225e-12
1.1618183596635173e-03 2.3710862835957304e-09 8.0569113196619909e-12
1.1782105513350486e-03 2.3699558147419031e-09 8.0568481277462409e-12
1.1948340217994824e-03 2.3688290331854031e-09 8.0567965373781801e-12
1.2116920341885059e-03 2.3676988477510750e-09 8.0567324066533270e-12
1.2287878976736020e-03 2.3665712606416550e-09 8.0566761799534150e-12
1.2461249681156254e-03 2.3654430635914379e-09 8.0566169160622847e-12
1.2637066487235532e-03 2.3643143387831519e-09 8.0565549281213306e-12
1.2815363907225216e-03 2.3631873038604759e-09 8.0564977310532715e-12
1.2996176940312839e-03 2.3620598398425500e-09 8.0564381193812049e-12
1.3179541079492416e-03 2.3609316321550281e-09 8.0563750370352190e-12
1.3365492318531565e-03 2.3598058518298797e-09 8.0563192905642511e-12
1.3554067159036913e-03 2.3586791503040990e-09 8.0562594442971680e-12
1.3745302617619332e-03 2.3575529165091284e-09 8.0562002202830014e-12
1.3939236233160126e-03 2.3564269511619102e-09 8.0561409750521368e-12
1.4135906074179746e-03 2.3553001333508659e-09 8.0560778850003124e-12
1.4335350746310603e-03 2.3541747678021442e-09 8.0560187886550385e-12
1.4537609399875187e-03 2.3530494004666834e-09 8.0559587393817321e-12
1.4742721737571081e-03 2.3519245730440724e-09 8.0558995778245776e-12
1.4950728022264576e-03 2.3507996744798300e-09 8.0558392339674106e-12
1.5161669084894087e-03 2.3496754484229821e-09 8.0557802247438684e-12
1.5375586332485077e-03 2.3485501708008856e-09 8.0557166589357947e-12
1.5592521756278217e-03 2.3474268527877507e-09 8.0556588552495149e-12
1.5812517939972079e-03 2.3463030206395929e-09 8.0555983389301807e-12
1.6035618068082123e-03 2.3451804150203969e-09 8.0555410759324180e-12
1.6261865934417772e-03 2.3440568207183284e-09 8.0554794543877121e-12
1.6491305950678944e-03 2.3429339300295244e-09 8.0554193098024518e-12
1.6723983155173859e-03 2.3418120833029685e-09 8.0553617706766367e-12
1.6959943221660026e-03 2.3406895695463035e-09 8.0553010039924833e-12
1.7199232468309786e-03 2.3395671676485228e-09 8.0552396628747489e-12
1.7441897866802363e-03 2.3384451676412239e-09 8.0551787259496636e-12
1.7687987051544360e-03 2.3373239437470328e-09 8.0551195168192179e-12
1.7937548329020172e-03 2.3362027378244509e-09 8.0550593982035239e-12
1.8190630687274342e-03 2.3350821856204556e-09 8.0550005942559418e-12
1.8447283805527854e-03 2.3339608679999373e-09 8.0549381743080721e-12
1.8707558063929940e-03 2.3328404530530870e-09 8.0548779135602114e-12
1.8971504553447487e-03 2.3317203429203630e-09 8.0548177346611728e-12
1.9239175085894130e-03 2.3305999046961572e-09 8.0547554764723428e-12
1.9510622204100686e-03 2.3294806585091366e-09 8.0546963643920176e-12
1.9785899192229068e-03 2.3283619543871875e-09 8.0546381637642380e-12
2.0065060086231919e-03 2.3272415463297541e-09 8.0545730960221020e-12
2.0348159684459620e-03 2.3261234671533594e-09 8.0545151439279171e-12
2.0635253558416965e-03 2.3250049150527231e-09 8.0544545731175252e-12
2.0926398063671782e-03 2.3238867594913439e-09 8.0543944110882908e-12
2.1221650350917286e-03 2.3227685114426291e-09 8.0543329695711217e-12
2.1521068377190499e-03 2.3216510798370764e-09 8.0542733899237564e-12
2.1824710917249159e-03 2.3205343202031418e-09 8.0542151761819668e-12
2.2132637575108935e-03 2.3194153342312533e-09 8.0541482845194532e-12
2.2444908795743431e-03 2.3182996595929943e-09 8.0540919012213588e-12
2.2761585876949477e-03 2.3171825763553003e-09 8.0540296714293904e-12
2.3082730981379604e-03 2.3160662191099081e-09 8.0539689880059531e-12
2.3408407148744295e-03 2.3149502085188128e-09 8.0539085485490444e-12
2.3738678308186608e-03 2.3138342595050433e-09 8.0538473382695322e-12
2.4073609290831189e-03 2.3127185075902947e-09 8.0537858671693358e-12
2.4413265842510340e-03 2.3116039589718927e-09 8.0537275916006438e-12
2.4757714636669827e-03 2.3104888967907638e-09 8.0536665716473869e-12
2.5107023287456605e-03 2.3093740920445077e-09 8.0536054802416645e-12
2.5461260362991162e-03 2.3082590212856540e-09 8.0535424828509871e-12
2.5820495398827369e-03 2.3071449572361879e-09 8.0534820379107595e-12
2.6184798911601994e-03 2.3060312061855711e-09 8.0534216855397778e-12
2.6554242412876812e-03 2.3049175615631069e-09 8.0533607709719854e-12
2.6928898423176236e-03 2.3038041498948487e-09 8.0532996574820124e-12
2.7308840486222779e-03 2.3026908242683297e-09 8.0532378832422794e-12
2.7694143183373352e-03 2.3015781585137255e-09 8.0531774563712936e-12
2.8084882148259509e-03 2.3004652434928755e-09 8.0531151832060678e-12
2.8481134081633996e-03 2.2993529601618026e-09 8.0530541334008256e-12
2.8882976766426744e-03 2.2982411551887374e-09 8.0529937780065650e-12
2.9290489083013600e-03 2.2971292387619408e-09 8.0529320706115783e-12
2.9703751024700176e-03 2.2960176493114310e-09 8.0528705173611010e-12
3.0122843713424182e-03 2.2949055845860887e-09 8.0528063439129299e-12
3.0547849415679573e-03 2.2937951570781586e-09 8.0527469068928054e-12
3.0978851558665097e-03 2.2926848958712151e-09 8.0526870925886322e-12
3.1415934746660671e-03 2.2915744673098921e-09 8.0526257226089716e-12
3.1859184777635130e-03 2.2904636600749522e-09 8.0525620358232695e-12
3.2308688660087959e-03 2.2893547151669806e-09 8.0525038923811788e-12
3.2764534630128701e-03 2.2882454077649310e-09 8.0524435216439974e-12
3.3226812168797573e-03 2.2871355719660275e-09 8.0523803070000788e-12
3.3695612019630236e-03 2.2860269310996973e-09 8.0523203170020051e-12
3.4171026206470307e-03 2.2849180179774957e-09 8.0522583799216355e-12
3.4653148051533565e-03 2.2838086635533942e-09 8.0521939193502236e-12
3.5142072193726677e-03 2.2827010812719625e-09 8.0521347137700177e-12
3.5637894607224393e-03 2.2815930239996172e-09 8.0520728512971162e-12
3.6140712620309160e-03 2.2804848654296070e-09 8.0520096456739835e-12
3.6650624934476254e-03 2.2793775730034897e-09 8.0519485146951715e-12
3.7167731643808423e-03 2.2782706899598360e-09 8.0518878558521202e-12
3.7692134254624248e-03 2.2771635658107020e-09 8.0518253457520133e-12
3.8223935705403388e-03 2.2760566627703124e-09 8.0517626455232924e-12
3.8763240386992929e-03 2.2749502054642947e-09 8.0517005153104217e-12
3.9310154163099218e-03 2.2738448179029586e-09 8.0516412164599003e-12
3.9864784391068411e-03 2.2727378874222253e-09 8.0515754452204330e-12
4.0427239942960255e-03 2.2716331138937984e-09 8.0515163194872317e-12
4.0997631226919549e-03 2.2705277763392692e-09 8.0514542315000620e-12
4.1576070208848752e-03 2.2694223976698307e-09 8.0513910069247690e-12
4.2162670434386443e-03 2.2683181409825060e-09 8.0513307381775775e-12
4.2757547051196134e-03 2.2672134607491136e-09 8.0512680385659365e-12
4.3360816831569315e-03 2.2661085113020595e-09 8.0512033621554730e-12
4.3972598195347254e-03 2.2650053040115931e-09 8.0511438802369477e-12
4.4593011233166760e-03 2.2639010637613629e-09 8.0510797234238521e-12
4.5222177730033387e-03 2.2627974607070561e-09 8.0510168724826361e-12
4.5860221189227297e-03 2.2616946377998074e-09 8.0509557748261134e-12
4.6507266856546849e-03 2.2605921351860987e-09 8.0508948481986981e-12
4.7163441744893743e-03 2.2594896173608736e-09 8.0508328740744907e-12
4.7828874659205109e-03 2.2583871214005219e-09 8.0507699702158927e-12
4.8503696221737789e-03 2.2572839349143981e-09 8.0507036286425146e-12
4.9188038897708865e-03 2.2561834605301699e-09 8.0506459422529030e-12
4.9882037021298032e-03 2.2550813637812621e-09 8.0505815032561596e-12
5.0585826822017220e-03 2.2539803164575650e-09 8.0505197789511310e-12
5.1299546451451863e-03 2.2528798356314986e-09 8.0504591144899610e-12
5.2023336010379390e-03 2.2517785592518222e-09 8.0503946057142370e-12
5.2757337576270933e-03 2.2506784108481092e-09 8.0503331205370891e-12
5.3501695231180420e-03 2.2495778607845767e-09 8.0502692151117716e-12
5.4256555090027286e-03 2.2484784203570302e-09 8.0502082742746843e-12
5.5022065329278667e-03 2.2473786267715286e-09 8.0501450828890666e-12
5.5798376216035766e-03 2.2462789157341812e-09 8.0500811722594923e-12
5.6585640137530608e-03 2.2451792935863324e-09 8.0500165967752062e-12
5.7384011631039520e-03 2.2440815034634470e-09 8.0499575784809775e-12
5.8193647414218072e-03 2.2429832921564512e-09 8.0498960665931563e-12
5.9014706415864062e-03 2.2418849746157031e-09 8.0498331527219942e-12
5.9847349807115079e-03 2.2407860347784669e-09 8.0497670169635423e-12
6.0691741033085675e-03 2.2396888846119427e-09 8.0497063135152191e-12
6.1548045844950884e-03 2.2385909491999010e-09 8.0496417822453863e-12
6.2416432332483033e-03 2.2374942735469969e-09 8.0495807572537723e-12
6.3297070957046989e-03 2.2363967263214922e-09 8.0495156114876393e-12
6.4190134585060980e-03 2.2353004601965140e-09 8.0494540907671398e-12
6.5095798521930068e-03 2.2342036665883713e-09 8.0493896368528096e-12
6.6014240546457817e-03 2.2331079242076806e-09 8.0493279730937199e-12
6.6945640945743502e-03 2.2320124822052924e-09 8.0492663891878968e-12
6.7890182550572236e-03 2.2309164035353129e-09 8.0492015169541315e-12
6.8848050771303871e-03 2.2298214366288282e-09 8.0491396376559078e-12
6.9819433634268190e-03 2.2287261137468919e-09 8.0490754697035602e-12
7.0804521818674292e-03 2.2276311873306152e-09 8.0490117196723846e-12
7.1803508694040057e-03 2.2265370222613451e-09 8.0489497319805927e-12
7.2816590358149736e-03 2.2254424147808838e-09 8.0488851312391480e-12
7.3843965675547702e-03 2.2243486029517928e-09 8.0488223854071795e-12
7.4885836316574703e-03 2.2232551066744489e-09 8.0487597819839647e-12
7.5942406796954826e-03 2.2221622444125430e-09 8.0486984658738776e-12
7.7013884517941724e-03 2.2210689182819647e-09 8.0486344673284232e-12
7.8100479807030557e-03 2.2199759821475022e-09 8.0485708588406087e-12
7.9202405959244316e-03 2.2188827336975284e-09 8.0485051193166113e-12
8.0319879279003425e-03 2.2177906087147438e-09 8.0484424438457162e-12
8.1453119122585349e-03 2.2166985566073007e-09 8.0483790295665066e-12
8.2602347941183214e-03 2.2156065654741882e-09 8.0483148026923683e-12
8.3767791324572717e-03 2.2145158656777004e-09 8.0482542610498819e-12
8.4949678045394498e-03 2.2134242409398714e-09 8.0481893621304703e-12
8.6148240104061032e-03 2.2123327034946722e-09 8.0481237349245380e-12
8.7363712774298202e-03 2.2112426136689813e-09 8.0480623715676230e-12
8.8596334649328357e-03 2.2101520101834971e-09 8.0479981527405869e-12
8.9846347688705211e-03 2.2090623509848530e-09 8.0479363229977779e-12
9.1113997265810150e-03 2.2079722496663775e-09 8.0478718848332412e-12
9.2399532216017946e-03 2.2068824095699702e-09 8.0478073782424534e-12
9.3703204885542089e-03 2.2057931043218568e-09 8.0477437922205687e-12
9.5025271180969994e-03 2.2047042519457982e-09 8.0476808545018816e-12
9.6365990619496373e-03 2.2036148817058444e-09 8.0476149975518107e-12
9.7725626379865285e-03 2.2025260691448556e-09 8.0475501638317346e-12
9.9104445354031828e-03 2.2014383047873587e-09 8.0474881552631691e-12
1.0050271819955185e-02 2.2003502467983882e-09 8.0474240466491689e-12
1.0192071939271080e-02 2.1992619768770464e-09 8.0473581510968777e-12
1.0335872728240315e-02 2.1981754284122261e-09 8.0472975262972216e-12
1.0481702414477103e-02 2.1970876521681078e-09 8.0472313781937583e-12
1.0629589623861374e-02 2.1960008043264728e-09 8.0471676283696105e-12
1.0779563386158011e-02 2.1949138714435777e-09 8.0471025315058411e-12
1.0931653140715255e-02 2.1938280462668907e-09 8.0470404682662206e-12
1.1085888742243524e-02 2.1927412260403190e-09 8.0469737435104080e-12
1.1242300466675858e-02 2.1916559065465566e-09 8.0469114977816257e-12
1.1400919017110944e-02 2.1905697994701637e-09 8.0468453436169626e-12
1.1561775529840010e-02 2.1894845780756291e-09 8.0467814113121543e-12
1.1724901580458830e-02 2.1883991128215230e-09 8.0467155624320607e-12
1.1890329190065883e-02 2.1873154878492703e-09 8.0466554380418608e-12
1.2058090831547947e-02 2.1862299968823590e-09 8.0465874494982278e-12
1.2228219435954491e-02 2.1851460466405817e-09 8.0465240921226402e-12
1.2400748398961898e-02 2.1840621044806155e-09 8.0464597500088751e-12
1.2575711587428876e-02 2.1829782244606080e-09 8.0463945988184794e-12
1.2753143346044502e-02 2.1818945895380153e-09 8.0463293223626208e-12
1.2933078504069911e-02 2.1808119710973266e-09 8.0462667652080588e-12
1.3115552382175143e-02 2.1797286312431228e-09 8.0462005249915526e-12
1.3300600799372540e-02 2.1786459987739377e-09 8.0461358474035393e-12
1.3488260080047863e-02 2.1775643118136150e-09 8.0460736636053318e-12
1.3678567061090604e-02 2.1764818611799842e-09 8.0460076107553446e-12
1.3871559099125031e-02 2.1753998863713719e-09 8.0459422974314726e-12
1.4067274077843122e-02 2.1743184536946240e-09 8.0458779403392793e-12
1.4265750415440970e-02 2.1732374609095514e-09 8.0458141931535404e-12
1.4467027072160223e-02 2.1721561877740961e-09 8.0457483494473226e-12
1.4671143557935820e-02 2.1710759430287640e-09 8.0456853152107960e-12
1.4878139940151599e-02 2.1699952965747232e-09 8.0456197614457858e-12
1.5088056851505494e-02 2.1689151987875874e-09 8.0455551858963108e-12
1.5300935497985543e-02 2.1678352007391917e-09 8.0454899473932710e-12
1.5516817666958447e-02 2.1667557427025551e-09 8.0454256763954140e-12
1.5735745735372373e-02 2.1656764904394759e-09 8.0453611578496482e-12
1.5957762678075370e-02 2.1645974471712604e-09 8.0452963453971967e-12
1.6182912076251142e-02 2.1635181123543571e-09 8.0452294465245293e-12
1.6411238125973972e-02 2.1624397372749936e-09 8.0451650491131700e-12
1.6642785646884230e-02 2.1613610469820841e-09 8.0450984656789517e-12
1.6877600090986260e-02 2.1602834042259092e-09 8.0450347347698621e-12
1.7115727551570550e-02 2.1592057648289371e-09 8.0449699880180564e-12
1.7357214772261671e-02 2.1581278786624969e-09 8.0449032821254385e-12
1.7602109156193795e-02 2.1570504533830271e-09 8.0448372455716639e-12
1.7850458775315919e-02 2.1559740253191465e-09 8.0447738801754228e-12
1.8102312379828154e-02 2.1548973862865805e-09 8.0447086978864627e-12
1.8357719407751175e-02 2.1538215279930451e-09 8.0446453757583269e-12
1.8616729994630848e-02 2.1527446289838648e-09 8.0445771511568553e-12
1.8879394983379622e-02 2.1516690154958970e-09 8.0445126680498237e-12
1.9145765934256757e-02 2.1505935082038863e-09 8.0444475581068829e-12
1.9415895134989550e-02 2.1495181557459142e-09 8.0443819552541576e-12
1.9689835611037182e-02 2.1484426980731416e-09 8.0443149372597902e-12
1.9967641135999380e-02 2.1473685295872551e-09 8.0442516967557645e-12
2.0249366242172114e-02 2.1462933543888527e-09 8.0441836420901648e-12
2.0535066231252036e-02 2.1452197568148748e-09 8.0441204547039525e-12
2.0824797185191982e-02 2.1441459423169155e-09 8.0440553992714741e-12
2.1118615977209758e-02 2.1430716502306066e-09 8.0439875128706703e-12
2.1416580282952135e-02 2.1419979758826228e-09 8.0439209188827599e-12
2.1718748591816304e-02 2.1409251600250784e-09 8.0438564568814936e-12
2.2025180218431275e-02 2.1398512725556980e-09 8.0437869654700682e-12
2.2335935314301090e-02 2.1387797752892695e-09 8.0437253738373733e-12
2.2651074879612286e-02 2.1377075923701705e-09 8.0436601616748370e-12
2.2970660775208152e-02 2.1366350808521865e-09 8.0435926908838509e-12
2.3294755734731769e-02 2.1355635620142809e-09 8.0435278906727903e-12
2.3623423376940306e-02 2.1344916869828285e-09 8.0434606956089341e-12
2.3956728218193345e-02 2.1334204420340059e-09 8.0433948306448417e-12
2.4294735685117131e-02 2.1323495105355549e-09 8.0433290839749004e-12
2.4637512127447532e-02 2.1312793820101199e-09 8.0432653219628990e-12
2.4985124831054435e-02 2.1302086955283975e-09 8.0431984047079568e-12
2.5337642031149635e-02 2.1291381924219604e-09 8.0431311309986695e-12
2.5695132925681131e-02 2.1280681068960773e-09 8.0430643961219273e-12
2.6057667688916580e-02 2.1269988022721111e-09 8.0429995062768501e-12
2.6425317485218217e-02 2.1259294796249647e-09 8.0429335368300059e-12
2.6798154483012079e-02 2.1248610635214375e-09 8.0428699173196236e-12
2.7176251868954608e-02 2.1237906346078037e-09 8.0427976513495725e-12
2.7559683862298848e-02 2.1227234162846982e-09 8.0427364624235550e-12
2.7948525729463367e-02 2.1216547785506631e-09 8.0426688477199702e-12
2.8342853798806963e-02 2.1205866527982670e-09 8.0426021167980285e-12
2.8742745475611581e-02 2.1195183422080455e-09 8.0425336511766331e-12
2.9148279257276633e-02 2.1184509544956639e-09 8.0424675987883565e-12
2.9559534748727936e-02 2.1173840729262384e-09 8.0424024046072340e-12
2.9976592678043819e-02 2.1163168959870749e-09 8.0423350385706930e-12
3.0399534912301674e-02 2.1152501970163688e-09 8.0422684270047842e-12
3.0828444473648377e-02 2.1141844122721446e-09 8.0422042399545020e-12
3.1263405555597160e-02 2.1131181212829064e-09 8.0421370589440808e-12
3.1704503539554445e-02 2.1120518310738008e-09 8.0420688305836275e-12
3.2151825011580072e-02 2.1109862609697049e-09 8.0420022685160547e-12
3.2605457779383805e-02 2.1099209393563763e-09 8.0419355937818118e-12
3.3065490889561580e-02 2.1088557756097417e-09 8.0418684699852941e-12
3.3532014645075228e-02 2.1077912556910707e-09 8.0418027267659675e-12
3.4005120622978578e-02 2.1067266415695580e-09 8.0417355523361413e-12
3.4484901692393599e-02 2.1056623152319915e-09 8.0416684155523468e-12
3.4971452032740526e-02 2.1045980499934261e-09 8.0416004424612264e-12
3.5464867152224848e-02 2.1035351284412687e-09 8.0415365541124953e-12
3.5965243906585134e-02 2.1024708010054305e-09 8.0414662203272901e-12
3.6472680518105732e-02 2.1014081112799033e-09 8.0414010769043885e-12
3.6987276594897353e-02 2.1003453292800160e-09 8.0413345299210358e-12
3.7509133150449681e-02 2.0992819794454444e-09 8.0412646987811513e-12
3.8038352623460246e-02 2.0982199773711759e-09 8.0411989918750890e-12
3.8575038897942636e-02 2.0971585091973192e-09 8.0411342695950453e-12
3.9119297323618525e-02 2.0960971478420394e-09 8.0410688888807785e-12
3.9671234736597658e-02 2.0950348920378691e-09 8.0409989846465653e-12
4.0230959480349306e-02 2.0939734232790261e-09 8.0409310626514447e-12
4.0798581426969641e-02 2.0929130377544634e-09 8.0408662094897808e-12
4.1374211998749473e-02 2.0918518358138067e-09 8.0407971277730093e-12
4.1957964190045972e-02 2.0907915957981227e-09 8.0407307052496054e-12
4.2549952589462925e-02 2.0897305928865058e-09 8.0406602511930500e-12
4.3150293402344379e-02 2.0886705967927219e-09 8.0405926168928602e-12
4.3759104473585241e-02 2.0876108108126926e-09 8.0405246947186308e-12
4.4376505310763675e-02 2.0865509845710842e-09 8.0404555608390695e-12
4.5002617107600305e-02 2.0854926419176708e-09 8.0403910633226437e-12
4.5637562767748052e-02 2.0844340400382859e-09 8.0403244962866865e-12
4.6281466928917520e-02 2.0833754589678998e-09 8.0402569343180484e-12
4.6934455987343242e-02 2.0823177081529026e-09 8.0401914757513889e-12
4.7596658122594754e-02 2.0812590230485246e-09 8.0401213513271348e-12
4.8268203322737596e-02 2.0802014768151378e-09 8.0400545623580263e-12
4.8949223409849890e-02 2.0791442316680667e-09 8.0399878438497990e-12
4.9639852065898375e-02 2.0780872723066620e-09 8.0399211532079504e-12
5.0340224858979626e-02 2.0770295266409837e-09 8.0398503461384476e-12
5.1050479269931878e-02 2.0759726504888458e-09 8.0397818193953486e-12
5.1770754719321938e-02 2.0749168838452346e-09 8.0397164940110314e-12
5.2501192594812805e-02 2.0738611393704914e-09 8.0396501900944739e-12
5.3241936278917906e-02 2.0728043978778200e-09 8.0395789566535433e-12
5.3993131177146443e-02 2.0717493666611391e-09 8.0395132479480095e-12
5.4754924746545870e-02 2.0706937559871051e-09 8.0394442149313172e-12
5.5527466524647517e-02 2.0696386598205214e-09 8.0393761006309423e-12
5.6310908158820165e-02 2.0685841124050800e-09 8.0393090342498194e-12
5.7105403436037726e-02 2.0675293834084150e-09 8.0392401793858316e-12
5.7911108313067464e-02 2.0664752684649252e-09 8.0391726249109507e-12
5.8728180947083639e-02 2.0654200489989461e-09 8.0390996745665220e-12
5.9556781726713005e-02 2.0643673665804035e-09 8.0390355100102226e-12
6.0397073303518962e-02 2.0633143006274542e-09 8.0389687982470376e-12
6.1249220623929318e-02 2.0622608274448850e-09 8.0388994117254775e-12
6.2113390961614522e-02 2.0612077380428266e-09 8.0388304155480525e-12
6.2989753950323316e-02 2.0601555151813441e-09 8.0387636949081824e-12
6.3878481617181113e-02 2.0591026336671361e-09 8.0386933521703126e-12
6.4779748416458074e-02 2.0580515047271974e-09 8.0386287385529986e-12
6.5693731263814378e-02 2.0569981576671297e-09 8.0385543721340345e-12
6.6620609571027917e-02 2.0559473047122239e-09 8.0384886529380183e-12
6.7560565281212029e-02 2.0548965063388477e-09 8.0384220803570413e-12
6.8513782904530793e-02 2.0538455132106519e-09 8.0383536417753335e-12
6.9480449554417470e-02 2.0527945836620734e-09 8.0382843577733753e-12
7.0460754984304069e-02 2.0517434045877997e-09 8.0382130244051041e-12
7.1454891624869774e-02 2.0506935050119200e-09 8.0381455813145469e-12
7.2463054621814141e-02 2.0496437168672664e-09 8.0380774907424100e-12
7.3485441874163435e-02 2.0485942043663886e-09 8.0380093931176021e-12
7.4522254073117883e-02 2.0475447486149150e-09 8.0379404278439356e-12
7.5573694741446540e-02 2.0464954686732422e-09 8.0378710563826235e-12
7.6639970273437871e-02 2.0454471576722587e-09 8.0378043746609097e-12
7.7721289975414706e-02 2.0443981645768550e-09 8.0377339333534338e-12
7.8817866106820178e-02 2.0433501669581956e-09 8.0376663093021104e-12
7.9929913921883269e-02 2.0423016295909930e-09 8.0375954712998396e-12
8.1057651711872999e-02 2.0412542642319757e-09 8.0375281193409546e-12
8.2201300847947995e-02 2.0402063021010267e-09 8.0374573434289625e-12
8.3361085824610728e-02 2.0391596384611585e-09 8.0373905716554914e-12
8.4537234303775452e-02 2.0381123572453155e-09 8.0373202569542234e-12
8.5729977159457293e-02 2.0370663561911751e-09 8.0372539080458034e-12
8.6939548523091728e-02 2.0360196254682558e-09 8.0371835848855571e-12
8.8166185829494398e-02 2.0349734833591675e-09 8.0371144719009045e-12
8.9410129863468440e-02 2.0339272883533625e-09 8.0370440613833205e-12
9.0671624807069473e-02 2.0328814206483924e-09 8.0369738193424829e-12
9.1950918287538333e-02 2.0318364287840179e-09 8.0369059518065928e-12
9.3248261425909112e-02 2.0307916682197365e-09 8.0368378961045665e-12
9.4563908886303130e-02 2.0297466973073870e-09 8.0367678967775441e-12
9.5898118925919262e-02 2.0287018176286792e-09 8.0366971475218835e-12
9.7251153445728586e-02 2.0276581306304338e-09 8.0366300374724355e-12
9.8623278041884449e-02 2.0266140091657579e-09 8.0365600937122596e-12
1.0001476205785868e-01 2.0255696250968620e-09 8.0364879890129645e-12
1.0142587863731251e-01 2.0245259767898660e-09 8.0364177074761736e-12
1.0285690477771341e-01 2.0234831857684410e-09 8.0363497150446398e-12
1.0430812138470946e-01 2.0224402533085450e-09 8.0362800554700196e-12
1.0577981332726985e-01 2.0213970403387000e-09 8.0362081560491854e-12
1.0727226949360336e-01 2.0203543312598776e-09 8.0361371795774989e-12
1.0878578284786680e-01 2.0193128432709240e-09 8.0360699358685547e-12
1.1032065048767264e-01 2.0182711950773856e-09 8.0360009362535610e-12
1.1187717370240784e-01 2.0172298612705588e-09 8.0359320785215862e-12
1.1345565803237666e-01 2.0161880503955115e-09 8.0358602192678914e-12
1.1505641332877692e-01 2.0151465053404829e-09 8.0357883082021814e-12
1.1667975381452234e-01 2.0141064966909954e-09 8.0357213949468482e-12
1.1832599814592415e-01 2.0130659447600064e-09 8.0356512015707036e-12
1.1999546947524194e-01 2.0120255662947582e-09 8.0355806048440831e-12
1.2168849551411696e-01 2.0109858157731872e-09 8.0355113922145251e-12
1.2340540859790165e-01 2.0099466437199847e-09 8.0354433633335572e-12
1.2514654575089545e-01 2.0089067101458947e-09 8.0353712091757358e-12
1.2691224875250126e-01 2.0078674145880357e-09 8.0353004620172672e-12
1.2870286420431631e-01 2.0068281709942460e-09 8.0352287971555981e-12
1.3051874359816859e-01 2.0057903071110091e-09 8.0351615438760208e-12
1.3236024338511301e-01 2.0047517166643011e-09 8.0350902721090692e-12
1.3422772504540245e-01 2.0037140952592918e-09 8.0350217715420070e-12
1.3612155515944463e-01 2.0026760657951564e-09 8.0349504909889740e-12
1.3804210547976029e-01 2.0016380298019662e-09 8.0348780981976610e-12
1.3998975300395777e-01 2.0006011336352666e-09 8.0348091496621832e-12
1.4196488004873592e-01 1.9995642364492775e-09 8.0347390670194681e-12
1.4396787432493127e-01 1.9985274167565622e-09 8.0346681781774555e-12
1.4599912901362505e-01 1.9974910636198160e-09 8.0345980350880615e-12
1.4805904284332311e-01 1.9964547592307326e-09 8.0345269714935123e-12
1.5014802016822437e-01 1.9954189722234808e-09 8.0344568716829689e-12
1.5226647104759516e-01 1.9943833223591503e-09 8.0343861871632061e-12
1.5441481132626209e-01 1.9933480378031434e-09 8.0343158650339403e-12
1.5659346271624042e-01 1.9923125646372365e-09 8.0342436511701124e-12
1.5880285287951573e-01 1.9912780865591778e-09 8.0341743037834913e-12
1.6104341551199206e-01 1.9902435922518731e-09 8.0341038096180612e-12
1.6331559042862448e-01 1.9892089901145855e-09 8.0340317332460735e-12
1.6561982364975422e-01 1.9881761490722000e-09 8.0339656121943550e-12
1.6795656748866059e-01 1.9871420224434276e-09 8.0338931915311234e-12
1.7032628064034788e-01 1.9861085045370578e-09 8.0338221131796123e-12
1.7272942827158694e-01 1.9850752659285622e-09 8.0337510491707248e-12
1.7516648211222510e-01 1.9840419805652326e-09 8.0336786287876020e-12
1.7763792054778474e-01 1.9830099096862231e-09 8.0336100193824623e-12
1.8014422871336983e-01 1.9819768312175300e-09 8.0335362047217613e-12
1.8268589858889578e-01 1.9809445760937642e-09 8.0334645835719622e-12
1.8526342909566296e-01 1.9799133641938091e-09 8.0333960243554229e-12
1.8787732619429429e-01 1.9788815375533684e-09 8.0333238902846568e-12
1.9052810298405309e-01 1.9778499210782107e-09 8.0332514533285311e-12
1.9321627980356226e-01 1.9768187337972282e-09 8.0331796360510454e-12
1.9594238433294611e-01 1.9757885429269835e-09 8.0331107228085161e-12
1.9870695169741154e-01 1.9747577299867353e-09 8.0330381595337441e-12
2.0151052457229091e-01 1.9737273567155576e-09 8.0329662284091709e-12
2.0435365328956839e-01 1.9726967672983474e-09 8.0328922958401081e-12
2.0723689594590794e-01 1.9716676682791205e-09 8.0328233020252725e-12
2.1016081851220492e-01 1.9706380684006579e-09 8.0327511076815371e-12
2.1312599494468570e-01 1.9696091924728044e-09 8.0326807347876316e-12
2.1613300729757270e-01 1.9685799597735966e-09 8.0326077920297157e-12
2.1918244583733906e-01 1.9675524801777630e-09 8.0325408314528546e-12
2.2227490915857717e-01 1.9665236243485294e-09 8.0324671353530802e-12
2.2541100430150027e-01 1.9654961090324147e-09 8.0323977443129506e-12
2.2859134687110164e-01 1.9644675947583972e-09 8.0323231562184066e-12
2.3181656115799720e-01 1.9634398830950004e-09 8.0322507053404661e-12
2.3508728026097103e-01 1.9624129467273047e-09 8.0321802942125521e-12
2.3840414621124972e-01 1.9613852035755049e-09 8.0321054066599760e-12
2.4176781009853254e-01 1.9603596496250563e-09 8.0320383772034315e-12
2.4517893219879730e-01 1.9593320868890586e-09 8.0319619230412358e-12
2.4863818210390962e-01 1.9583056836473911e-09 8.0318891016827813e-12
2.5214623885306320e-01 1.9572810821149105e-09 8.0318225367933853e-12
2.5570379106607194e-01 1.9562555724470570e-09 8.0317510992581804e-12
2.5931153707854321e-01 1.9552288528229380e-09 8.0316735592904325e-12
2.6297018507896014e-01 1.9542044631030206e-09 8.0316044259235923e-12
2.6668045324769596e-01 1.9531796062185763e-09 8.0315322012781244e-12
2.7044306989798961e-01 1.9521529402894871e-09 8.0314514356007142e-12
2.7425877361891271e-01 1.9511306415875900e-09 8.0313874469864953e-12
2.7812831342035155e-01 1.9501061768405418e-09 8.0313134131882114e-12
2.8205244888003411e-01 1.9490804924618152e-09 8.0312332027826466e-12
2.8603195029263451e-01 1.9480588646386683e-09 8.0311685627111952e-12
2.9006759882097821e-01 1.9470363989021581e-09 8.0310993105062277e-12
2.9416018664938121e-01 1.9460135347108922e-09 8.0310272625814369e-12
2.9831051713915441e-01 1.9449902168490057e-09 8.0309521838534529e-12
3.0251940498630020e-01 1.9439684946209969e-09 8.0308825648722753e-12
3.0678767638143373e-01 1.9429451280885401e-09 8.0308049591405103e-12
3.1111616917196278e-01 1.9419234857734341e-09 8.0307333465114405e-12
3.1550573302655399e-01 1.9409023006072355e-09 8.0306625071275018e-12
3.1995722960191864e-01 1.9398798628589239e-09 8.0305852760220864e-12
3.2447153271195506e-01 1.9388581881742094e-09 8.0305100580754613e-12
3.2904952849927449e-01 1.9378386764501402e-09 8.0304426483808592e-12
3.3369211560914674e-01 1.9368176317633008e-09 8.0303677281532369e-12
3.3840020536590332e-01 1.9357973698122403e-09 8.0302949150472790e-12
3.4317472195182647e-01 1.9347789894310644e-09 8.0302287262905705e-12
3.4801660258856187e-01 1.9337592733971749e-09 8.0301558505415979e-12
3.5292679772109414e-01 1.9327395864329926e-09 8.0300819035617322e-12
3.5790627120431528e-01 1.9317193591272679e-09 8.0300045842702734e-12
3.6295600049222476e-01 1.9306997180781149e-09 8.0299285195178656e-12
3.6807697682980278e-01 1.9296832009635083e-09 8.0298642933435188e-12
3.7327020544758721e-01 1.9286619362319295e-09 8.0297790987249791e-12
3.7853670575899601e-01 1.9276465354427389e-09 8.0297172726332112e-12
3.8387751156043659e-01 1.9266266845354173e-09 8.0296356755930344e-12
3.8929367123423586e-01 1.9256102729905525e-09 8.0295672652915590e-12
3.9478624795443285e-01 1.9245940714594618e-09 8.0294985406678712e-12
4.0035631989547837e-01 1.9235759028828816e-09 8.0294204647073022e-12
4.0600498044387628e-01 1.9225588866408876e-09 8.0293460437591752e-12
4.1173333841280990e-01 1.9215423773700539e-09 8.0292725406867933e-12
4.1754251825980121e-01 1.9205265109407287e-09 8.0292005653801917e-12
4.2343366030743662e-01 1.9195119514095839e-09 8.0291329017081431e-12
4.2940792096720737e-01 1.9184940992155955e-09 8.0290503198223120e-12
4.3546647296651159e-01 1.9174765200671849e-09 8.0289676694711520e-12
4.4161050557885573e-01 1.9164655567089963e-09 8.0289115611783965e-12
4.4784122485730343e-01 1.9154511577164722e-09 8.0288398666513132e-12
4.5415985387122254e-01 1.9144352610479409e-09 8.0287607711070762e-12
4.6056763294636804e-01 1.9134200619911495e-09 8.0286833965221074e-12
4.6706581990835316e-01 1.9124066596544184e-09 8.0286124234470813e-12
4.7365569032955651e-01 1.9113936071673358e-09 8.0285417056226166e-12
4.8033853777951613e-01 1.9103726285295179e-09 8.0284365441345052e-12
4.8711567407884726e-01 1.9093657299619942e-09 8.0283893465986603e-12
4.9398842955675093e-01 1.9083516093689409e-09 8.0283106095293558e-12
5.0095815331215643e-01 1.9073415785363367e-09 8.0282479600276346e-12
5.0802621347853871e-01 1.9063107353281201e-09 8.0280964013462930e-12
5.1519399749248140e-01 1.9053162892867127e-09 8.0280970585842934e-12
5.2246291236602938e-01 1.9042905893384042e-09 8.0279647358907948e-12
5.2983438496287394e-01 1.9032735718488291e-09 8.0278678987618098e-12
5.3730986227844457e-01 1.9022786308766188e-09 8.0278630540731644e-12
5.4489081172395282e-01 1.9012720535176222e-09 8.0278078957227604e-12
5.5257872141443343e-01 1.9002611368399164e-09 8.0277332676254357e-12
5.6037510046085948e-01 1.8992479122393376e-09 8.0276477073013725e-12
5.6828147926637995e-01 1.8982204162010145e-09 8.0275004988456745e-12
5.7629940982672478e-01 1.8972301617539111e-09 8.0275097991593525e-12
5.8443046603486104e-01 1.8962206679022921e-09 8.0274364747169358e-12
5.9267624398994556e-01 1.8951970868049081e-09 8.0273021746475027e-12
6.0103836231062713e-01 1.8941845613663620e-09 8.0272135914319236e-12
6.0951846245277941e-01 1.8931723948462751e-09 8.0271252537291952e-12
6.1811820903171688e-01 1.8921647345717118e-09 8.0270549754936029e-12
6.2683929014894602e-01 1.8911567818234622e-09 8.0269821369344429e-12
6.3568341772353754e-01 1.8901477355132483e-09 8.0269035944059808e-12
6.4465232782817405e-01 1.8891401426067325e-09 8.0268299874690644e-12
6.5374778102992825e-01 1.8881323351640629e-09 8.0267542757830702e-12
6.6297156273585944e-01 1.8871303779587841e-09 8.0267022560929492e-12
6.7232548354348765e-01 1.8861167288426153e-09 8.0265993136633356e-12
6.8181137959619909e-01 1.8851317547062381e-09 8.0266173488985711e-12
6.9143111294367987e-01 1.8841250000362527e-09 8.0265414031764550e-12
7.0118657190743361e-01 1.8830999611859240e-09 8.0263862400816940e-12
7.1107967145144457e-01 1.8820961685474837e-09 8.0263204961585013e-12
7.2111235355808279e-01 1.8811072694507975e-09 8.0263172115779942e-12
7.3128658760931320e-01 1.8800803501297992e-09 8.0261503229077245e-12
7.4160437077326991e-01 1.8790783148125081e-09 8.0260885230236136e-12
7.5206772839629787e-01 1.8780701553126080e-09 8.0259992840022021e-12
7.6267871440052637e-01 1.8770658211603963e-09 8.0259252698656443e-12
7.7343941168703800e-01 1.8760652956571006e-09 8.0258664016375320e-12
7.8435193254473945e-01 1.8750570846405061e-09 8.0257734574670903e-12
7.9541841906500166e-01 1.8740751123672054e-09 8.0257917321977202e-12
8.0664104356213584e-01 1.8730504939482792e-09 8.0256258724393861e-12
8.1802200899981592e-01 1.8720498890863452e-09 8.0255618815423232e-12
8.2956354942351840e-01 1.8710468965419685e-09 8.0254864307599122e-12
8.4126793039904768e-01 1.8700412219190011e-09 8.0253982467395690e-12
8.5313744945726400e-01 1.8690413068074454e-09 8.0253336605594224e-12
8.6517443654508652e-01 1.8680395751692366e-09 8.0252600087290440e-12
8.7738125448284376e-01 1.8670348601316913e-09 8.0251724471620278e-12
8.8976029942809209e-01 1.8660329165146830e-09 8.0250954393667835e-12
9.0231400134597928e-01 1.8650540528149063e-09 8.0251167985143745e-12
9.1504482448622770e-01 1.8640325477338082e-09 8.0249530993907118e-12
9.2795526786686333e-01 1.8630297682113931e-09 8.0248689543768595e-12
9.4104786576477084e-01 1.8620329630679004e-09 8.0248093429442859e-12
9.5432518821315193e-01 1.8610340849850394e-09 8.0247396068645079e-12
9.6778984150602010e-01 1.8600317880390961e-09 8.0246539779253784e-12
9.8144446870981317e-01 1.8590327121748425e-09 8.0245809645115557e-12
9.9529175018220695e-01 1.8580309102013570e-09 8.0244949768957553e-12
1.0093344040982661e+00 1.8570315455647304e-09 8.0244182257522356e-12
1.0235751869840191e+00 1.8560353060987970e-09 8.0243538956919170e-12
1.0380168942575425e+00 1.8550330944686496e-09 8.0242625240981270e-12
1.0526623607776986e+00 1.8540383260669762e-09 8.0242021551520647e-12
1.0675144614006156e+00 1.8530403538102019e-09 8.0241266242966139e-12
1.0825761115439982e+00 1.8520436814893002e-09 8.0240555597422121e-12
1.0978502677594217e+00 1.8510460476991693e-09 8.0239791613121648e-12
1.1133399283127001e+00 1.8500495490598367e-09 8.0239064496793090e-12
1.1290481337724214e+00 1.8490508366385615e-09 8.0238229115935923e-12
1.1449779676068081e+00 1.8480498736322484e-09 8.0237283981126506e-12
1.1611325567889994e+00 1.8470536364219687e-09 8.0236531598941923e-12
1.1775150724108501e+00 1.8460577953913662e-09 8.0235784988642257e-12
1.1941287303054140e+00 1.8450613930710315e-09 8.0235000696839319e-12
1.2109767916782070e+00 1.8440661351820741e-09 8.0234255180239910e-12
1.2280625637473579e+00 1.8430734992862594e-09 8.0233611045369500e-12
1.2453894003928092e+00 1.8420778746483366e-09 8.0232824007478729e-12
1.2629607028146825e+00 1.8410807803365181e-09 8.0231962036675736e-12
1.2807799202009065e+00 1.8400887395763933e-09 8.0231307666691769e-12
1.2988505504042882e+00 1.8390936547895404e-09 8.0230508103351551e-12
1.3171761406291382e+00 1.8381010443437861e-09 8.0229803931263893e-12
1.3357602881275596e+00 1.8371047870152282e-09 8.0228929017703180e-12
1.3546066409055837e+00 1.8361112572025955e-09 8.0228160717283711e-12
1.3737188984392696e+00 1.8351388818287624e-09 8.0228307138790188e-12
1.3931008124008835e+00 1.8341290036494413e-09 8.0226797631032398e-12
1.4127561873953463e+00 1.8331533985909403e-09 8.0226780246347828e-12
1.4326888817070744e+00 1.8321610897025631e-09 8.0226016408618994e-12
1.4529028080573312e+00 1.8311498274070153e-09 8.0224410097482917e-12
1.4734019343722882e+00 1.8301569743739544e-09 8.0223598246948249e-12
1.4941902845619259e+00 1.8291696106470994e-09 8.0223014114204068e-12
1.5152719393098959e+00 1.8281738263041335e-09 8.0222049360765792e-12
1.5366510368745541e+00 1.8271836452462729e-09 8.0221317807848800e-12
1.5583317739012958e+00 1.8261919778785911e-09 8.0220508815828768e-12
1.5803184062463258e+00 1.8252018001403171e-09 8.0219752843430945e-12
1.6026152498120769e+00 1.8242110140859407e-09 8.0218957872100550e-12
1.6252266813944176e+00 1.8232217160403433e-09 8.0218214656916193e-12
1.6481571395417822e+00 1.8222309683808585e-09 8.0217397415408338e-12
1.6714111254264541e+00 1.8212412523057597e-09 8.0216612075974660e-12
1.6949932037281392e+00 1.8202732706091195e-09 8.0216774863989543e-12
1.7189080035299789e+00 1.8192675870027519e-09 8.0215261301716639e-12
1.7431602192272322e+00 1.8182762459060212e-09 8.0214367420028202e-12
1.7677546114487814e+00 1.8172882781688608e-09 8.0213609230639496e-12
1.7926960079916063e+00 1.8162987680500296e-09 8.0212771927794539e-12
1.8179893047684743e+00 1.8153113939601003e-09 8.0212017805040711e-12
1.8436394667690041e+00 1.8143229291069897e-09 8.0211202312280704e-12
1.8696515290342537e+00 1.8133354701506196e-09 8.0210418367677717e-12
1.8960305976450931e+00 1.8123487361102880e-09 8.0209652926182289e-12
1.9227818507245227e+00 1.8113630934341174e-09 8.0208925386619662e-12
1.9499105394540988e+00 1.8103749697153109e-09 8.0208075545897128e-12
1.9774219891047338e+00 1.8093906517662334e-09 8.0207381337541596e-12
2.0053216000820413e+00 1.8084046140205911e-09 8.0206597055345133e-12
2.0336148489863941e+00 1.8074249539302609e-09 8.0206082933489791e-12
2.0623072896879742e+00 1.8064407854012815e-09 8.0205361171776262e-12
2.0914045544169917e+00 1.8054502258671050e-09 8.0204340826945063e-12
2.1209123548692461e+00 1.8044628555223482e-09 8.0203448145849783e-12
2.1508364833273297e+00 1.8034787272583493e-09 8.0202688335869711e-12
2.1811828137976410e+00 1.8024935384683819e-09 8.0201869256303026e-12
2.2119573031634108e+00 1.8015090759857890e-09 8.0201067977952200e-12
2.2431659923540295e+00 1.8005274140132260e-09 8.0200381206384983e-12
2.2748150075308748e+00 1.7995622659848528e-09 8.0200418771679734e-12
2.3069105612898309e+00 1.7985589601518761e-09 8.0198740532255926e-12
2.3394589538808117e+00 1.7975759179763706e-09 8.0197954323274026e-12
2.3724665744444953e+00 1.7966004447973225e-09 8.0197493825317397e-12
2.4059399022664612e+00 1.7956160972607687e-09 8.0196623104310326e-12
2.4398855080490671e+00 1.7946332834016601e-09 8.0195809294721017e-12
2.4743100552012702e+00 1.7936474561045343e-09 8.0194849703762035e-12
2.5092203011466032e+00 1.7926653755704791e-09 8.0194043271832944e-12
2.5446230986496481e+00 1.7917040601804501e-09 8.0194155725209393e-12
2.5805253971612259e+00 1.7907045517682959e-09 8.0192544341917735e-12
2.6169342441825214e+00 1.7897233501233572e-09 8.0191738569595631e-12
2.6538567866484981e+00 1.7887478619923822e-09 8.0191179150189018e-12
2.6913002723308348e+00 1.7877615537142781e-09 8.0190120376845475e-12
2.7292720512606055e+00 1.7867807791690388e-09 8.0189297447501814e-12
2.7677795771710825e+00 1.7858011522332583e-09 8.0188513962636812e-12
2.8068304089608973e+00 1.7848215282710453e-09 8.0187717869258082e-12
2.8464322121777919e+00 1.7838426381434993e-09 8.0186941824414461e-12
2.8865927605233579e+00 1.7828648556833368e-09 8.0186203009716531e-12
2.9273199373790049e+00 1.7818857948675265e-09 8.0185395751041468e-12
2.9686217373534083e+00 1.7809270359667980e-09 8.0185488944164171e-12
3.0105062678518402e+00 1.7799287976109813e-09 8.0183791624298927e-12
3.0529817506676449e+00 1.7789529813452703e-09 8.0183091726253397e-12
3.0960565235961131e+00 1.7779756964333934e-09 8.0182313043369033e-12
3.1397390420711817e+00 1.7769978463160776e-09 8.0181495184421935e-12
3.1840378808252252e+00 1.7760377070918169e-09 8.0181466693469158e-12
3.2289617355722098e+00 1.7750427298409438e-09 8.0179850047485016e-12
3.2745194247146521e+00 1.7740672292033011e-09 8.0179102165826729e-12
3.3207198910746611e+00 1.7730884259351823e-09 8.0178190730854280e-12
3.3675722036493463e+00 1.7721123408200785e-09 8.0177389201211752e-12
3.4150855593910481e+00 1.7711375970762755e-09 8.0176638141650727e-12
3.4632692850126938e+00 1.7701623383986423e-09 8.0175847369646483e-12
3.5121328388185549e+00 1.7691891814547243e-09 8.0175144158825446e-12
3.5616858125609037e+00 1.7682133676723530e-09 8.0174303826660360e-12
3.6119379333228632e+00 1.7672386777127388e-09 8.0173501737281255e-12
3.6628990654277569e+00 1.7662644411338863e-09 8.0172711564206342e-12
3.7145792123754653e+00 1.7652885870198595e-09 8.0171832800613262e-12
3.7669885188061021e+00 1.7643144686927551e-09 8.0171018119617515e-12
3.8201372724913267e+00 1.7633464290015964e-09 8.0170457046961814e-12
3.8740359063538228e+00 1.7623907601639652e-09 8.0170472233189679e-12
3.9286950005152703e+00 1.7614165378484753e-09 8.0169617793793236e-12
3.9841252843731403e+00 1.7604233271810586e-09 8.0167874285623708e-12
4.0403376387068626e+00 1.7594689085817679e-09 8.0167904661119472e-12
4.0973430978137122e+00 1.7584796985265724e-09 8.0166318047045697e-12
4.1551528516747549e+00 1.7575252312040415e-09 8.0166322075693484e-12
4.2137782481514297e+00 1.7565380218444617e-09 8.0164800809778435e-12
4.2732307952131174e+00 1.7555842191810677e-09 8.0164811101227775e-12
4.3335221631960703e+00 1.7546129338313625e-09 8.0164000698549872e-12
4.3946641870942829e+00 1.7536302124744566e-09 8.0162644590210223e-12
4.4566688688826890e+00 1.7526474190693590e-09 8.0161289585729725e-12
4.5195483798730560e+00 1.7516799627300047e-09 8.0160614853056305e-12
4.5833150631031989e+00 1.7507181407664123e-09 8.0160177008226653e-12
4.6479814357599052e+00 1.7497403399655858e-09 8.0159012327024426e-12
4.7135601916359642e+00 1.7487790102802479e-09 8.0158571615369785e-12
4.7800642036219365e+00 1.7477986748174490e-09 8.0157262510789990e-12
4.8475065262330981e+00 1.7468310648024076e-09 8.0156516250259171e-12
4.9159003981719316e+00 1.7458833311048913e-09 8.0156675667224886e-12
4.9852592449268736e+00 1.7449146439645930e-09 8.0155855344068534e-12
5.0555966814077218e+00 1.7439464543694619e-09 8.0155045983948396e-12
5.1269265146181340e+00 1.7429789824394316e-09 8.0154257871142187e-12
5.1992627463659300e+00 1.7420117323796716e-09 8.0153465107581662e-12
5.2726195760116301e+00 1.7410476910887340e-09 8.0152808515304956e-12
5.3470114032556779e+00 1.7400761265469281e-09 8.0151791088791498e-12
5.4224528309650859e+00 1.7391099868046503e-09 8.0151010866421683e-12
5.4989586680399629e+00 1.7381431842707726e-09 8.0150187355558485e-12
5.5765439323203854e+00 1.7371791492103512e-09 8.0149479094008591e-12
5.6552238535343795e+00 1.7361918877718132e-09 8.0147680902557295e-12
5.7350138762875060e+00 1.7352460349532219e-09 8.0147788934400224e-12
5.8159296630945105e+00 1.7342579490944773e-09 8.0145927911737228e-12
5.8979870974538606e+00 1.7333165344219043e-09 8.0146216079526959e-12
5.9812022869656563e+00 1.7323543450916834e-09 8.0145530922472350e-12
6.0655915664934286e+00 1.7313862995627035e-09 8.0144559482301956e-12
6.1511715013706558e+00 1.7304232945853288e-09 8.0143808436693789e-12
6.2379588906525152e+00 1.7294565333597163e-09 8.0142869625885496e-12
6.3259707704134138e+00 1.7284948690491440e-09 8.0142153152029660e-12
6.4152244170911432e+00 1.7275293966719895e-09 8.0141250980457566e-12
6.5057373508782312e+00 1.7265713482044492e-09 8.0140679765006155e-12
6.5975273391610143e+00 1.7256081735495572e-09 8.0139856122966167e-12
6.6906124000073603e+00 1.7246400762741921e-09 8.0138790223898857e-12
6.7850108057035907e+00 1.7236836308246251e-09 8.0138253416351326e-12
6.8807410863411915e+00 1.7227217101184992e-09 8.0137449166935841e-12
6.9778220334542453e+00 1.7217589754525718e-09 8.0136594639028778e-12
7.0762727037081952e+00 1.7207957492888215e-09 8.0135702737625107e-12
7.1761124226405117e+00 1.7198323612919910e-09 8.0134787409058632e-12
7.2773607884542795e+00 1.7188752660082201e-09 8.0134160445601171e-12
7.3800376758653021e+00 1.7179107595733202e-09 8.0133165943939531e-12
7.4841632400033520e+00 1.7169537029493517e-09 8.0132514890288447e-12
7.5897579203686005e+00 1.7159902647637080e-09 8.0131543903168187e-12
7.6968424448438704e+00 1.7150293247192123e-09 8.0130684194849847e-12
7.8054378337633565e+00 1.7140738055013157e-09 8.0130062415504569e-12
7.9155654040388939e+00 1.7131139200510554e-09 8.0129221802036601e-12
8.0272467733444426e+00 1.7121487903416853e-09 8.0128124191272380e-12
8.1405038643594736e+00 1.7111897546729866e-09 8.0127272712455903e-12
8.2553589090723580e+00 1.7102304397441852e-09 8.0126445723734163e-12
8.3718344531444888e+00 1.7092727563830900e-09 8.0125656127150709e-12
8.4899533603358162e+00 1.7083169098315284e-09 8.0124934481387013e-12
8.6097388169929747e+00 1.7073587654570292e-09 8.0124097428644267e-12
8.7312143366007451e+00 1.7064006733126440e-09 8.0123259112038965e-12
8.8544037643975599e+00 1.7054441910512489e-09 8.0122464305134531e-12
8.9793312820563003e+00 1.7044918929775687e-09 8.0121868039430236e-12
9.1060214124311329e+00 1.7035294419719227e-09 8.0120780611558610e-12
9.2344990243711536e+00 1.7025756842510728e-09 8.0120085886330919e-12
9.3647893376021134e+00 1.7016182904723094e-09 8.0119204051996366e-12
9.4969179276770248e+00 1.7006641803298563e-09 8.0118456233442768e-12
9.6309107309964457e+00 1.6997110077590135e-09 8.0117754977330007e-12
9.7667940498997563e+00 1.6987508009996105e-09 8.0116704252568482e-12
9.9045945578282915e+00 1.6977983213040699e-09 8.0115999620190630e-12
1.0044339304561120e+01 1.6968429157810969e-09 8.0115146293745910e-12
1.0186055721524889e+01 1.6958915094610415e-09 8.0114470806860776e-12
1.0329771627178587e+01 1.6949372645825985e-09 8.0113646684354367e-12
1.0475515232474081e+01 1.6939831040490982e-09 8.0112812778015772e-12
1.0623315146393903e+01 1.6930241136333235e-09 8.0111744752166295e-12
1.0773200381567159e+01 1.6920768942123660e-09 8.0111207722059325e-12
1.0925200359964480e+01 1.6911148433130453e-09 8.0109947730920610e-12
1.1079344918673520e+01 1.6901652934468369e-09 8.0109281188331894e-12
1.1235664315755955e+01 1.6892163670923798e-09 8.0108634718233131e-12
1.1394189236186890e+01 1.6882579166794178e-09 8.0107528736139337e-12
1.1554950797878289e+01 1.6873067896042069e-09 8.0106728876591154e-12
1.1717980557787397e+01 1.6863535902614711e-09 8.0105843290513695e-12
1.1883310518111109e+01 1.6854080878374151e-09 8.0105302493774116e-12
1.2050973132567977e+01 1.6844596550444719e-09 8.0104615424923891e-12
1.2221001312768831e+01 1.6835088835105590e-09 8.0103782011837248e-12
1.2393428434677080e+01 1.6825548256628515e-09 8.0102800765762501e-12
1.2568288345160370e+01 1.6816005601451419e-09 8.0101799400851180e-12
1.2745615368634686e+01 1.6806483313279009e-09 8.0100866782849757e-12
1.2925444313801972e+01 1.6796990659145385e-09 8.0100048372245407e-12
1.3107810480483035e+01 1.6787484795284407e-09 8.0099171945223783e-12
1.3292749666546866e+01 1.6777981421458214e-09 8.0098292984363104e-12
1.3480298174937479e+01 1.6768552156310145e-09 8.0097769351342659e-12
1.3670492820800138e+01 1.6759148372252105e-09 8.0097343985859591e-12
1.3863370938708131e+01 1.6749490910791129e-09 8.0095673600905104e-12
1.4058970389991254e+01 1.6740132849834073e-09 8.0095437523150071e-12
1.4257329570167949e+01 1.6730625632970872e-09 8.0094487435826666e-12
1.4458487416482301e+01 1.6721154237417061e-09 8.0093680416569436e-12
1.4662483415547115e+01 1.6711752095735456e-09 8.0093204892205445e-12
1.4869357611095095e+01 1.6702195127302539e-09 8.0091950312594581e-12
1.5079150611839383e+01 1.6692752433105327e-09 8.0091247209857680e-12
1.5291903599444733e+01 1.6683131168255662e-09 8.0089660157451334e-12
1.5507658336611430e+01 1.6673831759752355e-09 8.0089604325748839e-12
1.5726457175273248e+01 1.6664368236505073e-09 8.0088780109909299e-12
1.5948343064910825e+01 1.6655012908716493e-09 8.0088432140746165e-12
1.6173359560982579e+01 1.6645338032153296e-09 8.0086532575308103e-12
1.6401550833474609e+01 1.6635992819859689e-09 8.0086229271866608e-12
1.6632961675570915e+01 1.6626565511738326e-09 8.0085502059282128e-12
1.6867637512446240e+01 1.6617101148447976e-09 8.0084579870162856e-12
1.7105624410183001e+01 1.6607635155981163e-09 8.0083631800366246e-12
1.7346969084813686e+01 1.6598150532169815e-09 8.0082581849811961e-12
1.7591718911491160e+01 1.6588643461960796e-09 8.0081414362757649e-12
1.7839921933788368e+01 1.6579226712752293e-09 8.0080669623002634e-12
1.8091626873128895e+01 1.6569789404531137e-09 8.0079812120662511e-12
1.8346883138350940e+01 1.6560308854501263e-09 8.0078729473423414e-12
1.8605740835406216e+01 1.6551036446184452e-09 8.0078655746081859e-12
1.8868250777195353e+01 1.6541543427202420e-09 8.0077481907648603e-12
1.9134464493542406e+01 1.6532126463223349e-09 8.0076667029109928e-12
1.9404434241310121e+01 1.6522743402167668e-09 8.0076030254470072e-12
1.9678213014657533e+01 1.6513288003544795e-09 8.0074979494781136e-12
1.9955854555442677e+01 1.6503813554880671e-09 8.0073842160829088e-12
2.0237413363772024e+01 1.6494539527576600e-09 8.0073682973176708e-12
2.0522944708698471e+01 1.6485040319629308e-09 8.0072412641489636e-12
2.0812504639070557e+01 1.6475626482280903e-09 8.0071530713196025e-12
2.1106149994534803e+01 1.6466269143565175e-09 8.0070890285054757e-12
2.1403938416692899e+01 1.6456845776321241e-09 8.0069973115456676e-12
2.1705928360416674e+01 1.6447435238381745e-09 8.0069043627691175e-12
2.2012179105322726e+01 1.6438015293292254e-09 8.0068092352544973e-12
2.2322750767408554e+01 1.6428621337525711e-09 8.0067239001031721e-12
2.2637704310853255e+01 1.6419488167426990e-09 8.0067651115329740e-12
2.2957101559984721e+01 1.6409867810402595e-09 8.0065655478445658e-12
2.3281005211415287e+01 1.6400580852492581e-09 8.0065311929970414e-12
2.3609478846348988e+01 1.6391136489217834e-09 8.0064145566098741e-12
2.3942586943062491e+01 1.6382102297385047e-09 8.0064982106543557e-12
2.4280394889561677e+01 1.6372431342676253e-09 8.0062717504315199e-12
2.4622968996417228e+01 1.6363066535913689e-09 8.0061912616601158e-12
2.4970376509781314e+01 1.6353681142014228e-09 8.0060994131358693e-12
2.5322685624587510e+01 1.6344460369160666e-09 8.0060857886312530e-12
2.5679965497937360e+01 1.6334827222425133e-09 8.0058704712289353e-12
2.6042286262675852e+01 1.6325444340764378e-09 8.0057757713750686e-12
2.6409719041157942e+01 1.6316189519744082e-09 8.0057430093075848e-12
2.6782335959209806e+01 1.6306982829210152e-09 8.0057337864070099e-12
2.7160210160287040e+01 1.6297639665963520e-09 8.0056495976727783e-12
2.7543415819832173e+01 1.6288377783089994e-09 8.0056096548301908e-12
2.7932028159835195e+01 1.6278944752612719e-09 8.0054827641975195e-12
2.8326123463599579e+01 1.6269587716891676e-09 8.0053920627659471e-12
2.8725779090716081e+01 1.6260293328797509e-09 8.0053351876567224e-12
2.9131073492248341e+01 1.6250911939162051e-09 8.0052260142062312e-12
2.9542086226132753e+01 1.6241571254516284e-09 8.0051395745389095e-12
2.9958897972795050e+01 1.6232230816636626e-09 8.0050520377823599e-12
3.0381590550987795e+01 1.6222866993106177e-09 8.0049548669253550e-12
3.0810246933851307e+01 1.6213569522153393e-09 8.0048824083651393e-12
3.1244951265200637e+01 1.6204523944264699e-09 8.0049358880018931e-12
3.1685788876042906e+01 1.6194868087893527e-09 8.0046907285407134e-12
3.2132846301327703e+01 1.6185605013590912e-09 8.0046306172821980e-12
3.2586211296933186e+01 1.6176580068247746e-09 8.0046881212559051e-12
3.3045972856892504e+01 1.6167261565892795e-09 8.0046021613875116e-12
3.3512221230863190e+01 1.6157509006652923e-09 8.0043008561016503e-12
3.3985047941842495e+01 1.6148173119781108e-09 8.0042059874827310e-12
3.4464545804133230e+01 1.6138991253178488e-09 8.0041850456701073e-12
3.4950808941563118e+01 1.6129577015724092e-09 8.0040449661963809e-12
3.5443932805960564e+01 1.6120249184243491e-09 8.0039448959382580e-12
3.5944014195891754e+01 1.6110953442576277e-09 8.0038610616085485e-12
3.6451151275662077e+01 1.6101958653418601e-09 8.0039231167666484e-12
3.6965443594585054e+01 1.6092382873638514e-09 8.0036977747331868e-12
3.7486992106523722e+01 1.6083598927745275e-09 8.0038708744664725e-12
3.8015899189707788e+01 1.6074091981716509e-09 8.0036689745385162e-12
3.8552268666829654e+01 1.6064465471446489e-09 8.0034180698218053e-12
3.9096205825424718e+01 1.6055528392628389e-09 8.0035005439031646e-12
3.9647817438539192e+01 1.6045966454185442e-09 8.0032823664428444e-12
4.0207211785688820e+01 1.6036976827468083e-09 8.0033328375742475e-12
4.0774498674114007e+01 1.6027936404730229e-09 8.0033719361468488e-12
4.1349789460334890e+01 1.6018074346943317e-09 8.0029900478655691e-12
4.1933197072009733e+01 1.6009390340829106e-09 8.0031987247092999e-12
4.2524836030102513e+01 1.5999765290808796e-09 8.0029361207089190e-12
4.3124822471363238e+01 1.5990981492683732e-09 8.0030868529029659e-12
4.3733274171124705e+01 1.5981633001993983e-09 8.0029584882636287e-12
4.4350310566421669e+01 1.5972402377069356e-09 8.0028866011221049e-12
4.4976052779436174e+01 1.5962768344905772e-09 8.0026150070010713e-12
4.5610623641272916e+01 1.5953959959232574e-09 8.0027474071438461e-12
4.6254147716070854e+01 1.5944392087688379e-09 8.0025066155836102e-12
4.6906751325454984e+01 1.5935500504998147e-09 8.0025948164425493e-12
4.7568562573332322e+01 1.5926010376424893e-09 8.0023894690524457e-12
4.8239711371038545e+01 1.5916421810982639e-09 8.0021306359931895e-12
4.8920329462839433e+01 1.5907507973567178e-09 8.0022071171163597e-12
4.9610550451791248e+01 1.5898405542515610e-09 8.0021867743631545e-12
5.0310509825966868e+01 1.5888933644881893e-09 8.0019830085060621e-12
5.1020344985051949e+01 1.5879932552309548e-09 8.0020111680876846e-12
5.1740195267315386e+01 1.5870480009899650e-09 8.0018133894654540e-12
5.2470201976961299e+01 1.5860944442058488e-09 8.0015712382510454e-12
5.3210508411866847e+01 1.5851803171174717e-09 8.0015280100833832e-12
5.3961259891710540e+01 1.5842410294390995e-09 8.0013487331708728e-12
5.4722603786498240e+01 1.5833509323274368e-09 8.0014303030760681e-12
