# k_modes P_scalar P_tensor
4.5660280309778556e-05 2.8907919180982642e-09 8.3299148773957545e-12
4.8353305541328759e-05 2.8855561792106017e-09 8.3297105174027600e-12
5.1205164333438772e-05 2.8803241577035938e-09 8.3295029186782609e-12
5.4225224626544189e-05 2.8750974435316339e-09 8.3292966505622418e-12
5.7423406878493302e-05 2.8698755943614285e-09 8.3290904240022322e-12
6.0810216651806015e-05 2.8646581447302215e-09 8.3288829292271765e-12
6.4396779122914417e-05 2.8594455438108960e-09 8.3286754427065416e-12
6.8194875626746747e-05 2.8542373814430507e-09 8.3284667773402116e-12
7.2216982356694404e-05 2.8490343072636568e-09 8.3282588179357928e-12
7.6476311347089079e-05 2.8438355370185445e-09 8.3280492800524186e-12
8.0986853872810132e-05 2.8386420081928177e-09 8.3278408975806125e-12
8.5763426408582121e-05 2.8334525192653325e-09 8.3276301685286945e-12
9.0821719298935834e-05 2.8282681513541456e-09 8.3274202375112891e-12
9.6178348298701634e-05 2.8230886840710649e-09 8.3272104383959960e-12
1.0185090915334356e-04 2.8179140581475755e-09 8.3270006584546396e-12
1.0785803539841690e-04 2.8127433498740657e-09 8.3267881398131101e-12
1.1421945956801756e-04 2.8075780000752508e-09 8.3265771314519161e-12
1.2095607801327982e-04 2.8024175188230436e-09 8.3263661785035255e-12
1.2809001954384357e-04 2.7972610631578212e-09 8.3261528038413468e-12
1.3564471811776908e-04 2.7921096505459488e-09 8.3259400070259905e-12
1.4364498981867297e-04 2.7869634210004274e-09 8.3257282004646248e-12
1.5211711437294572e-04 2.7818214960372017e-09 8.3255148032357893e-12
1.6108892147482238e-04 2.7766837303869132e-09 8.3252993344576536e-12
1.7058988220287083e-04 2.7715513264138328e-09 8.3250853999417987e-12
1.8065120582819082e-04 2.7664233913386078e-09 8.3248703484605705e-12
1.9130594233231801e-04 2.7613004548910434e-09 8.3246557455072713e-12
2.0258909097159778e-04 2.7561824186720495e-09 8.3244412719525268e-12
2.1453771524463980e-04 2.7510685867365647e-09 8.3242248695564135e-12
2.2719106464050862e-04 2.7459594462459981e-09 8.3240080228592156e-12
2.4059070356757437e-04 2.7408556326037869e-09 8.3237925916272442e-12
2.5478064788653476e-04 2.7357559088954606e-09 8.3235748861048139e-12
2.6980750949610291e-04 2.7306611928367612e-09 8.3233576433475660e-12
2.8572064944629952e-04 2.7255708518388328e-09 8.3231389793321374e-12
3.0257234008230723e-04 2.7204858947671466e-09 8.3229219295530761e-12
3.2041793675150512e-04 2.7154052125338819e-09 8.3227031266781062e-12
3.3931605963771630e-04 2.7103294593314591e-09 8.3224845830650535e-12
3.5932878631996727e-04 2.7052580511981534e-09 8.3222644904139625e-12
3.8052185568828492e-04 2.7001914600912110e-09 8.3220442991269052e-12
4.0296488388637020e-04 2.6951301856273887e-09 8.3218255281619994e-12
4.2673159299048117e-04 2.6900732592505426e-09 8.3216052284121493e-12
4.5190005317570796e-04 2.6850204612270334e-09 8.3213826884301426e-12
4.7855293916511859e-04 2.6799729100323036e-09 8.3211613796055357e-12
5.0677780180417094e-04 2.6749297733133071e-09 8.3209387341588151e-12
5.3666735565248370e-04 2.6698919017291379e-09 8.3207173645255264e-12
5.6831978353764326e-04 2.6648583138886807e-09 8.3204942302284360e-12
6.0183905907148670e-04 2.6598295284509476e-09 8.3202709456776854e-12
6.3733528818825835e-04 2.6548053975188730e-09 8.3200470481406141e-12
6.7492507082655495e-04 2.6497867298824373e-09 8.3198250649079136e-12
7.1473188394312857e-04 2.6447711439310161e-09 8.3195975405697488e-12
7.5688648711668750e-04 2.6397616156076438e-09 8.3193737859819613e-12
8.0152735207406089e-04 2.6347565119510172e-09 8.3191487173070723e-12
8.4880111754962590e-04 2.6297559981884242e-09 8.3189228123491008e-12
8.9886307097218458e-04 2.6247604455301315e-09 8.3186972406752359e-12
9.5187765856152948e-04 2.6197691574859561e-09 8.3184698238243725e-12
1.0080190255103007e-03 2.6147828634390368e-09 8.3182428464965689e-12
1.0674715880255713e-03 2.6098013882346481e-09 8.3180157567072587e-12
1.1304306391091918e-03 2.6048246223465025e-09 8.3177882376882951e-12
1.1971029900668458e-03 2.5998525927392107e-09 8.3175603239564161e-12
1.2677076498530393e-03 2.5948851645133773e-09 8.3173316147560679e-12
1.3424765444835932e-03 2.5899222229741863e-09 8.3171017619378439e-12
1.4216552788787998e-03 2.5849642797205612e-09 8.3168723356562883e-12
1.5055039436397801e-03 2.5800105459186890e-09 8.3166408465937588e-12
1.5942979694082110e-03 2.5750625337129858e-09 8.3164121487604587e-12
1.6883290316158164e-03 2.5701190791451132e-09 8.3161825145707397e-12
1.7879060085956601e-03 2.5651795153842432e-09 8.3159497666407993e-12
1.8933559962024400e-03 2.5602451996649607e-09 8.3157182842422581e-12
2.0050253822746929e-03 2.5553153836918960e-09 8.3154856559535711e-12
2.1232809844683562e-03 2.5503899969277949e-09 8.3152516615987789e-12
2.2485112551992887e-03 2.5454703769700460e-09 8.3150206085984372e-12
2.3811275576528569e-03 2.5405546535715844e-09 8.3147864509616592e-12
2.5215655170520079e-03 2.5356436442670602e-09 8.3145518289362631e-12
2.6702864516226525e-03 2.5307380954219504e-09 8.3143191960055969e-12
2.8277788879567823e-03 2.5258362089723070e-09 8.3140826406427564e-12
2.9945601657511188e-03 2.5209392723814526e-09 8.3138464075548462e-12
3.1711781371926095e-03 2.5160479527838718e-09 8.3136126619302689e-12
3.3582129665729894e-03 2.5111602061600383e-09 8.3133746955534385e-12
3.5562790360439494e-03 2.5062778456973575e-09 8.3131384780986620e-12
3.7660269637729035e-03 2.5014002788823029e-09 8.3129020698779658e-12
3.9881457411288686e-03 2.4965267282670206e-09 8.3126628667990163e-12
4.2233649959186690e-03 2.4916584201082739e-09 8.3124249491620199e-12
4.4724573891079134e-03 2.4867947362987227e-09 8.3121862396183084e-12
4.7362411528996864e-03 2.4819361097673572e-09 8.3119482243519647e-12
5.0155827785080048e-03 2.4770816919496545e-09 8.3117080198894144e-12
5.3113998624552050e-03 2.4722320492598397e-09 8.3114675601650421e-12
5.6246641207427436e-03 2.4673873856359732e-09 8.3112275043966064e-12
5.9564045807966237e-03 2.4625473314893418e-09 8.3109866087238660e-12
6.3077109616724979e-03 2.4577122248150094e-09 8.3107460161746663e-12
6.6797372536239281e-03 2.4528815922433351e-09 8.3105041420833389e-12
7.0737055087921365e-03 2.4480553828645893e-09 8.3102607970334785e-12
7.4909098554691959e-03 2.4432345025668012e-09 8.3100190330302795e-12
7.9327207491208043e-03 2.4384178436651875e-09 8.3097751027095199e-12
8.4005894741327417e-03 2.4336059433865857e-09 8.3095308638532385e-12
8.8960529110685242e-03 2.4287990199613668e-09 8.3092870117650499e-12
9.4207385850980496e-03 2.4239961720998894e-09 8.3090404728665762e-12
9.9763700121805032e-03 2.4191992654390174e-09 8.3087976371557452e-12
1.0564772360563123e-02 2.4144062255901212e-09 8.3085514263689401e-12
1.1187878446192805e-02 2.4096182281111496e-09 8.3083058235310874e-12
1.1847735081734766e-02 2.4048343451939355e-09 8.3080576562596133e-12
1.2546509800053800e-02 2.4000556847471898e-09 8.3078107620683773e-12
1.3286497974243789e-02 2.3952820153921928e-09 8.3075642945306279e-12
1.4070130357593753e-02 2.3905126543983347e-09 8.3073159191809434e-12
1.4899981068258029e-02 2.3857480006325282e-09 8.3070670302226204e-12
1.5778776044859281e-02 2.3809880161182684e-09 8.3068174611676359e-12
1.6709402000799480e-02 2.3762325600394644e-09 8.3065667599720375e-12
1.7694915906692667e-02 2.3714829296273458e-09 8.3063193916794110e-12
1.8738555032067818e-02 2.3667367914763528e-09 8.3060672585667909e-12
1.9843747579327400e-02 2.3619956634930229e-09 8.3058156517341968e-12
2.1014123944892469e-02 2.3572593874178099e-09 8.3055640065803525e-12
2.2253528644525865e-02 2.3525279300214381e-09 8.3053121993105885e-12
2.3566032942006005e-02 2.3478006388399640e-09 8.3050579629130731e-12
2.4955948222634996e-02 2.3430791715128864e-09 8.3048071112247641e-12
2.6427840155510893e-02 2.3383619126024804e-09 8.3045539262341979e-12
2.7986543691085216e-02 2.3336489619147225e-09 8.3042987968825095e-12
2.9637178943270306e-02 2.3289407842387793e-09 8.3040433872636668e-12
3.1385168008267371e-02 2.3242379377195240e-09 8.3037895892453869e-12
3.3236252775362067e-02 2.3195392166412557e-09 8.3035331879406862e-12
3.5196513788193828e-02 2.3148455082390410e-09 8.3032773158438382e-12
3.7272390218455465e-02 2.3101562172980244e-09 8.3030198547363795e-12
3.9470701017633530e-02 2.3054722087129049e-09 8.3027638886070644e-12
4.1798667316270056e-02 2.3007926570216350e-09 8.3025064772423024e-12
4.4263936144323640e-02 2.2961173751772153e-09 8.3022469149948647e-12
4.6874605550548461e-02 2.2914476011713734e-09 8.3019896758419104e-12
4.9639251203403852e-02 2.2867818703842114e-09 8.3017294931287445e-12
5.2566954560875227e-02 2.2821209845436107e-09 8.3014692161952478e-12
5.5667332701739819e-02 2.2774650657400932e-09 8.3012093075499439e-12
5.8950569916268694e-02 2.2728135451078438e-09 8.3009477108366371e-12
6.2427451160135566e-02 2.2681668465294639e-09 8.3006859664891184e-12
6.6109397481424484e-02 2.2635247829914750e-09 8.3004233789676601e-12
7.0008503537107789e-02 2.2588879354669694e-09 8.3001620746726324e-12
7.4137577322231321e-02 2.2542554325708887e-09 8.2998988432822816e-12
7.8510182242311322e-02 2.2496279855375663e-09 8.2996363328772255e-12
8.3140681667144362e-02 2.2450044823826269e-09 8.2993704111519697e-12
8.8044286112383671e-02 2.2403865578784657e-09 8.2991071191397619e-12
9.3237103203865523e-02 2.2357731267898019e-09 8.2988424815099223e-12
9.8736190588812708e-02 2.2311637762810041e-09 8.2985748861874678e-12
1.0455961196771897e-01 2.2265598955194316e-09 8.2983095677715228e-12
1.1072649643097220e-01 2.2219603202072669e-09 8.2980421496985077e-12
1.1725710129512798e-01 2.2173657059920273e-09 8.2977750867152514e-12
1.2417287864524186e-01 2.2127756961478556e-09 8.2975070515503337e-12
1.3149654580184134e-01 2.2081906427421219e-09 8.2972393374185319e-12
1.3925215994401319e-01 2.2036100134824265e-09 8.2969699719757012e-12
1.4746519713372955e-01 2.1990342065943969e-09 8.2967004065171151e-12
1.5616263600099825e-01 2.1944631756583556e-09 8.2964305225347351e-12
1.6537304636472977e-01 2.1898968244732893e-09 8.2961599210393272e-12
1.7512668308042803e-01 2.1853348834424695e-09 8.2958875967242637e-12
1.8545558542298080e-01 2.1807780476687926e-09 8.2956161496510372e-12
1.9639368233100687e-01 2.1762257439660317e-09 8.2953434434237155e-12
2.0797690385847481e-01 2.1716780645002175e-09 8.2950698076414222e-12
2.2024329919969229e-01 2.1671354687882998e-09 8.2947969725365144e-12
2.3323316167536351e-01 2.1625974081288668e-09 8.2945228616718994e-12
2.4698916109027416e-01 2.1580642524884699e-09 8.2942488906760459e-12
2.6155648389738095e-01 2.1535355258653775e-09 8.2939732573203924e-12
2.7698298162872181e-01 2.1490116334069835e-09 8.2936974669681528e-12
2.9331932808072542e-01 2.1444925312072674e-09 8.2934213743554304e-12
3.1061918577024478e-01 2.1399779545423346e-09 8.2931439416387697e-12
3.2893938220810343e-01 2.1354683160933627e-09 8.2928667825988181e-12
3.4834009656918524e-01 2.1309632061410902e-09 8.2925882859031276e-12
3.6888505737225219e-01 2.1264629785976052e-09 8.2923098404504601e-12
3.9064175181883781e-01 2.1219673433646411e-09 8.2920303202332840e-12
4.1368164747886915e-01 2.1174764479139830e-09 8.2917502775165349e-12
4.3808042705121547e-01 2.1129905616262931e-09 8.2914707778226695e-12
4.6391823697032220e-01 2.1085086241244394e-09 8.2911876865191179e-12
4.9127995067556646e-01 2.1040320558200317e-09 8.2909064949521395e-12
5.2025544740813146e-01 2.0995601441280944e-09 8.2906244848784177e-12
5.5093990745121812e-01 2.0950929698899149e-09 8.2903419548840862e-12
5.8343412478339385e-01 2.0906305354182414e-09 8.2900588745540855e-12
6.1784483817212887e-01 2.0861726316071544e-09 8.2897744675821362e-12
6.5428508179508060e-01 2.0817196864167973e-09 8.2894903802421233e-12
6.9287455654089425e-01 2.0772710386103236e-09 8.2892040125757777e-12
7.3374002320917886e-01 2.0728275765970023e-09 8.2889188997309005e-12
7.7701571890124632e-01 2.0683881512818445e-09 8.2886304429845074e-12
8.2284379796943474e-01 2.0639541848509433e-09 8.2883443235371176e-12
8.7137479897342196e-01 2.0595248449968806e-09 8.2880572048905464e-12
9.2276813917746492e-01 2.0551002000836918e-09 8.2877693901514192e-12
9.7719263821286284e-01 2.0506798460986859e-09 8.2874792137080324e-12
1.0348270726258437e+00 2.0462647638522385e-09 8.2871906437135436e-12
1.0958607631324657e+00 2.0418540648694901e-09 8.2869000927736922e-12
1.1604941965095590e+00 2.0374480393369483e-09 8.2866087078538231e-12
1.2289396841645817e+00 2.0330470203424814e-09 8.2863178601616329e-12
1.3014220595476269e+00 2.0286504440204588e-09 8.2860252599317937e-12
1.3781794166965537e+00 2.0242585449969260e-09 8.2857318658368102e-12
1.4594638923411791e+00 2.0198717754995916e-09 8.2854394776782973e-12
1.5455424941356888e+00 2.0154894173393528e-09 8.2851452070983779e-12
1.6366979777398722e+00 2.0111118470815052e-09 8.2848505754132386e-12
1.7332297756302273e+00 2.0067392095433140e-09 8.2845561790914827e-12
1.8354549806920255e+00 2.0023709465545192e-09 8.2842596998543462e-12
1.9437093878231957e+00 1.9980076491107323e-09 8.2839635866415532e-12
2.0583485969716260e+00 1.9936488687828461e-09 8.2836660019435619e-12
2.1797491812291745e+00 1.9892951755287556e-09 8.2833692854342728e-12
2.3083099238193534e+00 1.9849455638035989e-09 8.2830692608748407e-12
2.4444531280421264e+00 1.9806011395973000e-09 8.2827705230939353e-12
2.5886260044786562e+00 1.9762613650175781e-09 8.2824708322957960e-12
2.7413021400129152e+00 1.9719265893003075e-09 8.2821716438098191e-12
2.9029830534955323e+00 1.9675960042389789e-09 8.2818695844139619e-12
3.0741998431601281e+00 1.9632701699124989e-09 8.2815669848653648e-12
3.2555149312036171e+00 1.9589497531083694e-09 8.2812666373362303e-12
3.4475239112611020e+00 1.9546332827571535e-09 8.2809623668865360e-12
3.6508575048441987e+00 1.9503220128226062e-09 8.2806594680534807e-12
3.8661836331692125e+00 1.9460148249930875e-09 8.2803531954872594e-12
4.0942096111810331e+00 1.9417131775806307e-09 8.2800496855868018e-12
4.3356844709795741e+00 1.9374157247846191e-09 8.2797433060934404e-12
4.5914014222810628e+00 1.9331229523260126e-09 8.2794360537972019e-12
4.8622004579963640e+00 1.9288353022961168e-09 8.2791298364269480e-12
5.1489711134851888e+00 1.9245522897953009e-09 8.2788225660999380e-12
5.4526553885501663e+00 1.9202737286157206e-09 8.2785134910570717e-12
5.7742508417688150e+00 1.9160002194305124e-09 8.2782051281337315e-12
6.1148138673280910e+00 1.9117309385799013e-09 8.2778939582046157e-12
6.4754631651253494e+00 1.9074668355522583e-09 8.2775840579528495e-12
6.8573834155343523e+00 1.9032071601875287e-09 8.2772722208112697e-12
7.2618291709077161e+00 1.8989525394667928e-09 8.2769610925561739e-12
7.6901289765984160e+00 1.8947023853521641e-09 8.2766481681893850e-12
8.1436897350377304e+00 1.8904573792598570e-09 8.2763364193320456e-12
8.6240013272045495e+00 1.8862162420703118e-09 8.2760202353432476e-12
9.1326415066672606e+00 1.8819805043305547e-09 8.2757063123371056e-12
9.6712810822742998e+00 1.8777492499865449e-09 8.2753906256833403e-12
1.0241689406517549e+01 1.8735229141618165e-09 8.2750751200699978e-12
1.0845740187597523e+01 1.8693014522209148e-09 8.2747595468614622e-12
1.1485417644281508e+01 1.8650840199905061e-09 8.2744402089835403e-12
1.2162823023773189e+01 1.8608716770506319e-09 8.2741217891892443e-12
1.2880181504003241e+01 1.8566642107662919e-09 8.2738033245963957e-12
1.3639849503014565e+01 1.8524614489545513e-09 8.2734840745251401e-12
1.4444322419452162e+01 1.8482631805291484e-09 8.2731630661972235e-12
1.5296242829583743e+01 1.8440697771248679e-09 8.2728419973617269e-12
1.6198409167777818e+01 1.8398809327306478e-09 8.2725194514610171e-12
1.7153784918952468e+01 1.8356971114005259e-09 8.2721975129734567e-12
1.8165508353191427e+01 1.8315177784674125e-09 8.2718738091319029e-12
1.9236902834503969e+01 1.8273434502825371e-09 8.2715506195275720e-12
2.0371487737591004e+01 1.8231736913397682e-09 8.2712260227675528e-12
2.1572990008478268e+01 1.8190081448105300e-09 8.2708983789290321e-12
2.2845356406990465e+01 1.8148485061179086e-09 8.2705753194457853e-12
2.4192766471282312e+01 1.8106930842992600e-09 8.2702492417603806e-12
2.5619646247011858e+01 1.8065416567575614e-09 8.2699191180005579e-12
2.7130682826255438e+01 1.8023955404213334e-09 8.2695909277830797e-12
2.8730839743922115e+01 1.7982540071940341e-09 8.2692613435662532e-12
3.0425373282241953e+01 1.7941172956284799e-09 8.2689314622802842e-12
3.2219849736887447e+01 1.7899851415226970e-09 8.2686000474059153e-12
3.4120163701442955e+01 1.7858578920144850e-09 8.2682686971182545e-12
3.6132557430285893e+01 1.7817356565198413e-09 8.2679379523203430e-12
3.8263641343482057e+01 1.7776173272333406e-09 8.2676026321500029e-12
4.0520415741052126e+01 1.7735045993393701e-09 8.2672706156367369e-12
4.2910293797937115e+01 1.7693960087951961e-09 8.2669351325837356e-12
4.5441125915196906e+01 1.7652922140019423e-09 8.2665992016604769e-12
4.8121225507434133e+01 1.7611933823411413e-09 8.2662636087135844e-12
5.0959396311148616e+01 1.7570990069168935e-09 8.2659259989901351e-12
5.3964961303729254e+01 1.7530097774698720e-09 8.2655895716800947e-12
5.7147793328075146e+01 1.7489245991416794e-09 8.2652492054002988e-12
6.0518347523445641e+01 1.7448451736668687e-09 8.2649129033231834e-12
6.4087695669069262e+01 1.7407694562494072e-09 8.2645710173042351e-12
6.7867562553323722e+01 1.7366990462710918e-09 8.2642311162989692e-12
7.1870364487957715e+01 1.7326331401663749e-09 8.2638893651901156e-12
7.6109250093864304e+01 1.7285718904586306e-09 8.2635464976175480e-12
8.0598143492384210e+01 1.7245155237020963e-09 8.2632035773125589e-12
8.5351790044015445e+01 1.7204637451577474e-09 8.2628591934552227e-12
9.0385804784771977e+01 1.7164169460607653e-09 8.2625152572053267e-12
9.5716723719302337e+01 1.7123745672680404e-09 8.2621690500226513e-12
1.0136205813925307e+02 1.7083370113141867e-09 8.2618224944451860e-12
1.0734035214531083e+02 1.7043044717548166e-09 8.2614765311296532e-12
1.1367124356186876e+02 1.7002761081373901e-09 8.2611271176103411e-12
1.2037552844441758e+02 1.6962527531521343e-09 8.2607782534232733e-12
1.2747522939155743e+02 1.6922343794076420e-09 8.2604297985478683e-12
1.3499366788602242e+02 1.6882202670330305e-09 8.2600782843130826e-12
1.4295554090235410e+02 1.6842109157813405e-09 8.2597261284823336e-12
1.5138700203286069e+02 1.6802066491716337e-09 8.2593748608622177e-12
1.6031574739835784e+02 1.6762065053185340e-09 8.2590198423893216e-12
1.6977110662588640e+02 1.6722118471348661e-09 8.2586677094755436e-12
1.7978413919226298e+02 1.6682215600583222e-09 8.2583130146082579e-12
1.9038773644993486e+02 1.6642359792168059e-09 8.2579573554518902e-12
2.0161672967027616e+02 1.6602552636364510e-09 8.2576015608905024e-12
2.1350800445923994e+02 1.6562790562657659e-09 8.2572438468603644e-12
2.2610062192119472e+02 1.6523075394006407e-09 8.2568851127600905e-12
2.3943594696895943e+02 1.6483408122756787e-09 8.2565258295478238e-12
2.5355778420151432e+02 1.6443791697450157e-09 8.2561674877500094e-12
2.6851252179571998e+02 1.6404219897331840e-09 8.2558069872866076e-12
2.8434928388472071e+02 1.6364691853919893e-09 8.2554438546855089e-12
3.0112009192355708e+02 1.6325213139240994e-09 8.2550809016909685e-12
3.1888003557206747e+02 1.6285783273618671e-09 8.2547178685787837e-12
3.3768745365638648e+02 1.6246400594052639e-09 8.2543539471408616e-12
3.5760412580348668e+02 1.6207064203260949e-09 8.2539886394254128e-12
3.7869547537825048e+02 1.6167775332817957e-09 8.2536226137715293e-12
4.0103078438968208e+02 1.6128535661069855e-09 8.2532566784603962e-12
4.2468342107221451e+02 1.6089338736195978e-09 8.2528875462230450e-12
4.4973108088965898e+02 1.6050194724209920e-09 8.2525204192928471e-12
4.7625604175348485e+02 1.6011094298945221e-09 8.2521505383028515e-12
5.0434543429375992e+02 1.5972039269931364e-09 8.2517787917221515e-12
5.3409152807057183e+02 1.5933036809700313e-09 8.2514088552287876e-12
5.6559203466608699e+02 1.5894076865155321e-09 8.2510355905413067e-12
5.9895042865284790e+02 1.5855168355791559e-09 8.2506635823576180e-12
6.3427628749266967e+02 1.5816303012958822e-09 8.2502885658447569e-12
6.7168565148262041e+02 1.5777486796123250e-09 8.2499135755600578e-12
7.1130140493049282e+02 1.5738719243113776e-09 8.2495384043328390e-12
7.5325367981183410e+02 1.5699996936995934e-09 8.2491612729007710e-12
7.9768028323452063e+02 1.5661327002854266e-09 8.2487858656552615e-12
8.4472715011502521e+02 1.5622697548806724e-09 8.2484060273518689e-12
8.9454882255333462e+02 1.5584115102798914e-09 8.2480251099202975e-12
9.4730895748123464e+02 1.5545584490709610e-09 8.2476456199889764e-12
1.0031808642514640e+03 1.5507100737242970e-09 8.2472650072307995e-12
1.0623480739336801e+03 1.5468660105755937e-09 8.2468812918516296e-12
1.1250049421872782e+03 1.5430270760356945e-09 8.2464987247271497e-12
1.1913572876913877e+03 1.5391927422752125e-09 8.2461145580420859e-12
1.2616230682292487e+03 1.5353631699773597e-09 8.2457296475480743e-12
1.3360330966477427e+03 1.5315382498693871e-09 8.2453433608206347e-12
1.4148317990439691e+03 1.5277180847579817e-09 8.2449562732933223e-12
1.4982780176693286e+03 1.5239023604579841e-09 8.2445667145913884e-12
1.5866458611885955e+03 1.5200917601849010e-09 8.2441782972790010e-12
1.6802256050869375e+03 1.5162854956814023e-09 8.2437867971976726e-12
1.7793246451825503e+03 1.5124844712237041e-09 8.2433971036102348e-12
1.8842685073771395e+03 1.5086878484581697e-09 8.2430046936999402e-12
1.9954019169610306e+03 1.5048962822936463e-09 8.2426130586531944e-12
2.1130899309855276e+03 1.5011091175890278e-09 8.2422187028879170e-12
2.2377191374220902e+03 1.4973266153842332e-09 8.2418229691756244e-12
2.3696989250474776e+03 1.4935489326377730e-09 8.2414267744591621e-12
2.5094628282262224e+03 1.4897761698006744e-09 8.2410306538525251e-12
2.6574699510077926e+03 1.4860080589357986e-09 8.2406330963255401e-12
2.8142064752165111e+03 1.4822446991451792e-09 8.2402346935430784e-12
2.9801872574879453e+03 1.4784858779159970e-09 8.2398342323232182e-12
3.1559575204979246e+03 1.4747318785040478e-09 8.2394332833530334e-12
3.3420946439395730e+03 1.4709827094865025e-09 8.2390318987437895e-12
3.5392100611313995e+03 1.4672381452362110e-09 8.2386288026888787e-12
3.7479512674866746e+03 1.4634982025808064e-09 8.2382241078582719e-12
3.9690039474414280e+03 1.4597631768567826e-09 8.2378194286752291e-12
4.2030942268279314e+03 1.4560326470006201e-09 8.2374124287921081e-12
4.4509910580921605e+03 1.4523071458291197e-09 8.2370060932589958e-12
4.7135087461905196e+03 1.4485863429815263e-09 8.2365985475114270e-12
4.9915096234629527e+03 1.4448698182689325e-09 8.2361874118530716e-12
5.2859068822689305e+03 1.4411587990706235e-09 8.2357796569956656e-12
5.5976675746912560e+03 1.4374517647401581e-09 8.2353666268365853e-12
5.9278157891612764e+03 1.4337498465621961e-09 8.2349547376101229e-12
6.2774360144399679e+03 1.4300525999014080e-09 8.2345414714050091e-12
6.6476767020055313e+03 1.4263601096355760e-09 8.2341273213705567e-12
7.0397540385490693e+03 1.4226722480952815e-09 8.2337115292119356e-12
7.4549559409705626e+03 1.4189891159370198e-09 8.2332946621985737e-12
7.8946462869982734e+03 1.4153107777449215e-09 8.2328771125126015e-12
8.3602693953281050e+03 1.4116372971794790e-09 8.2324592374530399e-12
8.8533547700001000e+03 1.4079681288210881e-09 8.2320378721866857e-12
9.3755221245962475e+03 1.4043041045123326e-09 8.2316178265929959e-12
9.9284867027634518e+03 1.4006445594779066e-09 8.2311952485320101e-12
1.0514064912539063e+04 1.3969897315511225e-09 8.2307714651295677e-12
1.1134180292986268e+04 1.3933398273106366e-09 8.2303477641610436e-12
1.1790869832739696e+04 1.3896946379756386e-09 8.2299228708214812e-12
1.2486290661216073e+04 1.3860542037109118e-09 8.2294970357559490e-12
1.3222727134470120e+04 1.3824182242584815e-09 8.2290684608461397e-12
1.4002598338970929e+04 1.3787871454735683e-09 8.2286397615984521e-12
1.4828466037948587e+04 1.3751609874421595e-09 8.2282111069193157e-12
1.5703043086412932e+04 1.3715394840215751e-09 8.2277808959911827e-12
1.6629202342486758e+04 1.3679223919329259e-09 8.2273476347393585e-12
1.7609986104326257e+04 1.3643102527724539e-09 8.2269145977173688e-12
1.8648616103626606e+04 1.3607027551864790e-09 8.2264798970730608e-12
1.9748504088541245e+04 1.3571000454955859e-09 8.2260443723443630e-12
2.0913263030777180e+04 1.3535020680678720e-09 8.2256077632152213e-12
2.2146718993680312e+04 1.3499088773408924e-09 8.2251703353978541e-12
2.3452923700296193e+04 1.3463204540270751e-09 8.2247319683546545e-12
2.4836167842689101e+04 1.3427365047005636e-09 8.2242909127729228e-12
2.6300995176240391e+04 1.3391573889662179e-09 8.2238492725508765e-12
2.7852217445222541e+04 1.3355831459243389e-09 8.2234073781166696e-12
2.9494930188677557e+04 1.3320137402978201e-09 8.2229649335350191e-12
3.1234529478520501e+04 1.3284488300118529e-09 8.2225199257144740e-12
3.3076729644848434e+04 1.3248884114877397e-09 8.2220722369851734e-12
3.5027582046682357e+04 1.3213330690331601e-09 8.2216254738568289e-12
3.7093494949799198e+04 1.3177825051091509e-09 8.2211778460669467e-12
3.9281254576951469e+04 1.3142363937607360e-09 8.2207272982695461e-12
4.1598047399618881e+04 1.3106952200858039e-09 8.2202768079388707e-12
4.4051483744520250e+04 1.3071588029075453e-09 8.2198252946392955e-12
4.6649622792427290e+04 1.3036270604864028e-09 8.2193722429306879e-12
4.9400999051398532e+04 1.3000999713976808e-09 8.2189174616806179e-12
5.2314650391395073e+04 1.2965777009226654e-09 8.2184620146653751e-12
5.5400147732364814e+04 1.2930600852841212e-09 8.2180048781672385e-12
5.8667626483320179e+04 1.2895474458223005e-09 8.2175480510246554e-12
6.2127819835679176e+04 1.2860392853292053e-09 8.2170883985675344e-12
6.5792094020234406e+04 1.2825356496137642e-09 8.2166261941503444e-12
6.9672485643565495e+04 1.2790370178974580e-09 8.2161644606400866e-12
7.3781741226535683e+04 1.2755431631348436e-09 8.2157017956186477e-12
7.8133359074755848e+04 1.2720538230573326e-09 8.2152364552553935e-12
8.2741633618550695e+04 1.2685697275783602e-09 8.2147732060120965e-12
8.7621702368078346e+04 1.2650896390054186e-09 8.2143039772653623e-12
9.2789595637846185e+04 1.2616146694015227e-09 8.2138359978762535e-12
9.8262289203955224e+04 1.2581445927501470e-09 8.2133677694104204e-12
1.0405776006705158e+05 1.2546787202991403e-09 8.2128948570591437e-12
1.1019504550415244e+05 1.2512180807587263e-09 8.2124239202709754e-12
1.1669430560332777e+05 1.2477620741813285e-09 8.2119510410212083e-12
1.2357688948664858e+05 1.2443107079137451e-09 8.2114762528665111e-12
1.3086540543894254e+05 1.2408639198647445e-09 8.2109991581498228e-12
1.3858379517271396e+05 1.2374222042271104e-09 8.2105229869546910e-12
1.4675741247317870e+05 1.2339850060739697e-09 8.2100441125672819e-12
1.5541310648175559e+05 1.2305525531736896e-09 8.2095639864735907e-12
1.6457930989157860e+05 1.2271248438278085e-09 8.2090826329007828e-12
1.7428613234475179e+05 1.2237019638816369e-09 8.2086005739736198e-12
1.8456545933813421e+05 1.2202837520106378e-09 8.2081167603474706e-12
1.9545105696254841e+05 1.2168700263133500e-09 8.2076299724395571e-12
2.0697868281947015e+05 1.2134614342958335e-09 8.2071445088704840e-12
2.1918620347953250e+05 1.2100573846953228e-09 8.2066563850499484e-12
2.3211371886869374e+05 1.2066581164985564e-09 8.2061673055649004e-12
2.4580369399064835e+05 1.2032636232048358e-09 8.2056771081524132e-12
2.6030109841817326e+05 1.1998733085657000e-09 8.2051817785501023e-12
2.7565355401162367e+05 1.1964885981356110e-09 8.2046909911119023e-12
2.9191149134979659e+05 1.1931080544280467e-09 8.2041949769687081e-12
3.0912831538703525e+05 1.1897325664840563e-09 8.2036997862218672e-12
3.2736058088071743e+05 1.1863616495531675e-09 8.2032020787457703e-12
3.4666817816539516e+05 1.1829951468145751e-09 8.2027008054854836e-12
3.6711452988380572e+05 1.1796339832711378e-09 8.2022022718991362e-12
3.8876679932101397e+05 1.1762773050330228e-09 8.2017006173550789e-12
4.1169611102601222e+05 1.1729253466886512e-09 8.2011974732061025e-12
4.3597778444549453e+05 1.1695778993187712e-09 8.2006913574458419e-12
4.6169158133726765e+05 1.1662353769214091e-09 8.2001851494444433e-12
4.8892196777598822e+05 1.1628975336738765e-09 8.1996771139063609e-12
5.1775839161191316e+05 1.1595644862158931e-09 8.1991680707733819e-12
5.4829557629404753e+05 1.1562362901724561e-09 8.1986584285061117e-12
5.8063383202286530e+05 1.1529125380252414e-09 8.1981452748911864e-12
6.1487938525470532e+05 1.1495938534244555e-09 8.1976330251489646e-12
6.5114472764018294e+05 1.1462796675454847e-09 8.1971176330874975e-12
6.8954898554287385e+05 1.1429703229742524e-09 8.1966015457600476e-12
7.3021831135205238e+05 1.1396655168263321e-09 8.1960825734084716e-12
7.7328629787489842e+05 1.1363655020232938e-09 8.1955625378346730e-12
8.1889441716940841e+05 1.1330704248640777e-09 8.1950424455408624e-12
8.6719248525946634e+05 1.1297799986448159e-09 8.1945202665976196e-12
9.1833915425865620e+05 1.1264943697110258e-09 8.1939970535198683e-12
9.7250243351932277e+05 1.1232133149537545e-09 8.1934711575079550e-12
1.0298602415188202e+06 1.1199369094494129e-09 8.1929431430403534e-12
1.0906009902957527e+06 1.1166652186671114e-09 8.1924134265832021e-12
1.1549242043560725e+06 1.1133985102374388e-09 8.1918840053180119e-12
1.2230411760819964e+06 1.1101365192871000e-09 8.1913529166192883e-12
1.2951756597966757e+06 1.1068791115619616e-09 8.1908191668113788e-12
1.3715646067645538e+06 1.1036266437155125e-09 8.1902853583852716e-12
1.4524589435417012e+06 1.1003786415693575e-09 8.1897480547031272e-12
1.5381243962329950e+06 1.0971355682588811e-09 8.1892105902368239e-12
1.6288423633636367e+06 1.0938972607713615e-09 8.1886717470298516e-12
1.7249108402322819e+06 1.0906635230262564e-09 8.1881301332858894e-12
1.8266453977821877e+06 1.0874345818659453e-09 8.1875873955646313e-12
1.9343802192057215e+06 1.0842103880466045e-09 8.1870431526210224e-12
2.0484691976874631e+06 1.0809908386187439e-09 8.1864966099992096e-12
2.1692870988917253e+06 1.0777761302925813e-09 8.1859492798844157e-12
2.2972307920131232e+06 1.0745661214024211e-09 8.1854000294065618e-12
2.4327205534340688e+06 1.0713608664261546e-09 8.1848493104444079e-12
2.5762014472713694e+06 1.0681603129477174e-09 8.1842967185142795e-12
2.7281447873470141e+06 1.0649646070497765e-09 8.1837433112847181e-12
2.8890496853853585e+06 1.0617734667410152e-09 8.1831869795333858e-12
3.0594446905224319e+06 1.0585872144434930e-09 8.1826301609691669e-12
3.2398895255127405e+06 1.0554056003278828e-09 8.1820709219720313e-12
3.4309769253369691e+06 1.0522285818245380e-09 8.1815089433336429e-12
3.6333345842499877e+06 1.0490565782503688e-09 8.1809474279605452e-12
3.8476272176649650e+06 1.0458891820681530e-09 8.1803832515863476e-12
4.0745587456466709e+06 1.0427265272828221e-09 8.1798174288279882e-12
4.3148746051861951e+06 1.0395684812540310e-09 8.1792489067961019e-12
4.5693641988528613e+06 1.0364154642040502e-09 8.1786809541797668e-12
4.8388634878665917e+06 1.0332669408197859e-09 8.1781094120561318e-12
5.1242577381086349e+06 1.0301233188656389e-09 8.1775374313785808e-12
5.4264844280910343e+06 1.0269842471884317e-09 8.1769622567011909e-12
5.7465363284367668e+06 1.0238498728726607e-09 8.1763850098268831e-12
6.0854647629866051e+06 1.0207203396439337e-09 8.1758068749207570e-12
6.4443830622446779e+06 1.0175955953042918e-09 8.1752274033528657e-12
6.8244702205068609e+06 1.0144756889056101e-09 8.1746469333518932e-12
7.2269747686852925e+06 1.0113603676987326e-09 8.1740635099152840e-12
7.6532188755502719e+06 1.0082499395739522e-09 8.1734795677952639e-12
8.1046026908620512e+06 1.0051438807196627e-09 8.1728908676486585e-12
8.5826089446586426e+06 1.0020429800430116e-09 8.1723037980903336e-12
9.0888078178080115e+06 9.9894651518284583e-10 8.1717124681724560e-12
9.6248620998231377e+06 9.9585492614291023e-10 8.1711204806074775e-12
1.0192532650883332e+07 9.9276784853387428e-10 8.1705247421244474e-12
1.0793684186003227e+07 9.8968597052427385e-10 8.1699310193990703e-12
1.1430291400349738e+07 9.8660828723448148e-10 8.1693310257768778e-12
1.2104445455828037e+07 9.8353583766261835e-10 8.1687332262373256e-12
1.2818360850243323e+07 9.8046783049385648e-10 8.1681311416586199e-12
1.3574382691603500e+07 9.7740455327199600e-10 8.1675271759971331e-12
1.4374994401457101e+07 9.7434615850094122e-10 8.1669224891166279e-12
1.5222825872571032e+07 9.7129229443054390e-10 8.1663142012226143e-12
1.6120662107745206e+07 9.6824326726129148e-10 8.1657048538212915e-12
1.7071452368140426e+07 9.6519907157045588e-10 8.1650943960482056e-12
1.8078319861171652e+07 9.6215957006375108e-10 8.1644816712250697e-12
1.9144571999788951e+07 9.5912478189921257e-10 8.1638667811162601e-12
2.0273711266847279e+07 9.5609467969537101e-10 8.1632495823091167e-12
2.1469446720251642e+07 9.5306937369886424e-10 8.1626308959505026e-12
2.2735706176671978e+07 9.5004884950569433e-10 8.1620106609424297e-12
2.4076649113848317e+07 9.4703299748335294e-10 8.1613878787979850e-12
2.5496680333868746e+07 9.4402173448413169e-10 8.1607618688807573e-12
2.7000464432302620e+07 9.4101532052273695e-10 8.1601348160468219e-12
2.8592941120716482e+07 9.3801392727488499e-10 8.1595082239570808e-12
3.0279341452906914e+07 9.3501693366932121e-10 8.1588767442738941e-12
3.2065205008149680e+07 9.3202488642519084e-10 8.1582449950716214e-12
3.3956398087910019e+07 9.2903729790484963e-10 8.1576088259056102e-12
3.5959132985788450e+07 9.2605466173807107e-10 8.1569725040506465e-12
3.8079988393998869e+07 9.2307692402719241e-10 8.1563355551145549e-12
4.0325931013414100e+07 9.2010373623793343e-10 8.1556948692911770e-12
4.2704338438162640e+07 9.1713513099172495e-10 8.1550507935649696e-12
4.5223023389949799e+07 9.1417112194319458e-10 8.1544033181717020e-12
4.7890259381710410e+07 9.1121229542248528e-10 8.1537578058935796e-12
5.0714807894891791e+07 9.0825820450049467e-10 8.1531101032918471e-12
5.3705947159643874e+07 9.0530841524165867e-10 8.1524564332591393e-12
5.6873502632452436e+07 9.0236388321178618e-10 8.1518052491317874e-12
6.0227879271332383e+07 8.9942382029926075e-10 8.1511495730651383e-12
6.3780095714596793e+07 8.9648852113497162e-10 8.1504919603708806e-12
6.7541820475478560e+07 8.9355802066661507e-10 8.1498327977845949e-12
7.1525410271495298e+07 8.9063212286499143e-10 8.1491701870787892e-12
7.5743950614464939e+07 8.8771100001139838e-10 8.1485057510712998e-12
8.0211298794505835e+07 8.8479475375982826e-10 8.1478404006900120e-12
8.4942129399213180e+07 8.8188300388086961e-10 8.1471706463071304e-12
8.9951982517541364e+07 8.7897622305586503e-10 8.1465008061893193e-12
9.5257314786730766e+07 8.7607402165233461e-10 8.1458272703693685e-12
1.0087555344996186e+08 8.7317670421166315e-10 8.1451528695019372e-12
1.0682515360231046e+08 8.7028410934953621e-10 8.1444760660151789e-12
1.1312565881304257e+08 8.6739611569463535e-10 8.1437957486291865e-12
1.1979776532339221e+08 8.6451295868333939e-10 8.1431140989590061e-12
1.2686339003069681e+08 8.6163443443116119e-10 8.1424291551655187e-12
1.3434574248220965e+08 8.5876082109972016e-10 8.1417435452435083e-12
1.4226940111508176e+08 8.5589200778024675e-10 8.1410562317460508e-12
1.5066039399294195e+08 8.5302769166448917e-10 8.1403642928849049e-12
1.5954628430429417e+08 8.5016818325878776e-10 8.1396707285467051e-12
1.6895626090357268e+08 8.4731345387024895e-10 8.1389751751516012e-12
1.7892123419227713e+08 8.4446345542802749e-10 8.1382772102672060e-12
1.8947393765513158e+08 8.4161808066279673e-10 8.1375758031967931e-12
2.0064903538481334e+08 8.3877774001434428e-10 8.1368748210363591e-12
2.1248323594844392e+08 8.3594213779827571e-10 8.1361714490221535e-12
2.2501541296988034e+08 8.3311097726825676e-10 8.1354628692522864e-12
2.3828673282390678e+08 8.3028449760334058e-10 8.1347512893923794e-12
2.5234078986176983e+08 8.2746301231822849e-10 8.1340397163928483e-12
2.6722374961227140e+08 8.2464625086279786e-10 8.1333256007266450e-12
2.8298450042880070e+08 8.2183433432385949e-10 8.1326100856700778e-12
2.9967481408044791e+08 8.1902680455830990e-10 8.1318886205771921e-12
3.1734951581472367e+08 8.1622452924698421e-10 8.1311697711772731e-12
3.3606666445049906e+08 8.1342644205082911e-10 8.1304429989346664e-12
3.5588774309276676e+08 8.1063328000694093e-10 8.1297155508873815e-12
3.7687786109567845e+08 8.0784498324210342e-10 8.1289868329402984e-12
3.9910596793728060e+08 8.0506145689119987e-10 8.1282559047106595e-12
4.2264507970850605e+08 8.0228238598780649e-10 8.1275196286514457e-12
4.4757251896038026e+08 7.9950844684145352e-10 8.1267846756526323e-12
4.7397016869733673e+08 7.9673880934396032e-10 8.1260427551494582e-12
5.0192474135094756e+08 7.9397412384655099e-10 8.1253004178403261e-12
5.3152806361762965e+08 7.9121430268767527e-10 8.1245567192624632e-12
5.6287737809594536e+08 7.8845920408669041e-10 8.1238102460617859e-12
5.9607566271437275e+08 7.8570864612987157e-10 8.1230591042910659e-12
6.3123196899878764e+08 7.8296311871465510e-10 8.1223083428765449e-12
6.6846178029082811e+08 7.8022210151381276e-10 8.1215525360923455e-12
7.0788739109384906e+08 7.7748598154620876e-10 8.1207956646758972e-12
7.4963830879252374e+08 7.7475439614770066e-10 8.1200340187909056e-12
7.9385167906573570e+08 7.7202766377537132e-10 8.1192708154956625e-12
8.4067273639014018e+08 7.6930567994116470e-10 8.1185050126517419e-12
8.9025528111424673e+08 7.6658831360358882e-10 8.1177351800577172e-12
9.4276218467015946e+08 7.6387612086268800e-10 8.1169671550680652e-12
9.9836592458247018e+08 7.6116817468282039e-10 8.1161911940845134e-12
1.0572491510317994e+09 7.5846526490709104e-10 8.1154155555108954e-12
1.1196052868340125e+09 7.5576695435377998e-10 8.1146356524676080e-12
1.1856391628059709e+09 7.5307337178866649e-10 8.1138528411576600e-12
1.2555676906049285e+09 7.5038460090058365e-10 8.1130679034322053e-12
1.3296205752516782e+09 7.4770061771345398e-10 8.1122806723113971e-12
1.4080410696780829e+09 7.4502137987133218e-10 8.1114906693096632e-12
1.4910867737774873e+09 7.4234680105968282e-10 8.1106968882695369e-12
1.5790304805828440e+09 7.3967699603842199e-10 8.1099005807621643e-12
1.6721610723520267e+09 7.3701194692952069e-10 8.1091015585773233e-12
1.7707844695039635e+09 7.3435162504089163e-10 8.1082994776697608e-12
1.8752246355226145e+09 7.3169608882701976e-10 8.1074949433331293e-12
1.9858246411297867e+09 7.2904541427810193e-10 8.1066887799980617e-12
2.1029477912224801e+09 7.2639910522164288e-10 8.1058755422368716e-12
2.2269788182764702e+09 7.2375780028244724e-10 8.1050622012606340e-12
2.3583251461364417e+09 7.2112135540380727e-10 8.1042471988319894e-12
2.4974182283439250e+09 7.1848943879230282e-10 8.1034267965086537e-12
2.6447149653992767e+09 7.1586225262264462e-10 8.1026032714569375e-12
2.8006992056132679e+09 7.1323994513422657e-10 8.1017782137717757e-12
2.9658833344781947e+09 7.1062234602385022e-10 8.1009497186162154e-12
3.1408099577795739e+09 7.0800937369360773e-10 8.1001168426463638e-12
3.3260536839770479e+09 7.0540140273295573e-10 8.0992838229825008e-12
3.5222230117094002e+09 7.0279791645701507e-10 8.0984447641382796e-12
3.7299623286239476e+09 7.0019923051445444e-10 8.0976032423167305e-12
3.9499540280959468e+09 6.9760546636370443e-10 8.0967606093148945e-12
4.1829207507914200e+09 6.9501612028895500e-10 8.0959110892928366e-12
4.4296277584363756e+09 6.9243181913373024e-10 8.0950618673610823e-12
4.6908854475901070e+09 6.8985216757986123e-10 8.0942083688906168e-12
4.9675520116796494e+09 6.8727720470817222e-10 8.0933510572385318e-12
5.2605362600401716e+09 6.8470718538842828e-10 8.0924928105100607e-12
5.5708006032211533e+09 6.8214164083053664e-10 8.0916281693025028e-12
5.8993642143647242e+09 6.7958079130533603e-10 8.0907596877136961e-12
6.2473063770409832e+09 6.7702504222355332e-10 8.0898921187026316e-12
6.6157700305370569e+09 6.7447386379616735e-10 8.0890192202683295e-12
7.0059655242461567e+09 6.7192730316913370e-10 8.0881415057820227e-12
7.4191745934888868e+09 6.6938578545045489e-10 8.0872639844125006e-12
7.8567545698269081e+09 6.6684871468545205e-10 8.0863795673389968e-12
8.3201428396993990e+09 6.6431665037669309e-10 8.0854948977140106e-12
8.8108615660277977e+09 6.6178916540628118e-10 8.0846048312193150e-12
9.3305226882992535e+09 6.5926650563953860e-10 8.0837123945185942e-12
9.8808332175528049e+09 6.5674856260466574e-10 8.0828161156783521e-12
1.0463600843661978e+10 6.5423522744027435e-10 8.0819146695110626e-12
1.1080739873332300e+10 6.5172676673154063e-10 8.0810114355565252e-12
1.1734277518319942e+10 6.4922311222569411e-10 8.0801053568450090e-12
1.2426360554526804e+10 6.4672407216218369e-10 8.0791942144150532e-12
1.3159262373846376e+10 6.4422992892524677e-10 8.0782813522517304e-12
1.3935390451924953e+10 6.4174041093805669e-10 8.0773634975677895e-12
1.4757294256367886e+10 6.3925576676238241e-10 8.0764435747359055e-12
1.5627673621369255e+10 6.3677589523424004e-10 8.0755204940957514e-12
1.6549387616273615e+10 6.3430051763643036e-10 8.0745905699710979e-12
1.7525463937201969e+10 6.3182999055773608e-10 8.0736583489158663e-12
1.8559108852592480e+10 6.2936425229209224e-10 8.0727229707792205e-12
1.9653717735324516e+10 6.2690330150380514e-10 8.0717844481813904e-12
2.0812886216023914e+10 6.2444713477217916e-10 8.0708426808769263e-12
2.2040421994185406e+10 6.2199558890409325e-10 8.0698955870628020e-12
2.3340357345910336e+10 6.1954887280888536e-10 8.0689458430425951e-12
2.4716962369346287e+10 6.1710681058182562e-10 8.0679910583606194e-12
2.6174759011336487e+10 6.1466965052081287e-10 8.0670345759490096e-12
2.7718535921356445e+10 6.1223706906557121e-10 8.0660719836673787e-12
2.9353364181529255e+10 6.0980930692444799e-10 8.0651065674789404e-12
3.1084613964391651e+10 6.0738630224548720e-10 8.0641373698662704e-12
3.2917972173127327e+10 6.0496813288358664e-10 8.0631654719086646e-12
3.4859461122215416e+10 6.0255449441220000e-10 8.0621868042578619e-12
3.6915458319855583e+10 6.0014586186759443e-10 8.0612076181620040e-12
3.9092717417152740e+10 5.9774178449770722e-10 8.0602218988342598e-12
4.1398390392877075e+10 5.9534271211717003e-10 8.0592356467995403e-12
4.3840051046670906e+10 5.9294815764746399e-10 8.0582423027721899e-12
4.6425719877877129e+10 5.9055823959548996e-10 8.0572434375773136e-12
4.9163890431710320e+10 5.8817353599428017e-10 8.0562467693680648e-12
5.2063557199314484e+10 5.8579318903800140e-10 8.0552407588751665e-12
5.5134245163356270e+10 5.8341755780976370e-10 8.0542301884262147e-12
5.8386041086203362e+10 5.8104687047028784e-10 8.0532181047958078e-12
6.1829626643469398e+10 5.7868082434923857e-10 8.0522004267046369e-12
6.5476313511761192e+10 5.7631971465465396e-10 8.0511811100929887e-12
6.9338080525887222e+10 5.7396320545371897e-10 8.0501555920469896e-12
7.3427613027585083e+10 5.7161158519154317e-10 8.0491277940503447e-12
7.7758344535018311e+10 5.6926441591211705e-10 8.0480915412036636e-12
8.2344500869926575e+10 5.6692221464270397e-10 8.0470540723522503e-12
8.7201146887375854e+10 5.6458463717953747e-10 8.0460105261435536e-12
9.2344235961612808e+10 5.6225204302215264e-10 8.0449659024787996e-12
9.7790662390571686e+10 5.5992390378451547e-10 8.0439127672463173e-12
1.0355831689118187e+11 5.5760083862531354e-10 8.0428598299783294e-12
1.0966614536776480e+11 5.5528221679190400e-10 8.0417980815225667e-12
1.1613421114656758e+11 5.5296845308208264e-10 8.0407334548081753e-12
1.2298376088086711e+11 5.5065959509778536e-10 8.0396665318186124e-12
1.3023729434312627e+11 5.4835525814138589e-10 8.0385918256325874e-12
1.3791863833346872e+11 5.4605585396476249e-10 8.0375152575531953e-12
1.4605302494724374e+11 5.4376115710141271e-10 8.0364334665002643e-12
1.5466717445878094e+11 5.4147118309231957e-10 8.0353466143722512e-12
1.6378938309359897e+11 5.3918587351742703e-10 8.0342539672046849e-12
1.7344961597737830e+11 5.3690542319531054e-10 8.0331581489033146e-12
1.8367960556703351e+11 5.3462967756802858e-10 8.0320570871275643e-12
1.9451295588720828e+11 5.3235891170965919e-10 8.0309546376594755e-12
2.0598525291459738e+11 5.3009258871446738e-10 8.0298427417654849e-12
2.1813418147269608e+11 5.2783110942344003e-10 8.0287276121400089e-12
2.3099964902094754e+11 5.2557444123307494e-10 8.0276084442216905e-12
2.4462391674493320e+11 5.2332236671722271e-10 8.0264821353837400e-12
2.5905173837820532e+11 5.2107546739804218e-10 8.0253573193337689e-12
2.7433050721178265e+11 5.1883292192546795e-10 8.0242215787197149e-12
2.9051041177419678e+11 5.1659518561973613e-10 8.0230818298603029e-12
3.0764460069349707e+11 5.1436217839177101e-10 8.0219366191138499e-12
3.2578935728274524e+11 5.1213420416159112e-10 8.0207908250409489e-12
3.4500428442249384e+11 5.0991068206991513e-10 8.0196352803450735e-12
3.6535250034756610e+11 5.0769206605220624e-10 8.0184771009524871e-12
3.8690084598124890e+11 5.0547808510959145e-10 8.0173119613526882e-12
4.0972010449798828e+11 5.0326897598230980e-10 8.0161435862322608e-12
4.3388523383579852e+11 5.0106463812632250e-10 8.0149703059675506e-12
4.5947561292216040e+11 4.9886495277177118e-10 8.0137902264737140e-12
4.8657530242223505e+11 4.9666996411080654e-10 8.0126040461460499e-12
5.1527332086588495e+11 4.9447993010425384e-10 8.0114157232959261e-12
5.4566393706057605e+11 4.9229448382171677e-10 8.0102194887164590e-12
5.7784697975066772e+11 4.9011401870350719e-10 8.0090215550529788e-12
6.1192816554028625e+11 4.8793799941721544e-10 8.0078132679592295e-12
6.4801944615696045e+11 4.8576694919409874e-10 8.0066030359277453e-12
6.8623937619672180e+11 4.8360042503941370e-10 8.0053835385867727e-12
7.2671350255869385e+11 4.8143904084762811e-10 8.0041650658630706e-12
7.6957477684832324e+11 4.7928198794208889e-10 8.0029340058603392e-12
8.1496399210404541e+11 4.7713002905480834e-10 8.0017028808930881e-12
8.6303024528188806e+11 4.7498270146906572e-10 8.0004641858494742e-12
9.1393142701723853e+11 4.7284011799975321e-10 7.9992198372665467e-12
9.6783474027256714e+11 4.7070225226544114e-10 7.9979689292372612e-12
1.0249172495747861e+12 4.6856931748843092e-10 7.9967153227010724e-12
1.0853664626464113e+12 4.6644100132515100e-10 7.9954536471515380e-12
1.1493809463410894e+12 4.6431744169086132e-10 7.9941863796097873e-12
1.2171709789068052e+12 4.6219862383034081e-10 7.9929126694094821e-12
1.2889592407192212e+12 4.6008462321921492e-10 7.9916342801537896e-12
1.3649815457542881e+12 4.5797541233593135e-10 7.9903506760219083e-12
1.4454876162027751e+12 4.5587081081071965e-10 7.9890585101503614e-12
1.5307419027712649e+12 4.5377110433711135e-10 7.9877626033316272e-12
1.6210244533641782e+12 4.5167611435953716e-10 7.9864601471450862e-12
1.7166318330003191e+12 4.4958586893172395e-10 7.9851513159548524e-12
1.8178780979857334e+12 4.4750043582882725e-10 7.9838372618712774e-12
1.9250958275428958e+12 4.4541968993814831e-10 7.9825158620615852e-12
2.0386372162849619e+12 4.4334369653641996e-10 7.9811881569040424e-12
2.1588752311238003e+12 4.4127236531283620e-10 7.9798524993096968e-12
2.2862048364118359e+12 4.3920600458996736e-10 7.9785143557814010e-12
2.4210442913424409e+12 4.3714446978769428e-10 7.9771710823058844e-12
2.5638365238704019e+12 4.3508739821290657e-10 7.9758161369870188e-12
2.7150505856656880e+12 4.3303518924822581e-10 7.9744564743355275e-12
2.8751831928798184e+12 4.3098791725504055e-10 7.9730936858029812e-12
3.0447603577860137e+12 4.2894524845866090e-10 7.9717215063185382e-12
3.2243391166528433e+12 4.2690731409975004e-10 7.9703422808702979e-12
3.4145093595271411e+12 4.2487416903052392e-10 7.9689568896608739e-12
3.6158957679369390e+12 4.2284559727051552e-10 7.9675614750272659e-12
3.8291598668790640e+12 4.2082224760097170e-10 7.9661680569688455e-12
4.0550021978324360e+12 4.1880349904913151e-10 7.9647648418336546e-12
4.2941646199346851e+12 4.1678926316179437e-10 7.9633499330236487e-12
4.5474327468812842e+12 4.1478000360021768e-10 7.9619326684068254e-12
4.8156385275520234e+12 4.1277537946713934e-10 7.9605058587805630e-12
5.0996629788418135e+12 4.1077567740445736e-10 7.9590750203229084e-12
5.4004390796727656e+12 4.0878072816063420e-10 7.9576372611328563e-12
5.7189548356939541e+12 4.0679021150789132e-10 7.9561857573206108e-12
6.0562565247359131e+12 4.0480476458088425e-10 7.9547334352076191e-12
6.4134521336809922e+12 4.0282404214217648e-10 7.9532731755030687e-12
6.7917149980384746e+12 4.0084786992882472e-10 7.9518014213209067e-12
7.1922876561808848e+12 3.9887689748609572e-10 7.9503314147827173e-12
7.6164859309013779e+12 3.9691036887387427e-10 7.9488474116862147e-12
8.0657032516998193e+12 3.9494863923588985e-10 7.9473567764121273e-12
8.5414152319955762e+12 3.9299150484704685e-10 7.9458552282478002e-12
9.0451845163025137e+12 3.9103964777914834e-10 7.9443565016479133e-12
9.5786659132884453e+12 3.8909184019211024e-10 7.9428358674249257e-12
1.0143611831580312e+13 3.8714942611032311e-10 7.9413207812949474e-12
1.0741878036171412e+13 3.8521127924922980e-10 7.9397870201342921e-12
1.1375429744338418e+13 3.8327904581244008e-10 7.9382701285646277e-12
1.2046348081093996e+13 3.8135034511830696e-10 7.9367197313607600e-12
1.2756836915379029e+13 3.7942671203471079e-10 7.9351677228856475e-12
1.3509230099450865e+13 3.7750741939267289e-10 7.9335987226077348e-12
1.4305999135247770e+13 3.7559319182494839e-10 7.9320281025719305e-12
1.5149761292912553e+13 3.7368462583134730e-10 7.9304687069159968e-12
1.6043288208143486e+13 3.7177968088707056e-10 7.9288766074909473e-12
1.6989514986613559e+13 3.6988035498074949e-10 7.9272951115010461e-12
1.7991549845364645e+13 3.6798528921200195e-10 7.9256943632872312e-12
1.9052684322847992e+13 3.6609504720258134e-10 7.9240864110469700e-12
2.0176404091147406e+13 3.6420951996103029e-10 7.9224683333042076e-12
2.1366400405904508e+13 3.6232930588318600e-10 7.9208549817518829e-12
2.2626582231555336e+13 3.6045292261610284e-10 7.9192118894440356e-12
2.3961089081708738e+13 3.5858100562428794e-10 7.9175539522237589e-12
2.5374304616845184e+13 3.5671469103032563e-10 7.9159056491536426e-12
2.6870871044002453e+13 3.5485318745218633e-10 7.9142494829707397e-12
2.8455704365749121e+13 3.5299737126031951e-10 7.9126062053045675e-12
3.0134010528536148e+13 3.5114418211896510e-10 7.9109047052321327e-12
3.1911302523473113e+13 3.4929689440025916e-10 7.9092210236268514e-12
3.3793418495698984e+13 3.4745434726990659e-10 7.9075268842481811e-12
3.5786540921838859e+13 3.4561617614788703e-10 7.9058147759053849e-12
3.7897216918538258e+13 3.4378329975850270e-10 7.9041054924255796e-12
4.0132379748786984e+13 3.4195487422385038e-10 7.9023803553550145e-12
4.2499371596677414e+13 3.4013078508498172e-10 7.9006349192832244e-12
4.5005967685409039e+13 3.3831224621146630e-10 7.8988986955575819e-12
4.7660401817763305e+13 3.3649842237399008e-10 7.8971519661168263e-12
5.0471393422945594e+13 3.3469018416805364e-10 7.8954157412249900e-12
5.3448176198638734e+13 3.3288484796380930e-10 7.8936253054658837e-12
5.6600528442355680e+13 3.3108519275162015e-10 7.8918465658540241e-12
5.9938805171718969e+13 3.2929005221445522e-10 7.8900513867122129e-12
6.3473972139185922e+13 3.2750093849763492e-10 7.8882780551332140e-12
6.7217641852946633e+13 3.2571474493008747e-10 7.8864481869395156e-12
7.1182111722320672e+13 3.2393418303097841e-10 7.8846316141942507e-12
7.5380404452954266e+13 3.2215867796170115e-10 7.8828104027560332e-12
7.9826310824509984e+13 3.2038742691957510e-10 7.8809670073858363e-12
8.4534434991367891e+13 3.1862208591217716e-10 7.8791417146481489e-12
8.9520242455143062e+13 3.1685920434831212e-10 7.8772466773547819e-12
9.4800110866607078e+13 3.1510337955378253e-10 7.8754019232198512e-12
1.0039138382387920e+14 3.1335018090214151e-10 7.8734883986127600e-12
1.0631242784362097e+14 3.1160325197738729e-10 7.8716053054463336e-12
1.1258269269236561e+14 3.0986079427171801e-10 7.8697030373935340e-12
1.1922277527616598e+14 3.0812278710721104e-10 7.8677819727849987e-12
1.2625448729842867e+14 3.0639024198399166e-10 7.8658653498367906e-12
1.3370092690818042e+14 3.0466286545329353e-10 7.8639517304166307e-12
1.4158655457412075e+14 3.0293880320683253e-10 7.8619857344698279e-12
1.4993727343369612e+14 3.0122059531762281e-10 7.8600403511453962e-12
1.5878051438112966e+14 2.9950672654383973e-10 7.8580708551423221e-12
1.6814532617391506e+14 2.9779757698813320e-10 7.8560857969154886e-12
1.7806247085374344e+14 2.9609307744177932e-10 7.8540883207681807e-12
1.8856452479533100e+14 2.9439364070159556e-10 7.8520869771014776e-12
1.9968598571506059e+14 2.9269926920719405e-10 7.8500848423630029e-12
2.1146338599095125e+14 2.9100845162627243e-10 7.8480323671846794e-12
2.2393541266619516e+14 2.8932460421656440e-10 7.8460314921881555e-12
2.3714303453045512e+14 2.8764424990451969e-10 7.8439822898136524e-12
2.5112963669636709e+14 2.8596740621100934e-10 7.8418849946962841e-12
2.6594116311330891e+14 2.8429768863480244e-10 7.8398435581653752e-12
2.8162626748658562e+14 2.8263196528176822e-10 7.8377658454213421e-12
2.9823647309774694e+14 2.8097016931720810e-10 7.8356512567064322e-12
3.1582634205106500e+14 2.7931355521138482e-10 7.8335404772291884e-12
3.3445365450209206e+14 2.7766193532059756e-10 7.8314160859990492e-12
3.5417959845704881e+14 2.7601541765862998e-10 7.8292931910980950e-12
3.7506897076650625e+14 2.7437283043810701e-10 7.8271329358134079e-12
3.9719038997359444e+14 2.7273392522605136e-10 7.8249305861633103e-12
4.2061652171591494e+14 2.7110214283727199e-10 7.8227718742915958e-12
4.4542431742156806e+14 2.6947436050140606e-10 7.8205845618281916e-12
4.7169526708337381e+14 2.6785131919491529e-10 7.8183853241258796e-12
4.9951566694163519e+14 2.6623315696352320e-10 7.8161760918776919e-12
5.2897690295468619e+14 2.6461953627913339e-10 7.8139374795081399e-12
5.6017575098845906e+14 2.6301077811906027e-10 7.8116970165497521e-12
5.9321469471109388e+14 2.6140746799902340e-10 7.8094595178761613e-12
6.2820226223684988e+14 2.5980748315527409e-10 7.8071632971136412e-12
6.6525338262514162e+14 2.5821368851241429e-10 7.8048974755038246e-12
7.0448976340574662e+14 2.5662343929305025e-10 7.8025770586236095e-12
7.4604029037029975e+14 2.5503933138889156e-10 7.8002867409497933e-12
7.9004145094332612e+14 2.5345736601619642e-10 7.7978968491572426e-12
8.3663778252356088e+14 2.5188342885649977e-10 7.7955974927210398e-12
8.8598234726819838e+14 2.5031284371717847e-10 7.7932308054663007e-12
9.3823723487979175e+14 2.4874922827499541e-10 7.7909256402643501e-12
9.9357409504729400e+14 2.4718726567103318e-10 7.7885069284286149e-12
1.0521747012902652e+15 2.4562973605945817e-10 7.7860604154488697e-12
1.1142315480583884e+15 2.4407970649036758e-10 7.7836836933270838e-12
1.1799484830476785e+15 2.4253007314028308e-10 7.7811508608940752e-12
1.2495413768104500e+15 2.4099177933073957e-10 7.7788148889729397e-12
1.3232388318586150e+15 2.3945480596059837e-10 7.7763494962246303e-12
1.4012829335896022e+15 2.3791926399162633e-10 7.7737579833318153e-12
1.4839300455016442e+15 2.3639210799437098e-10 7.7712694377761498e-12
1.5714516513104360e+15 2.3486870155103570e-10 7.7687314635050812e-12
1.6641352467336100e+15 2.3335145699237912e-10 7.7662195678004839e-12
1.7622852838722535e+15 2.3183705116553188e-10 7.7636308424324879e-12
1.8662241712916812e+15 2.3032870833124587e-10 7.7610637558025211e-12
1.9762933330865782e+15 2.2882495936172708e-10 7.7584739543076889e-12
2.0928543304093828e+15 2.2732751967670653e-10 7.7559169040957777e-12
2.2162900491459702e+15 2.2583558538389615e-10 7.7533665703396787e-12
2.3470059576399585e+15 2.2434660123180434e-10 7.7507394595217902e-12
2.4854314385971890e+15 2.2285959168073299e-10 7.7479975514922741e-12
2.6320211995452160e+15 2.2138244098765707e-10 7.7454108393893709e-12
2.7872567664813285e+15 2.1990747180129939e-10 7.7427187984013891e-12
2.9516480656152445e+15 2.1843726220280500e-10 7.7400059495241182e-12
3.1257350984023795e+15 2.1697189503321514e-10 7.7372769035198189e-12
3.3100897153699180e+15 2.1551140365238117e-10 7.7345311662105012e-12
3.5053174945624380e+15 2.1405558514470585e-10 7.7317644719200111e-12
3.7120597307775175e+15 2.1260472948534381e-10 7.7289823813957882e-12
3.9309955421256670e+15 2.1115740600579643e-10 7.7261380342676376e-12
4.1628441008342980e+15 2.0971714920837300e-10 7.7233538826599219e-12
4.4083669956237945e+15 2.0827929638139451e-10 7.7204713220693315e-12
4.6683707334152500e+15 2.0684728187418085e-10 7.7176011370437360e-12
4.9437093885882760e+15 2.0541966907657638e-10 7.7146931157981915e-12
5.2352874084908090e+15 2.0400240552503990e-10 7.7119552626253056e-12
5.5440625844168190e+15 2.0257982507796331e-10 7.7088541597897013e-12
5.8710491978110970e+15 2.0117034535424372e-10 7.7060155306508098e-12
6.2173213520359540e+15 1.9975913343149716e-10 7.7029384278524829e-12
6.5840165006442050e+15 1.9835591597989752e-10 7.6999418206849730e-12
6.9723391837482310e+15 1.9696111462319787e-10 7.6970525915684895e-12
7.3835649847588950e+15 1.9556391229740142e-10 7.6938797266426670e-12
7.8190447204907830e+15 1.9417905019806822e-10 7.6909897705763948e-12
8.2802088783987570e+15 1.9279116150621482e-10 7.6877545717748455e-12
8.7685723155206780e+15 1.9141562458531854e-10 7.6847849213467309e-12
9.2857392345619660e+15 1.9004154130104853e-10 7.6816770584300189e-12
9.8334084534676520e+15 1.8866899527724838e-10 7.6784172267471892e-12
1.0413378985791698e+16 1.8730519316279944e-10 7.6752982208784825e-12
1.1027555950194300e+16 1.8594424839069485e-10 7.6720730275901511e-12
1.1677956828478984e+16 1.8458770811976815e-10 7.6687948683577212e-12
1.2366718092726154e+16 1.8324101610944300e-10 7.6656838032380606e-12
1.3096102223292860e+16 1.8189175303648435e-10 7.6622659648026236e-12
1.3868505140730390e+16 1.8055163760238003e-10 7.6590092492696569e-12
1.4686464076034434e+16 1.7921654870167004e-10 7.6557467566955146e-12
1.5552665905078970e+16 1.7788467543374350e-10 7.6523680153104048e-12
1.6469955974611864e+16 1.7655874587926060e-10 7.6490383440605634e-12
1.7441347448804192e+16 1.7523626767040805e-10 7.6456098845681877e-12
1.8470031207055332e+16 1.7391925665734693e-10 7.6421839330520866e-12
1.9559386325566668e+16 1.7260678684501822e-10 7.6387190983796867e-12
2.0712991177114212e+16 1.7130213313451523e-10 7.6353802839755206e-12
2.1934635185482232e+16 1.6999862070188644e-10 7.6318336160102430e-12
2.3228331273167048e+16 1.6869894464386804e-10 7.6282076646314644e-12
2.4598329043243128e+16 1.6740555674173385e-10 7.6246268724088630e-12
2.6049128738689616e+16 1.6611652203192631e-10 7.6209916810557036e-12
2.7585496025032516e+16 1.6483153541040217e-10 7.6172393267499931e-12
2.9212477644861312e+16 1.6355981405189830e-10 7.6139099942002799e-12
3.0935417995642728e+16 1.6228216241979639e-10 7.6101128501921731e-12
3.2759976685287404e+16 1.6101255260208832e-10 7.6063763796563399e-12
3.4692147123136896e+16 1.5974812658995336e-10 7.6026417321506846e-12
3.6738276207439464e+16 1.5848801310354921e-10 7.5988372615484697e-12
3.8905085173986840e+16 1.5723283579915250e-10 7.5950079726250057e-12
4.1199691674392368e+16 1.5598318545438865e-10 7.5911825625052574e-12
4.3629633156540168e+16 1.5473805378806294e-10 7.5873128583409059e-12
4.6202891624002520e+16 1.5349752115754327e-10 7.5833986937209578e-12
4.8927919855758056e+16 1.5226343222351880e-10 7.5794672667791607e-12
5.1813669172338672e+16 1.5103270306142471e-10 7.5754991481434296e-12
5.4869618839612616e+16 1.4980396594123393e-10 7.5713516977318847e-12
5.8105807206791208e+16 1.4858465247054954e-10 7.5674095169533559e-12
6.1532864680942232e+16 1.4736952715474680e-10 7.5634027104032783e-12
6.5162048646329616e+16 1.4616305668523711e-10 7.5595956610172203e-12
6.9005280443276912e+16 1.4495382001712306e-10 7.5553826633002576e-12
7.3075184528034464e+16 1.4375213880105530e-10 7.5512208180510288e-12
7.7385129942277552e+16 1.4255283866526025e-10 7.5468943493111666e-12
8.1949274228459552e+16 1.4135538542559643e-10 7.5422673197008904e-12
8.6782609935275296e+16 1.4016887999904137e-10 7.5380330766593503e-12
9.1901013865998096e+16 1.3898715545230690e-10 7.5337606646034892e-12
9.7321299231464304e+16 1.3781023886944030e-10 7.5294509796162165e-12
1.0306127087902014e+17 1.3663800028473006e-10 7.5250959204680349e-12
1.0913978377884901e+17 1.3547032941676976e-10 7.5206882820352949e-12
1.1557680495980371e+17 1.3430787034626553e-10 7.5162654338755305e-12
1.2239347909818062e+17 1.3315367518353006e-10 7.5120175589764735e-12
1.2961219797490254e+17 1.3200325347248031e-10 7.5077101088462925e-12
1.3725667402925434e+17 1.3085410591063497e-10 7.5031129197018577e-12
1.4535201825078954e+17 1.2971057310849252e-10 7.4985184516365584e-12
1.5392482266527082e+17 1.2857047345424461e-10 7.4937969701251582e-12
1.6300324768559840e+17 1.2743521015430423e-10 7.4890329570737228e-12
1.7261711461466176e+17 1.2630352413882602e-10 7.4840778727662736e-12
1.8279800360397126e+17 1.2518007606306455e-10 7.4793589535232219e-12
1.9357935738985840e+17 1.2405970735127349e-10 7.4744849856460951e-12
2.0499659114798141e+17 1.2294885985408217e-10 7.4698857300978468e-12
2.1708720882702061e+17 1.2181756792569394e-10 7.4637128086354444e-12
2.2989092634368186e+17 1.2070663746058175e-10 7.4583973908451090e-12
2.4344980204369370e+17 1.1962294827605849e-10 7.4542529484949256e-12
2.5780837485734246e+17 1.1851116459828817e-10 7.4483326479145964e-12
2.7301381060336634e+17 1.1744051464607646e-10 7.4443939136777971e-12
2.8911605692179456e+17 1.1635256483982675e-10 7.4391002872498960e-12
3.0616800734466470e+17 1.1526972053123554e-10 7.4337734481052888e-12
3.2422567504356256e+17 1.1418864501927438e-10 7.4280870886627381e-12
3.4334837682473664e+17 1.1312714452208715e-10 7.4235019167820769e-12
3.6359892797614515e+17 1.1205509158739995e-10 7.4177429289947786e-12
3.8504384860653088e+17 1.1099352167829647e-10 7.4123490828319560e-12
4.0775358215427949e+17 1.0993506009518769e-10 7.4067906312400015e-12
4.3180272678384685e+17 1.0883422215628798e-10 7.3979938634213934e-12
4.5727028042985555e+17 1.0783315272655759e-10 7.3955353075493813e-12
4.8423990029379475e+17 1.0678866264654846e-10 7.3898218460854667e-12
5.1280017764573357e+17 1.0574549727549709e-10 7.3837319634553241e-12
5.4304492883372467e+17 1.0471379252453045e-10 7.3780800662196770e-12
5.7507350345685094e+17 1.0368349955478736e-10 7.3721113510313005e-12
6.0899111071415040e+17 1.0265836197487207e-10 7.3660978661781057e-12
6.4490916500151667e+17 1.0163810239379780e-10 7.3600161230584986e-12
6.8294565189174541e+17 1.0062328768359794e-10 7.3539053671977165e-12
7.2322551569994214e+17 9.9618254687407085e-11 7.3479289391534399e-12
7.6588106990738624e+17 9.8613640758280749e-11 7.3417097926243153e-12
8.1105243179202944e+17 9.7566814261683823e-11 7.3318633123253580e-12
8.5888798269333056e+17 9.6572875848403115e-11 7.3255428660622508e-12
9.0954485542332646e+17 9.5583858632939514e-11 7.3191599104434816e-12
9.6318945042500838e+17 9.4599534872772860e-11 7.3126972177079850e-12
1.0199979823735521e+18 9.3620297787825265e-11 7.3061855208183736e-12
1.0801570590157953e+18 9.2645944701490372e-11 7.2996047379469538e-12
1.1438642941495146e+18 9.1671550271428676e-11 7.2931005100336600e-12
1.2113289567559398e+18 9.0744812161683657e-11 7.2892062278486384e-12
1.2827726584178527e+18 8.9786997540651620e-11 7.2826267348056653e-12
1.3584300812813338e+18 8.8812157716683008e-11 7.2739112469192155e-12
1.4385497489524052e+18 8.7871071019174183e-11 7.2678140555582008e-12
1.5233948428608494e+18 8.6933463705052300e-11 7.2617022053268272e-12
1.6132440667728305e+18 8.5962381003262792e-11 7.2519267042814900e-12
1.7083925622921951e+18 8.5051624660005084e-11 7.2469054015666102e-12
1.8091528783575411e+18 8.4121682652141509e-11 7.2399287189927372e-12
1.9158559979199747e+18 8.3197108914141702e-11 7.2327862634682708e-12
2.0288524251738463e+18 8.2271607305597038e-11 7.2249050801801763e-12
2.1485133369119391e+18 8.1309968905824521e-11 7.2136754540140480e-12
2.2752318017871283e+18 8.0442869564965926e-11 7.2098603988989067e-12
2.4094240714856120e+18 7.9502205209200061e-11 7.1989080692834095e-12
2.5515309480530248e+18 7.8592552582914665e-11 7.1904784665484645e-12
2.7020192318648842e+18 7.7683712593696226e-11 7.1817334356100869e-12
2.8613832549978670e+18 7.6802320380498769e-11 7.1744262717760680e-12
3.0301465050384988e+18 7.5930577777620984e-11 7.1675107556939402e-12
3.2088633446636544e+18 7.5048723161624560e-11 7.1593242423455916e-12
3.3981208326411238e+18 7.4185378701106886e-11 7.1524100894827526e-12
3.5985406522320937e+18 7.3305778417193475e-11 7.1433343745159375e-12
3.8107811533300408e+18 7.2430280663379111e-11 7.1340452556673637e-12
4.0355395150441713e+18 7.1572252016904017e-11 7.1258840070193911e-12
4.2735540358311665e+18 7.0666935626893957e-11 7.1132179200090085e-12
4.5256065586980009e+18 6.9811803163206240e-11 7.1048353139285595e-12
4.7925250394422139e+18 6.8964617960877876e-11 7.0959899259442108e-12
5.0751862663661763e+18 6.8116297906750742e-11 7.0863018623892132e-12
5.3745187403986258e+18 6.7272632977097377e-11 7.0764495310885553e-12
5.6915057250850345e+18 6.6434784070181214e-11 7.0659323519201315e-12
6.0271884764649892e+18 6.5607544515746334e-11 7.0565155759455799e-12
6.3826696634465055e+18 6.4769059190526313e-11 7.0458135589750602e-12
6.7591169899126630e+18 6.3944498182798553e-11 7.0353295750205101e-12
7.1577670304586527e+18 6.3127696970078875e-11 7.0250225503101262e-12
7.5799292923590728e+18 6.2323005078836420e-11 7.0152546906305845e-12
8.0269905171083837e+18 6.1599078955009340e-11 7.0136176031471197e-12
8.5004192356648407e+18 6.0804354345068970e-11 7.0041002913836257e-12
9.0017705923602483e+18 6.0007479898010867e-11 6.9933962128506788e-12
9.5326914533226619e+18 5.9216396333458868e-11 6.9826635818809101e-12
1.0094925816191500e+19 5.8366783801884937e-11 6.9658670247540979e-12
1.0690320538895581e+19 5.7580968509386364e-11 6.9540983336731348e-12
1.1320831406312217e+19 5.6800524087050083e-11 6.9421459898748379e-12
1.1988529554735446e+19 5.6024263593656252e-11 6.9299729621892894e-12
1.2695608275256871e+19 5.5336385194466039e-11 6.9267868324477052e-12
1.3444390218407191e+19 5.4502472267005389e-11 6.9069047499161586e-12
1.4237335023724519e+19 5.3750262665123831e-11 6.8968994107537990e-12
1.5077047399312200e+19 5.2990286561732725e-11 6.8837134887200889e-12
1.5966285677924577e+19 5.2251284103684904e-11 6.8723325983503744e-12
1.6907970877688478e+19 5.1569882256077966e-11 6.8700900622493363e-12
1.7905196297221868e+19 5.0960644622740321e-11 6.8722992530160585e-12
1.8961237676668924e+19 5.0228385606990564e-11 6.8595183403088982e-12
2.0079563958028919e+19 4.9502263187449432e-11 6.8466786167440893e-12
2.1263848680125059e+19 4.8807287462438347e-11 6.8389792498623709e-12
2.2517982045644030e+19 4.8088575928160279e-11 6.8254962851921417e-12
2.3846083699884601e+19 4.7347398371154720e-11 6.8076191965093891e-12
2.5252516263192678e+19 4.6634781208994696e-11 6.7928334812061712e-12
2.6741899661532123e+19 4.5934156503716033e-11 6.7786364243854228e-12
2.8319126302268862e+19 4.5125209531374735e-11 6.7454262817590517e-12
2.9989377145015755e+19 4.4597365087013840e-11 6.7592513643441684e-12
3.1758138720329748e+19 4.3750824442503760e-11 6.7179063974401995e-12
3.3631221152165007e+19 4.3210481588593850e-11 6.7256764633493300e-12
3.5614777243283194e+19 4.2528540959822279e-11 6.7102252437018980e-12
3.7715322686313718e+19 4.1898176469489510e-11 6.7025259910614995e-12
3.9939757466854228e+19 4.1059379124377664e-11 6.6556602759522522e-12
4.2295388528917242e+19 4.0383150121682200e-11 6.6386774737721828e-12
4.4789953777177436e+19 3.9981185569401445e-11 6.6647252122918402e-12
4.7431647494858670e+19 3.9251035651087512e-11 6.6341933484181103e-12
5.0229147260761203e+19 3.8609832780631098e-11 6.6182673756369100e-12
5.3191642453842870e+19 3.7939982506127243e-11 6.5976050912235432e-12
5.6328864438989521e+19 3.7319791754614405e-11 6.5818228402338609e-12
5.9651118533130134e+19 3.6761265384119784e-11 6.5797897379923437e-12
6.3169317856700826e+19 3.6134225131340802e-11 6.5616648771987488e-12
6.6895019181654761e+19 3.5521682393019525e-11 6.5451882316263796e-12
7.0840460893772857e+19 3.4897850271074160e-11 6.5259101014488336e-12
7.5018603193979437e+19 3.4269158349148200e-11 6.5016943286239259e-12
7.9443170670709834e+19 3.3737001389428004e-11 6.4981752274060206e-12
8.4128697383184990e+19 3.3080831503387468e-11 6.4685056230925730e-12
8.9090574603676959e+19 3.2493580599440439e-11 6.4516329749472569e-12
9.4345101375594873e+19 3.1891914403076148e-11 6.4263859512763875e-12
9.9909538053466669e+19 3.1350325123131179e-11 6.4185375453906140e-12
1.0580216300068779e+20 3.0761788236403854e-11 6.3937323056041626e-12
1.1204233263128070e+20 3.0193755617868799e-11 6.3728563407936945e-12
1.1865054499289340e+20 2.9717060310331119e-11 6.3700282765502309e-12
1.2564850709989710e+20 2.9109351829141661e-11 6.3400875751628404e-12
1.3305920623776840e+20 2.8565574806480859e-11 6.3220886389287750e-12
1.4090698547296535e+20 2.8011778479348839e-11 6.2975647803448073e-12
1.4921762361635642e+20 2.7505823442708169e-11 6.2856401347958173e-12
1.5801841990285554e+20 2.6953992698361794e-11 6.2601253416804097e-12
1.6733828366542973e+20 2.6474301643427711e-11 6.2516390242256948e-12
1.7720782929804378e+20 2.5966794304573572e-11 6.2348680479173577e-12
1.8765947681948202e+20 2.5404460928829814e-11 6.2045447836320910e-12
1.9872755836838452e+20 2.4894887039611878e-11 6.1779540265762717e-12
2.1044843097931619e+20 2.4386872326579484e-11 6.1555872215303239e-12
2.2286059601033282e+20 2.3915115465952300e-11 6.1396281396741440e-12
2.3600482561431994e+20 2.3478372430387895e-11 6.1332707551907015e-12
2.4992429666957882e+20 2.2985918744954012e-11 6.1137092769175155e-12
2.6466473260957621e+20 2.2479861053186379e-11 6.0866884114381781e-12
2.8027455361775855e+20 2.1995205276689995e-11 6.0574437634631349e-12
2.9680503568079684e+20 2.1535997388956403e-11 6.0373912805659020e-12
3.1431047902272841e+20 2.1080423363477309e-11 6.0255266408843002e-12
3.3284838647327824e+20 2.0616206640253352e-11 5.9936739629737783e-12
