# k_modes P_scalar P_tensor
4.5653537606807526e-05 2.8486311216789499e-09 7.4263230742921644e-12
4.8505617730106634e-05 2.8434561014206008e-09 7.4261726175948356e-12
5.1535873772647315e-05 2.8382851150059999e-09 7.4260202225080292e-12
5.4755436788546047e-05 2.8331188408892920e-09 7.4258676328095386e-12
5.8176133214136777e-05 2.8279581905627788e-09 7.4257172390047179e-12
6.1810528310075625e-05 2.8228010911095241e-09 7.4255636294071789e-12
6.5671972317374254e-05 2.8176492865931086e-09 7.4254113715746099e-12
6.9774649496903566e-05 2.8125020101168174e-09 7.4252584321175250e-12
7.4133630232508464e-05 2.8073599534731201e-09 7.4251066453243662e-12
7.8764926389120342e-05 2.8022218272506464e-09 7.4249526350045723e-12
8.3685550129218814e-05 2.7970885839027707e-09 7.4247988566978314e-12
8.8913576403688865e-05 2.7919603043586521e-09 7.4246455703345892e-12
9.4468209346626315e-05 2.7868362765552943e-09 7.4244908782864182e-12
1.0036985281797466e-04 2.7817172308502325e-09 7.4243367076922348e-12
1.0664018535312354e-04 2.7766022886780824e-09 7.4241807357488962e-12
1.1330223979477604e-04 2.7714926964720006e-09 7.4240262804664801e-12
1.2038048789960135e-04 2.7663872601060261e-09 7.4238701309165604e-12
1.2790093023045616e-04 2.7612875679502649e-09 7.4237165655455561e-12
1.3589119166437747e-04 2.7561914745871391e-09 7.4235598087243953e-12
1.4438062286717689e-04 2.7510999042806292e-09 7.4234023572255646e-12
1.5340040810738189e-04 2.7460139845870958e-09 7.4232472451099868e-12
1.6298367980556032e-04 2.7409319026543508e-09 7.4230895686094346e-12
1.7316564023980014e-04 2.7358547763522353e-09 7.4229323747880276e-12
1.8398369085440711e-04 2.7307827027972965e-09 7.4227758925032476e-12
1.9547756964681043e-04 2.7257144925506867e-09 7.4226169221666556e-12
2.0768949713733992e-04 2.7206514737705285e-09 7.4224590434001372e-12
2.2066433145806689e-04 2.7155931229442381e-09 7.4223008557634541e-12
2.3444973313039655e-04 2.7105394779143470e-09 7.4221424491683890e-12
2.4909634013669103e-04 2.7054907011460957e-09 7.4219842669754735e-12
2.6465795392901359e-04 2.7004464779813060e-09 7.4218254617770865e-12
2.8119173705826276e-04 2.6954064826011678e-09 7.4216651182277053e-12
2.9875842314964324e-04 2.6903709834587477e-09 7.4215039803565972e-12
3.1742253999578749e-04 2.6853408820758668e-09 7.4213445348810264e-12
3.3725264658700433e-04 2.6803157795391259e-09 7.4211856634667004e-12
3.5832158494934942e-04 2.6752952510564248e-09 7.4210262192224574e-12
3.8070674771559042e-04 2.6702785040312982e-09 7.4208640014358206e-12
4.0449036241193751e-04 2.6652672398202945e-09 7.4207037112875687e-12
4.2975979350481165e-04 2.6602601264486978e-09 7.4205416469342485e-12
4.5660786331715923e-04 2.6552578507150732e-09 7.4203797405078955e-12
4.8513319299314046e-04 2.6502607371417472e-09 7.4202188713229429e-12
5.1544056476364810e-04 2.6452669625108675e-09 7.4200539688193549e-12
5.4764130684338812e-04 2.6402790342122807e-09 7.4198920321036108e-12
5.8185370237333876e-04 2.6352957167175758e-09 7.4197295747766597e-12
6.1820342391079091e-04 2.6303167917122122e-09 7.4195660378078992e-12
6.5682399506294866e-04 2.6253425598934771e-09 7.4194022224594587e-12
6.9785728095984813e-04 2.6203729916363758e-09 7.4192380703365454e-12
7.4145400936821563e-04 2.6154080490885884e-09 7.4190734466332006e-12
7.8777432436050285e-04 2.6104476413360167e-09 7.4189081236840502e-12
8.3698837457287867e-04 2.6054925066393543e-09 7.4187441688026045e-12
8.8927693821303400e-04 2.6005418858092186e-09 7.4185794225029519e-12
9.4483208711364274e-04 2.5955962326404577e-09 7.4184151860256768e-12
1.0038578922707487e-03 2.5906542164136482e-09 7.4182477046501332e-12
1.0665711734587442e-03 2.5857178478333073e-09 7.4180826609050937e-12
1.1332022956754789e-03 2.5807857903412432e-09 7.4179162427280979e-12
1.2039960153431338e-03 2.5758578883101611e-09 7.4177480220426904e-12
1.2792123793731458e-03 2.5709352629944850e-09 7.4175812017345346e-12
1.3591276803977996e-03 2.5660176246309350e-09 7.4174149507357134e-12
1.4440354716772697e-03 2.5611042927292163e-09 7.4172472901735638e-12
1.5342476454102325e-03 2.5561951195305672e-09 7.4170778273155509e-12
1.6300955784089796e-03 2.5512914690912345e-09 7.4169104925068330e-12
1.7319313493474587e-03 2.5463926153033061e-09 7.4167431649218511e-12
1.8401290320535634e-03 2.5414975020451213e-09 7.4165728008286469e-12
1.9550860695963239e-03 2.5366078648631094e-09 7.4164044253106773e-12
2.0772247342154570e-03 2.5317220871214495e-09 7.4162333539208899e-12
2.2069936784559967e-03 2.5268415781873966e-09 7.4160636630921118e-12
2.3448695832058788e-03 2.5219654087929555e-09 7.4158926668281391e-12
2.4913589086901088e-03 2.5170942102309827e-09 7.4157221935128517e-12
2.6469997548535791e-03 2.5122284272916646e-09 7.4155535551595737e-12
2.8123638379661644e-03 2.5073660714167952e-09 7.4153809221791077e-12
2.9880585907108583e-03 2.5025085872785911e-09 7.4152085045859315e-12
3.1747293934691746e-03 2.4976561626783026e-09 7.4150368976028868e-12
3.3730619450000085e-03 2.4928083619306320e-09 7.4148647958209677e-12
3.5837847812201932e-03 2.4879650540751935e-09 7.4146917911943239e-12
3.8076719513389845e-03 2.4831267669507262e-09 7.4145194946276072e-12
4.0455458611767733e-03 2.4782929232902076e-09 7.4143461436992150e-12
4.2982802941123003e-03 2.4734636819952557e-09 7.4141722414779699e-12
4.5668036207554075e-03 2.4686395500607408e-09 7.4139992874365774e-12
4.8521022091352261e-03 2.4638193884584520e-09 7.4138238623188089e-12
5.1552240479306273e-03 2.4590044834363771e-09 7.4136498415568547e-12
5.4772825960520853e-03 2.4541939249272782e-09 7.4134744871335748e-12
5.8194608727156483e-03 2.4493880586336010e-09 7.4132988068908035e-12
6.1830158030331305e-03 2.4445867314680142e-09 7.4131223882326833e-12
6.5692828350811762e-03 2.4397907690034986e-09 7.4129476863713663e-12
6.9796808454091119e-03 2.4349988074479119e-09 7.4127705980499105e-12
7.4157173510050085e-03 2.4302117559328915e-09 7.4125938591648217e-12
7.8789940468650971e-03 2.4254297586046350e-09 7.4124179102919735e-12
8.3712126895077107e-03 2.4206520158028407e-09 7.4122403304993860e-12
8.8941813480437042e-03 2.4158789218947402e-09 7.4120623003398161e-12
9.4498210457654129e-03 2.4111108467693446e-09 7.4118849701394142e-12
1.0040172816650803e-02 2.4063471167505112e-09 7.4117062609019444e-12
1.0667405202703366e-02 2.4015880772562741e-09 7.4115272428537795e-12
1.1333822219667932e-02 2.3968335390673943e-09 7.4113473057136297e-12
1.2041871820382801e-02 2.3920844967507949e-09 7.4111695527691939e-12
1.2794154886856687e-02 2.3873390975712458e-09 7.4109882442986256e-12
1.3593434784101138e-02 2.3825992724622324e-09 7.4108093421052659e-12
1.4442647510812532e-02 2.3778636266191380e-09 7.4106285371195517e-12
1.5344912484190244e-02 2.3731328796870520e-09 7.4104480667377463e-12
1.6303543998506854e-02 2.3684067006196078e-09 7.4102668701948980e-12
1.7322063399521269e-02 2.3636849870160724e-09 7.4100846546708196e-12
1.8404212019455045e-02 2.3589679960396800e-09 7.4099022235036814e-12
1.9553964920046133e-02 2.3542559389586228e-09 7.4097202204984776e-12
2.0775545494162183e-02 2.3495482984708846e-09 7.4095370164931908e-12
2.2073440979609997e-02 2.3448455547180005e-09 7.4093541404836608e-12
2.3452418942127743e-02 2.3401474017933690e-09 7.4091706235123904e-12
2.4917544788107166e-02 2.3354540063933930e-09 7.4089869866044144e-12
2.6474200371375264e-02 2.3307653365905163e-09 7.4088031259534305e-12
2.8128103762383887e-02 2.3260806887708889e-09 7.4086168256059734e-12
2.9885330252425461e-02 2.3214019662564930e-09 7.4084340766250804e-12
3.1752334670029761e-02 2.3167271094538113e-09 7.4082483943658454e-12
3.3735975091516636e-02 2.3120572189920626e-09 7.4080632486289579e-12
3.5843538032800798e-02 2.3073921711772565e-09 7.4078782598905371e-12
3.8082765214985756e-02 2.3027312342242239e-09 7.4076910610765317e-12
4.0461882002065443e-02 2.2980750618837296e-09 7.4075037700538132e-12
4.2989627615193114e-02 2.2934238428187030e-09 7.4073169862666457e-12
4.5675287234504681e-02 2.2887769378902093e-09 7.4071286298373112e-12
4.8528726106415579e-02 2.2841353759927872e-09 7.4069420367950429e-12
5.1560425781677952e-02 2.2794978941351240e-09 7.4067531401792561e-12
5.4781522617311514e-02 2.2748652899451653e-09 7.4065644949582640e-12
5.8203848683837406e-02 2.2702374784521293e-09 7.4063758220566129e-12
6.1839975228079873e-02 2.2656141383744584e-09 7.4061861156046610e-12
6.5703258851187746e-02 2.2609954327812121e-09 7.4059958464787396e-12
6.9807890571501788e-02 2.2563816612350067e-09 7.4058060368501879e-12
7.4168947952490710e-02 2.2517723519028391e-09 7.4056151207764995e-12
7.8802450487237594e-02 2.2471681753078088e-09 7.4054252941409594e-12
8.3725418442921348e-02 2.2425678741244324e-09 7.4052324413576890e-12
8.8955935381445597e-02 2.2379729367259994e-09 7.4050414603857007e-12
9.4513214585874097e-02 2.2333826133477400e-09 7.4048498551138226e-12
1.0041766963667578e-01 2.2287969453196602e-09 7.4046577812137901e-12
1.0669098939702835e-01 2.2242157396661992e-09 7.4044645857574818e-12
1.1335621768262373e-01 2.2196390026467531e-09 7.4042702981316232e-12
1.2043783790862733e-01 2.2150676624249236e-09 7.4040779901518883e-12
1.2796186302472484e-01 2.2105008750648365e-09 7.4038848789279424e-12
1.3595593106861564e-01 2.2059380978938428e-09 7.4036891063456775e-12
1.4444940668894984e-01 2.2013800503700195e-09 7.4034931127701793e-12
1.5347348901063332e-01 2.1968272181478919e-09 7.4032985070527108e-12
1.6306132623872427e-01 2.1922789286955980e-09 7.4031030309182644e-12
1.7324813742189352e-01 2.1877351361679121e-09 7.4029065439814331e-12
1.8407134182272630e-01 2.1831962580616015e-09 7.4027104391960914e-12
1.9557069637007951e-01 2.1786618198011692e-09 7.4025131014233047e-12
2.0778844169840005e-01 2.1741322318546341e-09 7.4023159448867628e-12
2.2076945731045078e-01 2.1696072023281290e-09 7.4021179507782618e-12
2.3456142643340414e-01 2.1650872418045410e-09 7.4019208734130408e-12
2.4921501117387024e-01 2.1605713508622635e-09 7.4017213019309950e-12
2.6478403861525707e-01 2.1560606325783755e-09 7.4015229908032269e-12
2.8132569854105532e-01 2.1515544696021472e-09 7.4013238583607038e-12
2.9890075351034545e-01 2.1470527463631474e-09 7.4011234584733561e-12
3.1757376205719828e-01 2.1425562282307104e-09 7.4009244528253409e-12
3.3741331583385048e-01 2.1380640423903995e-09 7.4007238360975344e-12
3.5849229156874929e-01 2.1335765927585058e-09 7.4005229916162674e-12
3.8088811876499129e-01 2.1290934865486391e-09 7.4003205563865800e-12
4.0468306412248878e-01 2.1246149536397292e-09 7.4001173216350816e-12
4.2996453372863486e-01 2.1201421148623134e-09 7.3999171588474275e-12
4.5682539412750461e-01 2.1156732300283207e-09 7.3997140784053060e-12
4.8536431344698150e-01 2.1112091929884899e-09 7.3995111353766687e-12
5.1568612383686108e-01 2.1067498058104243e-09 7.3993076676527413e-12
5.4790220654929944e-01 2.1022949127372460e-09 7.3991031095344222e-12
5.8213090107609489e-01 2.0978451929481995e-09 7.3988998562714651e-12
6.1849793984572177e-01 2.0933995228394246e-09 7.3986939410960297e-12
6.5713691007685660e-01 2.0889588084471331e-09 7.3984885636165657e-12
6.9818974448496163e-01 2.0845231367041676e-09 7.3982840146407234e-12
7.4180724264440145e-01 2.0800915509981556e-09 7.3980769342333573e-12
7.8814962492125729e-01 2.0756652587315381e-09 7.3978715838585179e-12
8.3738712101155766e-01 2.0712431090742715e-09 7.3976638973623880e-12
8.8970059524685119e-01 2.0668257116880301e-09 7.3974560014886844e-12
9.4528221096402287e-01 2.0624132108466493e-09 7.3972484402259367e-12
1.0043361363797987e+00 2.0580052383741218e-09 7.3970398929921005e-12
1.0670792945628531e+00 2.0536020080174570e-09 7.3968311143983075e-12
1.1337421602583462e+00 2.0492034834840133e-09 7.3966219886064045e-12
1.2045696064919316e+00 2.0448093596954202e-09 7.3964113816945993e-12
1.2798218040630041e+00 2.0404207246373852e-09 7.3962032546847315e-12
1.3597751772313684e+00 2.0360358633464738e-09 7.3959913970492443e-12
1.4447234191077838e+00 2.0316560030625617e-09 7.3957802350696908e-12
1.5349785704783045e+00 2.0272807995248198e-09 7.3955685313122929e-12
1.6308721660251797e+00 2.0229104120472608e-09 7.3953568689385375e-12
1.7327564521548218e+00 2.0185450649929959e-09 7.3951460459964856e-12
1.8410056809062021e+00 2.0141836977766168e-09 7.3949322090838700e-12
1.9560174846926928e+00 2.0098271625082577e-09 7.3947184665537385e-12
2.0782143369271160e+00 2.0054754191672043e-09 7.3945046562795181e-12
2.2080451038953530e+00 2.0011284488397713e-09 7.3942907248786734e-12
2.3459866935790630e+00 1.9967860064953866e-09 7.3940757710746866e-12
2.4925458074840354e+00 1.9924484970915734e-09 7.3938612649667823e-12
2.6482608019093079e+00 1.9881153215008834e-09 7.3936450090882387e-12
2.8137036654939132e+00 1.9837869982532565e-09 7.3934289267792713e-12
2.9894821203055444e+00 1.9794635041354382e-09 7.3932129193412532e-12
3.1762418541889081e+00 1.9751444504755346e-09 7.3929955368257403e-12
3.3746688925740433e+00 1.9708303925430272e-09 7.3927788457554419e-12
3.5854921184567856e+00 1.9665206233148575e-09 7.3925602210598498e-12
3.8094859498082334e+00 1.9622157527467671e-09 7.3923419315266217e-12
4.0474731842479930e+00 1.9579156528151339e-09 7.3921234880678415e-12
4.3003280214306105e+00 1.9536200122784760e-09 7.3919037435867283e-12
4.5689792742474360e+00 1.9493293980769057e-09 7.3916847886443367e-12
4.8544137806394136e+00 1.9450427798106721e-09 7.3914627929115203e-12
5.1576800285537256e+00 1.9407614705953678e-09 7.3912426614262350e-12
5.4798920073595339e+00 1.9364849319020780e-09 7.3910223716081357e-12
5.8222332998705841e+00 1.9322126611756902e-09 7.3908000403970369e-12
6.1859614300055643e+00 1.9279451291218131e-09 7.3905774428208045e-12
6.5724124820568655e+00 1.9236825893795615e-09 7.3903554913851820e-12
6.9830060085353534e+00 1.9194242181377842e-09 7.3901311238125535e-12
7.4192502446195290e+00 1.9151713301839948e-09 7.3899093100586867e-12
7.8827476483630434e+00 1.9109221369416505e-09 7.3896832411323277e-12
8.3752007870115293e+00 1.9066781976302067e-09 7.3894588385634276e-12
8.8984185910511808e+00 1.9024389399172341e-09 7.3892339446437651e-12
9.4543229989616862e+00 1.8982043470716483e-09 7.3890084862274486e-12
1.0044956017082246e+01 1.8939743903542076e-09 7.3887823536164479e-12
1.0672487220523141e+01 1.8897492058899782e-09 7.3885560714263301e-12
1.1339221722676596e+01 1.8855286097185055e-09 7.3883288791965801e-12
1.2047608642600739e+01 1.8813125648560835e-09 7.3881006839310493e-12
1.2800250101380611e+01 1.8771013819084719e-09 7.3878726989299785e-12
1.3599910780511889e+01 1.8728950989641020e-09 7.3876450373190117e-12
1.4449528077418949e+01 1.8686928624159998e-09 7.3874143700525609e-12
1.5352222895410751e+01 1.8644954787044760e-09 7.3871838633521372e-12
1.6311311107710196e+01 1.8603031950860538e-09 7.3869544780092704e-12
1.7330315737667128e+01 1.8561152567192639e-09 7.3867232359520208e-12
1.8412979899896868e+01 1.8519321042157902e-09 7.3864918817347444e-12
1.9563280549881394e+01 1.8477539254898315e-09 7.3862611388505746e-12
2.0785443092538788e+01 1.8435799500520350e-09 7.3860280062287825e-12
2.2083956903423775e+01 1.8394109982439597e-09 7.3857956970439758e-12
2.3463591819572251e+01 1.8352465801294082e-09 7.3855622552623942e-12
2.4929415660566981e+01 1.8310871251498347e-09 7.3853294195883672e-12
2.6486812844183319e+01 1.8269317532565120e-09 7.3850936408448697e-12
2.8141504164997354e+01 1.8227814306472485e-09 7.3848587941952082e-12
2.9899567808607745e+01 1.8186360469127359e-09 7.3846244662547310e-12
3.1767461678664560e+01 1.8144950001009303e-09 7.3843881769158234e-12
3.3752047118717698e+01 1.8103586209127708e-09 7.3841513076318657e-12
3.5860614116022973e+01 1.8062268482513676e-09 7.3839135661044313e-12
3.8100908079887922e+01 1.8021002143325387e-09 7.3836771494587535e-12
4.0481158292920504e+01 1.7979777258610114e-09 7.3834379995648403e-12
4.3010108139693209e+01 1.7938601505906029e-09 7.3831992348555685e-12
4.5697047223859002e+01 1.7897476538406834e-09 7.3829615493029016e-12
4.8551845491697932e+01 1.7856394731866998e-09 7.3827218021751915e-12
5.1584989487437554e+01 1.7815359012839352e-09 7.3824812074452917e-12
5.4807620873527149e+01 1.7774368196813129e-09 7.3822392494892013e-12
5.8231577357359221e+01 1.7733425332470087e-09 7.3819971945141501e-12
6.1869436174777874e+01 1.7692531842079443e-09 7.3817556278288310e-12
6.5734560290099466e+01 1.7651684769524119e-09 7.3815133477440628e-12
6.9841147482353421e+01 1.7610882379063769e-09 7.3812696105990843e-12
7.4204282498053203e+01 1.7570129539076571e-09 7.3810264291090343e-12
7.8839992462067286e+01 1.7529422757611514e-09 7.3807823701940190e-12
8.3765305750135298e+01 1.7488761958424764e-09 7.3805373889476776e-12
8.8998314539281353e+01 1.7448151074207707e-09 7.3802931170975026e-12
9.4558241265896413e+01 1.7407583479676400e-09 7.3800467831445399e-12
1.0046550923560510e+02 1.7367064086591510e-09 7.3798004654509139e-12
1.0674181764429403e+02 1.7326589124066342e-09 7.3795525311838236e-12
1.1341022128587107e+02 1.7286165686957924e-09 7.3793060213327728e-12
1.2049521523955246e+02 1.7245784007560476e-09 7.3790567786976060e-12
1.2802282484775358e+02 1.7205452896333581e-09 7.3788085415829462e-12
1.3602070131510615e+02 1.7165167195285733e-09 7.3785591037339820e-12
1.4451822327976080e+02 1.7124927590870638e-09 7.3783087650669955e-12
1.5354660473007905e+02 1.7084736792645711e-09 7.3780586813386053e-12
1.6313900966312937e+02 1.7044589953564907e-09 7.3778067739082470e-12
1.7333067390615471e+02 1.7004492290583398e-09 7.3775552709441150e-12
1.8415903454850911e+02 1.6964442417265028e-09 7.3773035902401159e-12
1.9566386745949558e+02 1.6924436176454043e-09 7.3770499488418465e-12
2.0788743339726128e+02 1.6884481000399715e-09 7.3767975071207964e-12
2.2087463324544098e+02 1.6844567514466392e-09 7.3765422378748591e-12
2.3467317294779235e+02 1.6804706142613098e-09 7.3762886720136828e-12
2.4933373874666552e+02 1.6764887969947175e-09 7.3760329003479430e-12
2.6491018336902442e+02 1.6725119630723201e-09 7.3757778390300812e-12
2.8145972384392695e+02 1.6685396300198179e-09 7.3755213437697718e-12
2.9904315167811126e+02 1.6645717995421519e-09 7.3752634553653752e-12
3.1772505616173476e+02 1.6606091716222742e-09 7.3750072406527150e-12
3.3757406162451963e+02 1.6566506897588115e-09 7.3747480244045151e-12
3.5866307951383891e+02 1.6526972724851905e-09 7.3744898814427199e-12
3.8106957622068199e+02 1.6487481046008097e-09 7.3742291737786118e-12
4.0487585763732733e+02 1.6448042906952526e-09 7.3739708542054404e-12
4.3016937149196701e+02 1.6408645175755621e-09 7.3737090087590090e-12
4.5704302857087453e+02 1.6369296619978151e-09 7.3734475817715348e-12
4.8559554400803631e+02 1.6329994051443875e-09 7.3731851395761733e-12
5.1593179989593546e+02 1.6290740462686558e-09 7.3729230382879644e-12
5.4816323054944451e+02 1.6251533286099596e-09 7.3726600975605946e-12
5.8240823183802752e+02 1.6212369863384847e-09 7.3723951203166084e-12
6.1879259608986570e+02 1.6173258853133418e-09 7.3721320386569506e-12
6.5744997416541264e+02 1.6134189429079326e-09 7.3718659016271828e-12
6.9852236639775413e+02 1.6095168606707592e-09 7.3715999460398185e-12
7.4216064420310488e+02 1.6056194955706655e-09 7.3713334804393727e-12
7.8852510427751940e+02 1.6017269186265608e-09 7.3710668384969580e-12
8.3778605741550643e+02 1.5978389532903198e-09 7.3707992126040761e-12
8.9012445411350257e+02 1.5939556106756087e-09 7.3705306529421931e-12
9.4573254925618949e+02 1.5900771590600853e-09 7.3702623700244859e-12
1.0048146083273023e+03 1.5862031492720688e-09 7.3699923096357800e-12
1.0675876577389988e+03 1.5823339876904309e-09 7.3697223652336110e-12
1.1342822820360398e+03 1.5784693485091317e-09 7.3694509941010722e-12
1.2051434709031007e+03 1.5746095876950735e-09 7.3691798461721161e-12
1.2804315190865543e+03 1.5707543230641876e-09 7.3689071540634104e-12
1.3604229825364321e+03 1.5669039796931997e-09 7.3686348949788811e-12
1.4454116942807086e+03 1.5630578617505013e-09 7.3683598214783628e-12
1.5357098437635987e+03 1.5592171150204516e-09 7.3680872848703775e-12
1.6316491236125239e+03 1.5553807759041906e-09 7.3678127771936986e-12
1.7335819480462637e+03 1.5515487698519694e-09 7.3675359088630484e-12
1.8418827473997762e+03 1.5477216919812905e-09 7.3672595136827733e-12
1.9569493435209786e+03 1.5438994285690677e-09 7.3669830490946633e-12
2.0792044110916277e+03 1.5400817670164451e-09 7.3667054944362968e-12
2.2090970302402920e+03 1.5362688767859187e-09 7.3664276538198849e-12
2.3471043361505390e+03 1.5324603968955157e-09 7.3661478165719501e-12
2.4937332717238892e+03 1.5286566793970001e-09 7.3658676557970209e-12
2.6495224497356512e+03 1.5248580212977714e-09 7.3655885671465129e-12
2.8150441313237834e+03 1.5210635754255888e-09 7.3653065292390052e-12
2.9909063280785308e+03 1.5172739445026423e-09 7.3650243775235945e-12
3.1777550354542836e+03 1.5134893542528030e-09 7.3647432657708598e-12
3.3762766057078384e+03 1.5097089710446682e-09 7.3644591161238841e-12
3.5872002690793984e+03 1.5059336583816118e-09 7.3641761111317439e-12
3.8113008124775806e+03 1.5021627721560426e-09 7.3638911450465467e-12
4.0494014255078441e+03 1.4983968168912030e-09 7.3636066616475452e-12
4.3023767242988815e+03 1.4946353317832577e-09 7.3633204077457677e-12
4.5711559642342299e+03 1.4908786722178005e-09 7.3630340793890578e-12
4.8567264533905736e+03 1.4871267663750163e-09 7.3627474047222647e-12
5.1601371792211776e+03 1.4833793362493593e-09 7.3624589566943585e-12
5.4825026618066704e+03 1.4796365027154156e-09 7.3621693057149742e-12
5.8250070478269481e+03 1.4758982955973505e-09 7.3618786528812120e-12
6.1889084602929197e+03 1.4721650255735697e-09 7.3615885150650934e-12
6.5755436200157255e+03 1.4684366057799494e-09 7.3612984339197115e-12
6.9863327557898756e+03 1.4647126450609914e-09 7.3610065000897511e-12
7.4227848213264278e+03 1.4609933771501584e-09 7.3607138233238254e-12
7.8865030380999760e+03 1.4572790136353483e-09 7.3604215156624326e-12
8.3791907844696907e+03 1.4535690394658502e-09 7.3601269555072683e-12
8.9026578527074325e+03 1.4498637591551653e-09 7.3598316786280674e-12
9.4588270969163095e+03 1.4461633180531092e-09 7.3595364125549909e-12
1.0049741496259929e+04 1.4424674997775888e-09 7.3592400866937967e-12
1.0677571659447660e+04 1.4387765263226632e-09 7.3589437825051804e-12
1.1344623798041879e+04 1.4350900458397082e-09 7.3586457310344945e-12
1.2053348197876267e+04 1.4314082650514866e-09 7.3583469995811509e-12
1.2806348219702395e+04 1.4277314579966859e-09 7.3580489328793735e-12
1.3606389862127415e+04 1.4240589127945778e-09 7.3577479366955930e-12
1.4456411921969840e+04 1.4203914532782120e-09 7.3574481942109035e-12
1.5359536789356380e+04 1.4167285667351150e-09 7.3571471176501686e-12
1.6319081917212423e+04 1.4130699022123524e-09 7.3568428398216532e-12
1.7338572007277893e+04 1.4094164123311621e-09 7.3565402884890990e-12
1.8421751957411205e+04 1.4057675879946071e-09 7.3562368633968685e-12
1.9572600617740311e+04 1.4021232568263489e-09 7.3559316143685892e-12
2.0795345406192482e+04 1.3984837321134857e-09 7.3556262071468143e-12
2.2094477837088638e+04 1.3948489529085396e-09 7.3553202834111779e-12
2.3474770019844731e+04 1.3912186603702395e-09 7.3550125386400419e-12
2.4941292188383835e+04 1.3875934672650354e-09 7.3547061274508902e-12
2.6499431325651432e+04 1.3839728060569585e-09 7.3543981093976215e-12
2.8154910951645423e+04 1.3803564543436740e-09 7.3540872845029456e-12
2.9913812147649918e+04 1.3767451180146009e-09 7.3537773892996323e-12
3.1782595893899936e+04 1.3731384305606929e-09 7.3534664521241079e-12
3.3768126802731924e+04 1.3695365245727163e-09 7.3531552118669041e-12
3.5877698334396860e+04 1.3659391196451723e-09 7.3528421457271646e-12
3.8119059588163022e+04 1.3623465648175567e-09 7.3525291324374825e-12
4.0500443767119847e+04 1.3587585509490908e-09 7.3522144838183677e-12
4.3030598421241804e+04 1.3551753492209597e-09 7.3518996790120081e-12
4.5718817579806848e+04 1.3515966489203119e-09 7.3515830496282471e-12
4.8574975891198294e+04 1.3480229004456028e-09 7.3512669723849035e-12
5.1609564895498625e+04 1.3444537872903383e-09 7.3509498119549698e-12
5.4833731563113412e+04 1.3408891481324388e-09 7.3506306099980203e-12
5.8259319240992620e+04 1.3373295466901820e-09 7.3503124851281039e-12
6.1898911156853173e+04 1.3337741653173233e-09 7.3499909363983723e-12
6.5765876641210431e+04 1.3302238525481057e-09 7.3496706094041950e-12
6.9874420237003287e+04 1.3266783561513798e-09 7.3493501606782204e-12
7.4239633877211760e+04 1.3231370475530493e-09 7.3490260601247755e-12
7.8877552322126008e+04 1.3196007425838807e-09 7.3487028618157145e-12
8.3805212059908867e+04 1.3160691139596714e-09 7.3483787063812237e-12
8.9040713886810205e+04 1.3125423513594658e-09 7.3480546686010518e-12
9.4603289396907508e+04 1.3090198112570059e-09 7.3477271666855454e-12
1.0051337162561525e+05 1.3055020367276157e-09 7.3473991986641230e-12
1.0679267010645078e+05 1.3019891151589054e-09 7.3470712650797643e-12
1.1346425061676925e+05 1.2984812417244158e-09 7.3467444740470956e-12
1.2055261990539284e+05 1.2949775136725879e-09 7.3464137322501922e-12
1.2808381571337191e+05 1.2914787391185253e-09 7.3460835994709665e-12
1.3608550241854286e+05 1.2879846404155422e-09 7.3457524920746514e-12
1.4458707265522095e+05 1.2844951305212901e-09 7.3454199069667186e-12
1.5361975528230611e+05 1.2810105170778974e-09 7.3450875809423924e-12
1.6321673009639821e+05 1.2775304238723135e-09 7.3447534137452050e-12
1.7341324971130755e+05 1.2740550949393259e-09 7.3444187529142611e-12
1.8424676905164833e+05 1.2705845308855555e-09 7.3440836328087886e-12
1.9575708293619531e+05 1.2671184020787876e-09 7.3437460976055204e-12
2.0798647225637993e+05 1.2636570552448791e-09 7.3434081981929370e-12
2.2097985928689715e+05 1.2602005596152440e-09 7.3430702835135237e-12
2.3478497269891048e+05 1.2567485517957045e-09 7.3427302935488700e-12
2.4945252288201137e+05 1.2533013347623413e-09 7.3423899596582826e-12
2.6503638821893354e+05 1.2498588493157613e-09 7.3420489082077941e-12
2.8159381299728178e+05 1.2464211014849038e-09 7.3417072167893243e-12
2.9918561768524529e+05 1.2429876999676092e-09 7.3413625639614246e-12
3.1787642234371748e+05 1.2395594410566955e-09 7.3410196269185553e-12
3.3773488399547845e+05 1.2361355884129711e-09 7.3406740475730622e-12
3.5883394882336160e+05 1.2327165126374921e-09 7.3403280311949319e-12
3.8125112012382690e+05 1.2293021449587101e-09 7.3399811516594320e-12
4.0506874300018756e+05 1.2258924005615292e-09 7.3396329405365275e-12
4.3037430684127752e+05 1.2224873436407872e-09 7.3392837067928192e-12
4.5726076669663843e+05 1.2190873634265618e-09 7.3389358376186995e-12
4.8582688472876063e+05 1.2156916645238406e-09 7.3385845327295587e-12
5.1617759299660393e+05 1.2123008210219419e-09 7.3382332425707744e-12
5.4842437890303880e+05 1.2089143992553725e-09 7.3378793448977620e-12
5.8268569472205173e+05 1.2055328296569048e-09 7.3375254344374130e-12
6.1908739271006687e+05 1.2021560589853283e-09 7.3371711882129697e-12
6.5776318739963684e+05 1.1987838621229037e-09 7.3368152409814638e-12
6.9885514677368186e+05 1.1954165728493529e-09 7.3364596250156064e-12
7.4251421412449831e+05 1.1920536127975796e-09 7.3361007691166176e-12
7.8890076251446933e+05 1.1886953768557510e-09 7.3357411125848060e-12
8.3818518387522548e+05 1.1853421226102829e-09 7.3353822142777245e-12
8.9054851490913599e+05 1.1819935398702578e-09 7.3350222025157273e-12
9.4618310209230601e+05 1.1786495679531978e-09 7.3346606627233022e-12
1.0052933082217991e+06 1.1753103011116456e-09 7.3342982073758420e-12
1.0680962631025063e+06 1.1719756522660726e-09 7.3339342468858298e-12
1.1348226611310891e+06 1.1686457121227938e-09 7.3335693550869049e-12
1.2057176087068222e+06 1.1653201691831612e-09 7.3332015871368427e-12
1.2810415245821155e+06 1.1620000101233742e-09 7.3328371112721389e-12
1.3610710964599503e+06 1.1586841520584618e-09 7.3324691444906727e-12
1.4461002973521831e+06 1.1553729038626863e-09 7.3320996079374806e-12
1.5364414654320057e+06 1.1520664161617700e-09 7.3317294443862939e-12
1.6324264513472717e+06 1.1487647723714117e-09 7.3313591966472366e-12
1.7344078372090545e+06 1.1454675368008217e-09 7.3309860663964640e-12
1.8427602317332532e+06 1.1421753073434483e-09 7.3306138670753531e-12
1.9578816462925661e+06 1.1388874289569415e-09 7.3302384103322960e-12
2.0801949569335997e+06 1.1356045824366989e-09 7.3298640802386564e-12
2.2101494577294523e+06 1.1323262071157823e-09 7.3294872235769627e-12
2.3482225111738485e+06 1.1290526387080946e-09 7.3291100127688709e-12
2.4949213016790515e+06 1.1257836925959317e-09 7.3287312787524846e-12
2.6507846986188171e+06 1.1225195904211218e-09 7.3283524002915660e-12
2.8163852357598720e+06 1.1192600256804168e-09 7.3279714424981625e-12
2.9923312143529099e+06 1.1160051885451550e-09 7.3275895821908079e-12
3.1792689376085741e+06 1.1127550276205539e-09 7.3272065204630107e-12
3.3778850847661076e+06 1.1095095833224632e-09 7.3268224875775097e-12
3.5889092334755403e+06 1.1062688048460177e-09 7.3264371590149992e-12
3.8131165397587214e+06 1.1030326922779194e-09 7.3260505236059480e-12
4.0513305853937590e+06 1.0998014592409209e-09 7.3256639901581469e-12
4.3044264031818714e+06 1.0965747501654081e-09 7.3252752123930188e-12
4.5733336912096264e+06 1.0933528714432388e-09 7.3248862047960466e-12
4.8590402279133266e+06 1.0901354474655839e-09 7.3244944578322584e-12
5.1625955004904056e+06 1.0869230338811594e-09 7.3241036754613034e-12
5.4851145599857327e+06 1.0837151115292375e-09 7.3237103677686214e-12
5.8277821172140064e+06 1.0805119816310512e-09 7.3233166266676603e-12
6.1918568945637196e+06 1.0773134442908945e-09 7.3229209697415359e-12
6.5786762496680757e+06 1.0741196010531495e-09 7.3225241856801338e-12
6.9896610879273666e+06 1.0709304383170953e-09 7.3221261257632621e-12
7.4263210819275323e+06 1.0677461466816587e-09 7.3217280705311166e-12
7.8902602169277919e+06 1.0645665001453136e-09 7.3213285493787129e-12
8.3831826827873029e+06 1.0613913646130428e-09 7.3209265543682217e-12
8.9068991339741610e+06 1.0582212289663991e-09 7.3205254639563479e-12
9.4633333406510558e+06 1.0550555959057433e-09 7.3201218462713779e-12
1.0054529255269513e+07 1.0518946348597007e-09 7.3197168868667985e-12
1.0682658520630309e+07 1.0487383662450438e-09 7.3193106894857701e-12
1.1350028446989279e+07 1.0455868036854612e-09 7.3189033819902463e-12
1.2059090487511428e+07 1.0424398846726341e-09 7.3184944909882990e-12
1.2812449243205493e+07 1.0392979559490101e-09 7.3180863944177837e-12
1.3612872030417470e+07 1.0361603277821895e-09 7.3176743396274754e-12
1.4463299046026854e+07 1.0330275238021297e-09 7.3172619508515612e-12
1.5366854167686323e+07 1.0298996589412999e-09 7.3168500399870622e-12
1.6326856428776361e+07 1.0267762041271572e-09 7.3164348987882165e-12
1.7346832210226670e+07 1.0236575387036309e-09 7.3160191267290357e-12
1.8430528193987958e+07 1.0205435602538661e-09 7.3156020435897118e-12
1.9581925125737201e+07 1.0174342362145379e-09 7.3151833959004964e-12
2.0805252437369645e+07 1.0143296745493136e-09 7.3147639699958300e-12
2.2105003782991420e+07 1.0112297749768759e-09 7.3143430292090300e-12
2.3485953545480911e+07 1.0081347599338003e-09 7.3139221607508850e-12
2.4953174374252003e+07 1.0050441647122699e-09 7.3134980351062867e-12
2.6512055818642169e+07 1.0019582278140178e-09 7.3130723276004238e-12
2.8168324125369634e+07 9.9887737915824103e-10 7.3126481457545865e-12
2.9928063272783257e+07 9.9580064886568703e-10 7.3122184931756691e-12
3.1797737319168992e+07 9.9272916975903357e-10 7.3117915567067743e-12
3.3784214147207074e+07 9.8966203946237216e-10 7.3113607779271835e-12
3.5894790691798046e+07 9.8659988521942071e-10 7.3109307006059205e-12
3.8137219743929178e+07 9.8354225881510289e-10 7.3104980799207320e-12
4.0519738429038294e+07 9.8048933040654449e-10 7.3100641517391973e-12
4.3051098464487270e+07 9.7744117414503113e-10 7.3096294092851842e-12
4.5740598307286926e+07 9.7439774670712547e-10 7.3091935859063076e-12
4.8598117310164131e+07 9.7135864853440783e-10 7.3087536675470983e-12
5.1634152011435986e+07 9.6832458727396777e-10 7.3083149122936520e-12
5.4859854691993698e+07 9.6529515688804036e-10 7.3078743111255608e-12
5.8287074341030970e+07 9.6227049237157163e-10 7.3074328573944790e-12
6.1928400180992246e+07 9.5925038348046687e-10 7.3069889519256607e-12
6.5797207911624633e+07 9.5623492694294328e-10 7.3065433150178033e-12
6.9907708842999145e+07 9.5322436909778436e-10 7.3060978166033450e-12
7.4275002097985998e+07 9.5021845078101791e-10 7.3056504750923833e-12
7.8915130075934365e+07 9.4721731073875250e-10 7.3052023725073370e-12
8.3845137381295413e+07 9.4422056069971796e-10 7.3047504785899895e-12
8.9083133433650285e+07 9.4122879226497153e-10 7.3042993678401794e-12
9.4648358989126861e+07 9.3824168068375132e-10 7.3038465149300533e-12
1.0056125681756404e+08 9.3525919980910252e-10 7.3033916787206962e-12
1.0684354679503524e+08 9.3228149745109616e-10 7.3029360683656812e-12
1.1351830568757463e+08 9.2930838250091802e-10 7.3024781525232619e-12
1.2061005191917108e+08 9.2634004751341592e-10 7.3020194225235764e-12
1.2814483563541584e+08 9.2337640952735521e-10 7.3015592351731609e-12
1.3615033439362606e+08 9.2041743727573564e-10 7.3010973048176810e-12
1.4465595483095035e+08 9.1746314262473257e-10 7.3006337436713162e-12
1.5369294068390840e+08 9.1451370856031671e-10 7.3001699886825080e-12
1.6329448755616221e+08 9.1156884597768148e-10 7.2997037471845085e-12
1.7349586485608467e+08 9.0862856397057932e-10 7.2992350974185223e-12
1.8433454535204789e+08 9.0569311342414527e-10 7.2987659854181259e-12
1.9585034282132435e+08 9.0276249833164801e-10 7.2982964460640199e-12
2.0808555829822364e+08 8.9983632913030794e-10 7.2978233661380971e-12
2.2108513545869032e+08 8.9691513837205252e-10 7.2973510312838811e-12
2.3489682571212205e+08 8.9399825154843338e-10 7.2968739785499030e-12
2.4957136360685351e+08 8.9108624372703314e-10 7.2963968211170850e-12
2.6516265319361326e+08 8.8817899929246902e-10 7.2959186731118249e-12
2.8172796603153867e+08 8.8527636403835995e-10 7.2954382098293727e-12
2.9932815156406629e+08 8.8237867083588946e-10 7.2949581884192477e-12
3.1802786063748753e+08 8.7948552157521599e-10 7.2944753291863780e-12
3.3789578298320878e+08 8.7659701734938980e-10 7.2939904439301692e-12
3.5900489953608024e+08 8.7371334022675364e-10 7.2935050377577888e-12
3.8143275051561022e+08 8.7083405138676667e-10 7.2930154382709995e-12
4.0526172025482851e+08 8.6795972122916223e-10 7.2925263906157290e-12
4.3057933982305515e+08 8.6509030476453133e-10 7.2920375435168765e-12
4.5747860855419225e+08 8.6222529769464937e-10 7.2915446600554528e-12
4.8605833566163528e+08 8.5936482856852624e-10 7.2910487900908943e-12
5.1642350319462585e+08 8.5650930977508721e-10 7.2905533854831461e-12
5.4868565166932285e+08 8.5365841524468995e-10 7.2900556985951190e-12
5.8296328979110885e+08 8.5081219350073756e-10 7.2895561427214541e-12
6.1938232977320123e+08 8.4797089825343667e-10 7.2890568495311548e-12
6.5807654985058320e+08 8.4513411283928563e-10 7.2885542734703279e-12
6.9918808568824053e+08 8.4230211892512171e-10 7.2880508041368004e-12
7.4286795248878765e+08 8.3947470583846125e-10 7.2875446280035317e-12
7.8927659971732688e+08 8.3665208162803461e-10 7.2870375341859584e-12
8.3858450048125875e+08 8.3383409193279087e-10 7.2865281534698811e-12
8.9097277772995722e+08 8.3102085706930405e-10 7.2860175501602322e-12
9.4663386957457840e+08 8.2821232769214967e-10 7.2855052722772452e-12
1.0057722361718866e+09 8.2540831264909065e-10 7.2849896186461222e-12
1.0686051107687546e+09 8.2260928241175138e-10 7.2844747532624370e-12
1.1353632976660817e+09 8.1981480058409215e-10 7.2839567929117756e-12
1.2062920200333521e+09 8.1702490669889484e-10 7.2834360730687143e-12
1.2816518206880651e+09 8.1423985850531707e-10 7.2829148764210443e-12
1.3617195191489503e+09 8.1145956964216896e-10 7.2823924179928014e-12
1.4467892284784203e+09 8.0868391607665571e-10 7.2818676086022714e-12
1.5371734356495039e+09 8.0591314094925674e-10 7.2813425768333408e-12
1.6332041494057570e+09 8.0314690962029055e-10 7.2808143720034482e-12
1.7352341198305509e+09 8.0038520165983384e-10 7.2802827307862501e-12
1.8436381341056938e+09 7.9762853349009807e-10 7.2797523557394513e-12
1.9588143932189646e+09 7.9487626356413156e-10 7.2792173809079447e-12
2.0811859746777332e+09 7.9212895622222773e-10 7.2786829579300193e-12
2.2112023866015739e+09 7.8938608288804415e-10 7.2781442323007465e-12
2.3493412189026556e+09 7.8664812429598771e-10 7.2776056109616832e-12
2.4961098976190329e+09 7.8391471097399217e-10 7.2770636962397236e-12
2.6520475488451748e+09 7.8118609802247365e-10 7.2765207810128569e-12
2.8177269791064034e+09 7.7846228181517821e-10 7.2759768924690380e-12
2.9937567794519234e+09 7.7574290636900601e-10 7.2754286818924993e-12
3.1807835609952140e+09 7.7302859741085338e-10 7.2748819214312998e-12
3.3794943301137562e+09 7.7031889765825287e-10 7.2743324229834390e-12
3.5906190120328836e+09 7.6761368256094885e-10 7.2737789633128410e-12
3.8149331320635700e+09 7.6491319735968465e-10 7.2732238096300053e-12
4.0532606643433752e+09 7.6221752322045338e-10 7.2726677308020458e-12
4.3064770585445576e+09 7.5952649515191395e-10 7.2721091609584852e-12
4.5755124556676044e+09 7.5684033618141025e-10 7.2715502271830760e-12
4.8613551047325745e+09 7.5415874261935590e-10 7.2709879566068906e-12
5.1650549929190922e+09 7.5148176719366383e-10 7.2704229520731801e-12
5.4877277024892435e+09 7.4880965971000015e-10 7.2698575249572310e-12
5.8305585086612854e+09 7.4614215841136404e-10 7.2692891531489558e-12
6.1948067334868441e+09 7.4347935373850358e-10 7.2687186837614468e-12
6.5818103717245684e+09 7.4082126353944593e-10 7.2681462795930607e-12
6.9929910057028751e+09 7.3816806021154140e-10 7.2675736456083790e-12
7.4298590272250595e+09 7.3551939079714830e-10 7.2669973018155505e-12
7.8940191856988411e+09 7.3287534022173836e-10 7.2664180799690425e-12
8.3871764828699656e+09 7.3023610391636628e-10 7.2658378574924122e-12
8.9111424358135166e+09 7.2760155797233886e-10 7.2652554043082303e-12
9.4678417311881924e+09 7.2497182887615593e-10 7.2646719966035317e-12
1.0059319295197144e+10 7.2234669026721835e-10 7.2640853780486014e-12
1.0687747805225092e+10 7.1972610353451076e-10 7.2634950733520760e-12
1.1355435670744869e+10 7.1711051380387599e-10 7.2629055846274215e-12
1.2064835512808889e+10 7.1449951368835043e-10 7.2623128289417975e-12
1.2818553173273926e+10 7.1189325359097851e-10 7.2617182642105680e-12
1.3619357286852592e+10 7.0929156678181785e-10 7.2611202301175861e-12
1.4470189451152367e+10 7.0669454861311576e-10 7.2605196071021045e-12
1.5374175032060564e+10 7.0410253003723820e-10 7.2599198124643023e-12
1.6334634644165695e+10 7.0151502753899619e-10 7.2593159029863485e-12
1.7355096348387154e+10 6.9893220362832711e-10 7.2587095282110432e-12
1.8439308611618103e+10 6.9635425447567307e-10 7.2581026807510430e-12
1.9591254075987377e+10 6.9378072420409837e-10 7.2574905795047504e-12
2.0815164188317741e+10 6.9121214708570342e-10 7.2568788369934991e-12
2.2115534743520027e+10 6.8864826426859245e-10 7.2562647651382259e-12
2.3497142399017876e+10 6.8608895375275821e-10 7.2556469527208470e-12
2.4965062220867012e+10 6.8353440311561452e-10 7.2550274509701502e-12
2.6524686326019451e+10 6.8098445953581392e-10 7.2544046260710895e-12
2.8181743689212776e+10 6.7843944647537102e-10 7.2537818572556790e-12
2.9942321187240753e+10 6.7589903597043553e-10 7.2531556627131578e-12
3.1812885957906704e+10 6.7336314038148481e-10 7.2525250660199516e-12
3.3800309155792637e+10 6.7083211088766958e-10 7.2518939072859453e-12
3.5911891192104019e+10 6.6830606456136720e-10 7.2512632671153934e-12
3.8155388551305702e+10 6.6578440148854533e-10 7.2506268264705041e-12
4.0539042283053024e+10 6.6326747374706048e-10 7.2499883065721298e-12
4.3071608274080132e+10 6.6075528769255829e-10 7.2493477280487041e-12
4.5762389411240288e+10 6.5824788960507315e-10 7.2487056623929888e-12
4.8621269753845108e+10 6.5574505311822287e-10 7.2480595357088921e-12
5.1658750840827469e+10 6.5324706346308451e-10 7.2474125213885601e-12
5.4885990266094170e+10 6.5075379918157202e-10 7.2467632663841909e-12
5.8314842663770653e+10 6.4826520115783334e-10 7.2461110442518895e-12
6.1957903253884811e+10 6.4578114270779365e-10 7.2454545448975685e-12
6.5828554108449844e+10 6.4330191365870647e-10 7.2447968249427579e-12
6.9941013307892792e+10 6.4082743510437251e-10 7.2441371242382662e-12
7.4310387168399384e+10 6.3835777883417970e-10 7.2434761455163296e-12
7.8952725732017075e+10 6.3589250861897118e-10 7.2428090081657220e-12
8.3885081723352356e+10 6.3343214763830373e-10 7.2421416348733185e-12
8.9125573189424850e+10 6.3097664223014754e-10 7.2414732869741944e-12
9.4693450052778717e+10 6.2852549976009499e-10 7.2407984793250862e-12
1.0060916482231447e+11 6.2607926254921533e-10 7.2401232952661422e-12
1.0689444772158884e+11 6.2363782358532166e-10 7.2394465009326318e-12
1.1357238651055008e+11 6.2120085216014282e-10 7.2387643388149104e-12
1.2066751129391591e+11 6.1876871696393604e-10 7.2380810059266784e-12
1.2820588462772807e+11 6.1634131125260044e-10 7.2373952057623198e-12
1.3621519725506319e+11 6.1391874241455991e-10 7.2367082481110438e-12
1.4472486982257373e+11 6.1150061578830380e-10 7.2360154806232412e-12
1.5376616095148868e+11 6.0908745744195985e-10 7.2353230304959936e-12
1.6337228206006094e+11 6.0667890358213230e-10 7.2346266657419990e-12
1.7357851935922781e+11 6.0427501884049911e-10 7.2339270003800935e-12
1.8442236346962067e+11 6.0187594384873222e-10 7.2332258306941892e-12
1.9594364713603949e+11 5.9948159387715138e-10 7.2325220828396535e-12
2.0818469154527057e+11 5.9709181796422434e-10 7.2318138958702797e-12
2.2119046178470291e+11 5.9470670369056638e-10 7.2311022871280142e-12
2.3500873201280096e+11 5.9232627158264207e-10 7.2303875260109113e-12
2.4969026094815204e+11 5.8995073016059397e-10 7.2296721315582807e-12
2.6528897832170786e+11 5.8757986696907457e-10 7.2289534336129298e-12
2.8186218297713086e+11 5.8521387048012961e-10 7.2282338623805596e-12
2.9947075334690875e+11 5.8285218018272637e-10 7.2275063803319857e-12
3.1817937107739606e+11 5.8049538207723912e-10 7.2267782243158807e-12
3.3805675862421210e+11 5.7814352440388228e-10 7.2260499491700905e-12
3.5917593169077576e+11 5.7579608017670783e-10 7.2253151155967051e-12
3.8161446743723560e+11 5.7345340914974902e-10 7.2245779979128609e-12
4.0545478944502722e+11 5.7111564297643408e-10 7.2238403727706027e-12
4.3078447048381348e+11 5.6878247662823125e-10 7.2230983672225785e-12
4.5769655419295258e+11 5.6645388644165626e-10 7.2223515981728040e-12
4.8628989685916785e+11 5.6413009210338297e-10 7.2216028543543812e-12
5.1666953054578931e+11 5.6181122171180199e-10 7.2208537972992897e-12
5.4894704890756897e+11 5.5949700440010440e-10 7.2201009342353686e-12
5.8324101710817395e+11 5.5718709623326746e-10 7.2193397607224479e-12
6.1967740734617688e+11 5.5488232881505228e-10 7.2185809862573743e-12
6.5839006158933936e+11 5.5258222735299203e-10 7.2178185543660010e-12
6.9952118321695740e+11 5.5028668359191742e-10 7.2170509065394378e-12
7.4322185937621875e+11 5.4799592610703372e-10 7.2162810636855084e-12
7.8965261597134937e+11 5.4570985964320471e-10 7.2155077873655296e-12
8.3898400732419641e+11 5.4342847903475602e-10 7.2147308394280687e-12
8.9139724267221411e+11 5.4115176209961406e-10 7.2139501365236284e-12
9.4708485180526758e+11 5.3888009938702043e-10 7.2131706679741913e-12
1.0062513922862118e+12 5.3661261242037402e-10 7.2123806826820889e-12
1.0691142008531786e+12 5.3435017879561107e-10 7.2115919928539785e-12
1.1359041917636636e+12 5.3209240230722842e-10 7.2107992536473813e-12
1.2068667050129810e+12 5.2983946943276143e-10 7.2100049474857149e-12
1.2822624075428494e+12 5.2759104769719158e-10 7.2092046845361249e-12
1.3623682507505356e+12 5.2534745189904359e-10 7.2084022703255163e-12
1.4474784878157129e+12 5.2310854076077360e-10 7.2075962181206607e-12
1.5379057545821477e+12 5.2087439174513871e-10 7.2067874034480833e-12
1.6339822179644075e+12 5.1864490948970384e-10 7.2059745916795733e-12
1.7360607960981990e+12 5.1642017356907827e-10 7.2051585845349816e-12
1.8445164547162549e+12 5.1420008730955425e-10 7.2043383346714816e-12
1.9597475845117681e+12 5.1198467310322488e-10 7.2035138679955849e-12
2.0821774645488413e+12 5.0977413505755999e-10 7.2026882555989231e-12
2.2122558170955142e+12 5.0756822235053190e-10 7.2018577441197440e-12
2.3504604595907539e+12 5.0536715698723507e-10 7.2010255885567575e-12
2.4972990598134819e+12 5.0317071427500846e-10 7.2001884937166066e-12
2.6533110007011807e+12 5.0097891347797908e-10 7.1993467734888995e-12
2.8190693616677642e+12 4.9879188793744627e-10 7.1985020371658627e-12
2.9951830236989678e+12 4.9660955817715781e-10 7.1976537061332343e-12
3.1822989059578042e+12 4.9443171954756294e-10 7.1967980272625133e-12
3.3811043421158423e+12 4.9225910239072292e-10 7.1959462336921303e-12
3.5923296051392925e+12 4.9009072360778713e-10 7.1950837583360635e-12
3.8167505898042129e+12 4.8792751554735997e-10 7.1942240740660133e-12
4.0551916627945581e+12 4.8576869569826260e-10 7.1933557052349723e-12
4.3085286908521611e+12 4.8361441517162867e-10 7.1924808774230703e-12
4.5776922581024473e+12 4.8146570035935483e-10 7.1916151836829440e-12
4.8636710843734561e+12 4.7932095265745549e-10 7.1907341619519137e-12
5.1675156570651846e+12 4.7718085686049679e-10 7.1898481810531577e-12
5.4903420899100059e+12 4.7504609209990323e-10 7.1889677402656506e-12
5.8333362227986230e+12 4.7291576517559298e-10 7.1880790067019321e-12
6.1977579777314512e+12 4.7078968958811332e-10 7.1871793511606678e-12
6.5849459868961680e+12 4.6866871239267042e-10 7.1862813520108926e-12
6.9963225098718369e+12 4.6655242149799279e-10 7.1853786723033123e-12
7.4333986580216396e+12 4.6444096326462559e-10 7.1844741444670809e-12
7.8977799452658623e+12 4.6233415977684251e-10 7.1835642925889058e-12
8.3911721856236904e+12 4.6023201052171277e-10 7.1826493895793014e-12
8.9153877591881152e+12 4.5813433525444564e-10 7.1817262086791669e-12
9.4723522695504648e+12 4.5604171526871758e-10 7.1808044035094151e-12
1.0064111617129340e+13 4.5395394338785214e-10 7.1798806294782971e-12
1.0692839514386488e+13 4.5187088244760851e-10 7.1789521971622477e-12
1.1360845470535346e+13 4.4979247033402597e-10 7.1780189460105127e-12
1.2070583275071988e+13 4.4771881165802771e-10 7.1770813212967785e-12
1.2824660011292449e+13 4.4564970804091666e-10 7.1761370217834226e-12
1.3625845632903994e+13 4.4358477866406792e-10 7.1751795734018110e-12
1.4477083138909502e+13 4.4152550491872274e-10 7.1742328394922086e-12
1.5381499384139875e+13 4.3947053912521686e-10 7.1732750789916027e-12
1.6342416565144953e+13 4.3742038740629361e-10 7.1723145812676295e-12
1.7363364423634104e+13 4.3537525027895419e-10 7.1713541868968687e-12
1.8448093212293438e+13 4.3333459913075427e-10 7.1703858851360436e-12
1.9600587470607234e+13 4.3129842773700495e-10 7.1694085223297380e-12
2.0825080661285383e+13 4.2926718022785322e-10 7.1684306806785440e-12
2.2126070721063273e+13 4.2723997951777658e-10 7.1674359479440419e-12
2.3508336582993875e+13 4.2521846828185500e-10 7.1664532005234929e-12
2.4976955730925680e+13 4.2320094065137412e-10 7.1654536665917499e-12
2.6537322850648570e+13 4.2118906161028798e-10 7.1644657415761094e-12
2.8195169646219133e+13 4.1918107749606204e-10 7.1634575179779871e-12
2.9956585894256770e+13 4.1717847524367379e-10 7.1624569151825164e-12
3.1828041813549477e+13 4.1518006478876019e-10 7.1614426049157729e-12
3.3816411832139980e+13 4.1318627688609613e-10 7.1604210006282591e-12
3.5928999839194266e+13 4.1119832643567625e-10 7.1594141363751919e-12
3.8173566014414445e+13 4.0921388156108637e-10 7.1583811423223675e-12
4.0558355333543211e+13 4.0723444643196121e-10 7.1573483827870357e-12
4.3092127854673148e+13 4.0525936849879410e-10 7.1563041766195971e-12
4.5784190896610359e+13 4.0328933078047926e-10 7.1552603397726033e-12
4.8644433227493461e+13 4.0132423903769290e-10 7.1542153183007453e-12
5.1683361389253203e+13 3.9936369465037234e-10 7.1531623940643942e-12
5.4912138291343562e+13 3.9740808803283624e-10 7.1521080740303606e-12
5.8342624215511281e+13 3.9545704554729259e-10 7.1510459622848127e-12
6.1987420382224047e+13 3.9351072870496667e-10 7.1499785905504872e-12
6.5859915238797117e+13 3.9156917115740005e-10 7.1489067791705823e-12
6.9974333639239508e+13 3.8963225196363343e-10 7.1478280233936588e-12
7.4345789096479172e+13 3.8770023787862682e-10 7.1467468348992438e-12
7.8990339298902875e+13 3.8577285894971991e-10 7.1456589886183242e-12
8.3925045095140234e+13 3.8385069975579321e-10 7.1445746198295953e-12
8.9168033163761219e+13 3.8193311826805242e-10 7.1434830046794785e-12
9.4738562598092578e+13 3.8001914063754898e-10 7.1423645808764693e-12
1.0065709565073508e+14 3.7811185920470504e-10 7.1412776823217463e-12
1.0694537289765912e+14 3.7620719910603585e-10 7.1401445773367740e-12
1.1362649309796411e+14 3.7430823938363664e-10 7.1390250932809792e-12
1.2072499804266228e+14 3.7241403198421084e-10 7.1379006388191657e-12
1.2826696270415784e+14 3.7052470816645333e-10 7.1367749804435812e-12
1.3628009101756870e+14 3.6863908291657516e-10 7.1356217298233128e-12
1.4479381764572478e+14 3.6676095755124044e-10 7.1345175251354783e-12
1.5383941610165669e+14 3.6488370194069292e-10 7.1333313654843899e-12
1.6345011362574322e+14 3.6301371758176286e-10 7.1321904362892996e-12
1.7366121323948819e+14 3.6114832246759950e-10 7.1310398392332594e-12
1.8451022342428703e+14 3.5928711475507397e-10 7.1298729736762847e-12
1.9603699590150725e+14 3.5743003028964950e-10 7.1286867200945162e-12
2.0828387202000956e+14 3.5557828712273910e-10 7.1275095735129505e-12
2.2129583828882869e+14 3.5373097170492911e-10 7.1263170862920128e-12
2.3512069162633369e+14 3.5188967414445021e-10 7.1251467161899888e-12
2.4980921493287834e+14 3.5005304037189088e-10 7.1239704832736356e-12
2.6541536363187378e+14 3.4821886013923022e-10 7.1227379818733127e-12
2.8199646386450725e+14 3.4638984352086749e-10 7.1215091950769845e-12
2.9961342306612388e+14 3.4456679078250459e-10 7.1202999051248595e-12
3.1833095369781531e+14 3.4274890327732391e-10 7.1190936779902424e-12
3.3821781095500650e+14 3.4093494919429755e-10 7.1178671773124612e-12
3.5934704532624769e+14 3.3912595858033694e-10 7.1166356608570826e-12
3.8179627092992644e+14 3.3732092610083126e-10 7.1153821630996695e-12
4.0564795061458238e+14 3.3552365624573611e-10 7.1141837328593128e-12
4.3098969887008569e+14 3.3372802129731550e-10 7.1129166525528309e-12
4.5791460366236506e+14 3.3193836538894131e-10 7.1116670519173227e-12
4.8652156837388525e+14 3.3015296169009439e-10 7.1104018529056104e-12
5.1691567510590244e+14 3.2837141946935303e-10 7.1091123852133258e-12
5.4920857067707612e+14 3.2659623004430286e-10 7.1078486162676924e-12
5.8351887673625075e+14 3.2482172248683898e-10 7.1064908112075319e-12
6.1997262549593338e+14 3.2305581941346868e-10 7.1052091946634052e-12
6.5870372268702712e+14 3.2129511220760826e-10 7.1039346266892109e-12
6.9985443943539712e+14 3.1953785150222250e-10 7.1026226165865466e-12
7.4357593486708312e+14 3.1778582312588161e-10 7.1013159807819355e-12
7.9002881136185075e+14 3.1603798076638798e-10 7.0999882490503826e-12
8.3938370449466175e+14 3.1429381141899429e-10 7.0986262259708203e-12
8.9182190983219125e+14 3.1255831985994159e-10 7.0973513876154432e-12
9.4753604888668088e+14 3.1082398616310930e-10 7.0959871010297238e-12
1.0067307766734736e+15 3.0909549041801951e-10 7.0946398128098228e-12
1.0696235334712676e+15 3.0737341174397573e-10 7.0933248984146937e-12
1.1364453435465392e+15 3.0565018690795735e-10 7.0918617703852986e-12
1.2074416637760938e+15 3.0393565950296582e-10 7.0904857411344414e-12
1.2828732852849930e+15 3.0222643911185019e-10 7.0891147889766941e-12
1.3630172914118628e+15 3.0052177822959860e-10 7.0877343562159770e-12
1.4481680755204112e+15 2.9881998666910313e-10 7.0863001984068145e-12
1.5386384223960542e+15 2.9712911190300815e-10 7.0850080879873702e-12
1.6347606571997322e+15 2.9543660059902700e-10 7.0835511067504952e-12
1.7368878661995340e+15 2.9374790404895361e-10 7.0820660447158443e-12
1.8453951937641875e+15 2.9206915852669821e-10 7.0806991641458703e-12
1.9606812203826755e+15 2.9039308729540904e-10 7.0792745499893947e-12
2.0831694267718652e+15 2.8871996044430041e-10 7.0777944786008372e-12
2.2133097494502660e+15 2.8705180068267946e-10 7.0763193265051249e-12
2.3515802334920290e+15 2.8539356002717554e-10 7.0749574333947985e-12
2.4984887885321455e+15 2.8373581570005005e-10 7.0734834698604876e-12
2.6545750544734650e+15 2.8208098965135964e-10 7.0719544903637733e-12
2.8204123837484805e+15 2.8043162706660719e-10 7.0704433485643863e-12
2.9966099474175930e+15 2.7879011667783999e-10 7.0689881792031990e-12
3.1838149728401075e+15 2.7714819229074014e-10 7.0674076280508520e-12
3.3827151211376040e+15 2.7551803560533266e-10 7.0659823295930475e-12
3.5940410131828525e+15 2.7388826078664910e-10 7.0644468689798733e-12
3.8185689133929810e+15 2.7226400768753727e-10 7.0629194093865124e-12
4.0571235811853305e+15 2.7064428829348699e-10 7.0613794466639313e-12
4.3105813005700680e+15 2.6902956555564010e-10 7.0598361785213048e-12
4.5798730990086520e+15 2.6741931409191781e-10 7.0582766715445610e-12
4.8659881673613650e+15 2.6581406222635933e-10 7.0567151136959144e-12
5.1699774934868960e+15 2.6421088007249044e-10 7.0550749162355615e-12
5.4929577228411060e+15 2.6261554041100217e-10 7.0535104464743767e-12
5.8361152602561560e+15 2.6103017837295068e-10 7.0520585151968775e-12
6.2007106279670960e+15 2.5944406147780648e-10 7.0504665615020074e-12
6.5880830958943110e+15 2.5785550613455417e-10 7.0486747149039553e-12
6.9996556011899630e+15 2.5628284709472946e-10 7.0471637764661366e-12
7.4369399751201960e+15 2.5470607823968196e-10 7.0454129077525839e-12
7.9015424964820030e+15 2.5313879254950750e-10 7.0437735756602901e-12
8.3951697919549210e+15 2.5157632296730155e-10 7.0421225555198551e-12
8.9196351050610290e+15 2.5002676125008167e-10 7.0407080953274319e-12
9.4768649567611120e+15 2.4846445248334665e-10 7.0387749153931820e-12
1.0068906222153390e+16 2.4691501996521298e-10 7.0370507977026257e-12
1.0697933649269668e+16 2.4537209399503281e-10 7.0353815694523108e-12
1.1366257847587858e+16 2.4384311175613262e-10 7.0339792741467538e-12
1.2076333775604530e+16 2.4230161787894659e-10 7.0320581236045022e-12
1.2830769758646324e+16 2.4077639463120182e-10 7.0304430932955681e-12
1.3632337070043586e+16 2.3924469032010954e-10 7.0285164642229469e-12
1.4483980110862122e+16 2.3773476522113794e-10 7.0270640947800053e-12
1.5388827225585818e+16 2.3621952500611518e-10 7.0253087221598222e-12
1.6350202193479498e+16 2.3470428797213841e-10 7.0234013977273335e-12
1.7371636437843312e+16 2.3319576179212714e-10 7.0215408705709669e-12
1.8456881998006948e+16 2.3169476751875626e-10 7.0197515439576039e-12
1.9609925311713940e+16 2.3019858359628297e-10 7.0179457915989166e-12
2.0835001858521996e+16 2.2870527944931911e-10 7.0160819429269357e-12
2.2136611718011392e+16 2.2721971177272272e-10 7.0142938421001430e-12
2.3519536099948360e+16 2.2573747814039826e-10 7.0124492169920165e-12
2.4988854907126104e+16 2.2426064184498587e-10 7.0106231423896803e-12
2.6549965395396184e+16 2.2278714715855933e-10 7.0087292784283875e-12
2.8208601999434452e+16 2.2131769331990217e-10 7.0067963514360541e-12
2.9970857397067560e+16 2.1985415566714957e-10 7.0048912708785665e-12
3.1843204889535752e+16 2.1839536444349560e-10 7.0029698001588650e-12
3.3832522179901796e+16 2.1694296414365553e-10 7.0010597550485170e-12
3.5946116636949652e+16 2.1549400414185768e-10 6.9991282739038525e-12
3.8191752137379048e+16 2.1405170528175255e-10 6.9972979741803070e-12
4.0577677584890104e+16 2.1261254642758107e-10 6.9953523289805650e-12
4.3112657210921280e+16 2.1117473920736726e-10 6.9932720519712111e-12
4.5806002768342912e+16 2.0974450962084535e-10 6.9912780956687557e-12
4.8667607736363936e+16 2.0832261420750545e-10 6.9893347650180008e-12
5.1707983662296648e+16 2.0689966006931093e-10 6.9872979115751341e-12
5.4938298773674600e+16 2.0549010551400120e-10 6.9854329052137599e-12
5.8370419002554760e+16 2.0407729831153629e-10 6.9833419351403166e-12
6.2016951572705544e+16 2.0267227638652067e-10 6.9813330909380646e-12
6.5891291309780864e+16 2.0127239000177029e-10 6.9793247751384236e-12
7.0007669844598176e+16 1.9987241022551687e-10 6.9771255018884126e-12
7.4381207890256480e+16 1.9848271380490211e-10 6.9751122238086594e-12
7.9027970785124608e+16 1.9709659826556684e-10 6.9730437019229240e-12
8.3965027505725968e+16 1.9571209251291284e-10 6.9709031587766544e-12
8.9210513366292352e+16 1.9433596929743491e-10 6.9688199660432723e-12
9.4783696635301664e+16 1.9296181228489758e-10 6.9666249820666578e-12
1.0070504931369842e+17 1.9159492114915664e-10 6.9645011202265660e-12
1.0699632233479784e+17 1.9022747152775580e-10 6.9621005194288234e-12
1.1368062546209106e+17 1.8887021281500734e-10 6.9599532027947491e-12
1.2078251217845133e+17 1.8751772159293416e-10 6.9577914470697030e-12
1.2832806987856101e+17 1.8616999703313704e-10 6.9556150674143351e-12
1.3634501569586406e+17 1.8482702848719864e-10 6.9534235064380385e-12
1.4486279831604582e+17 1.8348976963600844e-10 6.9512556450464397e-12
1.5391270615103197e+17 1.8215973539901055e-10 6.9491999031102640e-12
1.6352798227086413e+17 1.8083086872913613e-10 6.9469690897646255e-12
1.7374394651562390e+17 1.7950484032496049e-10 6.9446341814029487e-12
1.8459812523597930e+17 1.7818388967836409e-10 6.9422945420953955e-12
1.9613038913890429e+17 1.7686832930795297e-10 6.9399628433026622e-12
2.0838309974494019e+17 1.7555633329885499e-10 6.9375190929956850e-12
2.2140126499497283e+17 1.7425402300248273e-10 6.9353501722548824e-12
2.3523270457811882e+17 1.7295566036476110e-10 6.9330688684923252e-12
2.4992822558801978e+17 1.7163511509972838e-10 6.9297058731338212e-12
2.6554180915278426e+17 1.7033963409824622e-10 6.9271403634099889e-12
2.8213080872412781e+17 1.6905140046923519e-10 6.9246446142459845e-12
2.9975616075407443e+17 1.6776739095501193e-10 6.9221079595518818e-12
3.1848260853313254e+17 1.6648790056870540e-10 6.9195415426153272e-12
3.3837894001212742e+17 1.6524579215329277e-10 6.9183040146935295e-12
3.5951824048131392e+17 1.6397340959897407e-10 6.9155265600905797e-12
3.8197816103492570e+17 1.6271764245804928e-10 6.9133296831201225e-12
4.0584120380731341e+17 1.6145993694678443e-10 6.9108163693117897e-12
4.3119502502843219e+17 1.6020027045166097e-10 6.9079681107586804e-12
4.5813275701189728e+17 1.5895331674258005e-10 6.9054757456527024e-12
4.8675335025834528e+17 1.5770039819527642e-10 6.9025474456726115e-12
5.1716193693080653e+17 1.5642199873067696e-10 6.8981178130071244e-12
5.4947021703717184e+17 1.5518829670408824e-10 6.8954887712677120e-12
5.8379686873837286e+17 1.5401162912942145e-10 6.8951719035917239e-12
6.2026798428944243e+17 1.5277772859301498e-10 6.8921280049767835e-12
6.5901753321480179e+17 1.5152362464216014e-10 6.8878359013983855e-12
7.0018785441916070e+17 1.5032118904718027e-10 6.8858011919562084e-12
7.4393017904170138e+17 1.4911008914301083e-10 6.8830209374197813e-12
7.9040518597415642e+17 1.4790378042128747e-10 6.8802183171934860e-12
8.3978359208333133e+17 1.4665304808530575e-10 6.8750594034070075e-12
8.9224677930623014e+17 1.4545835171824666e-10 6.8723423903933986e-12
9.4798746092117453e+17 1.4425846959010237e-10 6.8688536953177856e-12
1.0072103894424227e+18 1.4314570588239816e-10 6.8695755741855778e-12
1.0701331087385664e+18 1.4196367333740538e-10 6.8666739075191288e-12
1.1369867531374715e+18 1.4072722883279879e-10 6.8607943801449697e-12
1.2080168964531174e+18 1.3955972696494867e-10 6.8580541538605357e-12
1.2834844540530716e+18 1.3843760846325527e-10 6.8575602169123626e-12
1.3636666412801759e+18 1.3721163969919259e-10 6.8515344693910124e-12
1.4488579917489574e+18 1.3605663123576004e-10 6.8485740411122352e-12
1.5393714392574392e+18 1.3489959136525106e-10 6.8453364706826952e-12
1.6355394672883233e+18 1.3376554423857484e-10 6.8427839717696565e-12
1.7377153303221811e+18 1.3267983850209204e-10 6.8427620205246110e-12
1.8462743514488379e+18 1.3153594236301738e-10 6.8393119623386907e-12
1.9616153010434867e+18 1.3040970351686622e-10 6.8367065248036523e-12
2.0841618615718277e+18 1.2927004964221251e-10 6.8329303495757135e-12
2.2143641839049106e+18 1.2808225979653675e-10 6.8265070048021676e-12
2.3527005408605174e+18 1.2702520663154225e-10 6.8264041113156902e-12
2.4996790840449295e+18 1.2590676456272500e-10 6.8230301525653213e-12
2.6558397104487854e+18 1.2480128806698438e-10 6.8200947875742950e-12
2.8217560456532224e+18 1.2362495078130123e-10 6.8129512016148305e-12
2.9980375509315041e+18 1.2259341991550394e-10 6.8133337757355871e-12
3.1853317619860506e+18 1.2142998674105792e-10 6.8061944121627545e-12
3.3843266675444552e+18 1.2035524799315915e-10 6.8035280339254875e-12
3.5957532365517906e+18 1.1924157869299624e-10 6.7987433565243306e-12
3.8203881032423844e+18 1.1817574964506038e-10 6.7959834051789890e-12
4.0590564199539738e+18 1.1712845712025936e-10 6.7939729579224080e-12
4.3126348881639409e+18 1.1605841837025901e-10 6.7905209176052785e-12
4.5820549788809539e+18 1.1501289980255616e-10 6.7882633044283242e-12
4.8683063542219407e+18 1.1394307361358258e-10 6.7841915424960034e-12
5.1724405027427062e+18 1.1287509731859250e-10 6.7799318861600624e-12
5.4955746018759127e+18 1.1182357447307788e-10 6.7763350784433507e-12
5.8388956216643236e+18 1.1071916151892079e-10 6.7702768259340148e-12
6.2036646848635761e+18 1.0974597939120975e-10 6.7698056622302706e-12
6.5912216994305300e+18 1.0862451659002636e-10 6.7618513757955138e-12
7.0029902804134083e+18 1.0758272554779993e-10 6.7574529927679310e-12
7.4404829793241211e+18 1.0654743659927528e-10 6.7531242452190688e-12
7.9053068402008166e+18 1.0551796021291285e-10 6.7483743800246904e-12
8.3991693027705354e+18 1.0450098992847240e-10 6.7445183510249623e-12
8.9238844743957873e+18 1.0348950786143542e-10 6.7406688676938771e-12
9.4813797938438595e+18 1.0244954772384233e-10 6.7349915981152349e-12
1.0073703111356928e+19 1.0143777328963599e-10 6.7303692809819235e-12
1.0703030211030215e+19 1.0056896564959358e-10 6.7344283783205238e-12
1.1371672803130276e+19 9.9577418932454883e-11 6.7306665225685293e-12
1.2082087015711095e+19 9.8510482950920924e-11 6.7227032082955773e-12
1.2836882416721631e+19 9.7606713148513747e-11 6.7229044762055634e-12
1.3638831599743986e+19 9.6621799120803883e-11 6.7183762533130427e-12
1.4490880368574843e+19 9.5691969461759709e-11 6.7178561555110597e-12
1.5396158558060753e+19 9.4669123260022790e-11 6.7095355472792385e-12
1.6357991530935540e+19 9.3581047857364554e-11 6.6973386006698081e-12
1.7379912392891255e+19 9.2603532842543326e-11 6.6915106090987205e-12
1.8465674970752332e+19 9.1639436598786937e-11 6.6863801754160025e-12
1.9619267601425904e+19 9.0700536113407141e-11 6.6827401261162382e-12
2.0844927782278337e+19 9.0025838995262317e-11 6.6992182610607550e-12
2.2147157736755655e+19 8.8804062073550133e-11 6.6738960659817852e-12
2.3530740952421994e+19 8.7848320310896155e-11 6.6678374840061262e-12
2.5000759752167666e+19 8.6922777083862714e-11 6.6636089946554749e-12
2.6562613963130311e+19 8.6009526831093739e-11 6.6586863308015908e-12
2.8222040751905927e+19 8.5381248590022377e-11 6.6780130720204202e-12
2.9985135698910560e+19 8.4460336994859466e-11 6.6730387496834306e-12
3.1858375189305479e+19 8.3544634381208424e-11 6.6680415513072523e-12
3.3848640202732933e+19 8.2635868126932394e-11 6.6631539268957665e-12
3.5963241589253366e+19 8.1625364439212645e-11 6.6491607459249775e-12
3.8209946924325118e+19 8.0860058608983395e-11 6.6568293020552542e-12
4.0597009041477059e+19 7.9894725456205994e-11 6.6454927457119831e-12
4.3133196347481702e+19 7.8995207440689458e-11 6.6393816464341206e-12
4.5827825031386071e+19 7.8109405416923949e-11 6.6327390754899730e-12
4.8690793285713773e+19 7.6986631633599771e-11 6.6065044370326857e-12
5.1732617665543266e+19 7.6124079864154152e-11 6.6057489637011171e-12
5.4964471719020782e+19 7.5100754322597092e-11 6.5848101566265344e-12
5.8398227031206707e+19 7.4253453231844055e-11 6.5805530674332684e-12
6.2046496832028844e+19 7.3843371670214562e-11 6.6164093460932903e-12
6.5922682328518894e+19 7.2846137802759332e-11 6.5968712746505746e-12
7.0041021931531272e+19 7.2038838441377221e-11 6.5967730320045954e-12
7.4416643557766218e+19 7.1188947016426639e-11 6.5885349729573745e-12
7.9065620199219118e+19 7.0339681172894697e-11 6.5825235656945850e-12
8.4005028964179411e+19 6.9469648971224950e-11 6.5730951519016619e-12
8.9253013806654718e+19 6.8896497818638308e-11 6.5934609483014575e-12
9.4828852174645264e+19 6.7992396573376258e-11 6.5806317934111028e-12
1.0075302582208340e+20 6.7043977299728155e-11 6.5601440004675326e-12
1.0704729604456355e+20 6.6225883566952793e-11 6.5553531678677044e-12
1.1373478361521108e+20 6.5518913378819766e-11 6.5610802616352100e-12
1.2084005371433040e+20 6.4610216493357264e-11 6.5425324584151755e-12
1.2838920616480005e+20 6.3789224806284335e-11 6.5377005884929110e-12
1.3640997130467775e+20 6.3123994902879790e-11 6.5445647110824156e-12
1.4493181184918487e+20 6.2214591899139683e-11 6.5265801231891432e-12
1.5398603111624009e+20 6.1365930888030972e-11 6.5132701300646317e-12
1.6360588801308921e+20 6.0606312393963729e-11 6.5092426430390249e-12
1.7382671920640410e+20 5.9860554691616370e-11 6.5059896315305776e-12
1.8468606892463830e+20 5.9088578906509902e-11 6.4959578207178383e-12
1.9622382686941731e+20 5.8535371747543433e-11 6.5160101694575833e-12
2.0848237474257273e+20 5.7665239215679723e-11 6.4983322277016368e-12
2.2150674192705185e+20 5.6885825285424361e-11 6.4894642544235019e-12
2.3534477089356700e+20 5.6342978026230585e-11 6.5055671829709560e-12
2.5004729294057344e+20 5.5513647877172710e-11 6.4901764527664927e-12
2.6566831491312520e+20 5.4532438544457759e-11 6.4557955190480315e-12
2.8226521758647049e+20 5.3731307268598983e-11 6.4385531931462481e-12
2.9989896644314241e+20 5.3093332600478982e-11 6.4463905065656498e-12
3.1863433561775138e+20 5.2344448944451455e-11 6.4362502586188418e-12
3.3854014583212776e+20 5.1601485576217400e-11 6.4247719767790020e-12
3.5968951719481095e+20 5.1041526876453365e-11 6.4390995235954946e-12
3.8216013779349602e+20 5.0092457533939329e-11 6.3995014602945907e-12
4.0603454906706081e+20 4.9794944505840139e-11 6.4445665876236618e-12
4.3140044900543057e+20 4.9020445435283687e-11 6.4295430444533665e-12
4.5835101429103080e+20 4.8253747753368359e-11 6.4142233673592087e-12
4.8698524256512862e+20 4.7382536920392570e-11 6.3796517625172201e-12
5.1740831607636715e+20 4.6695193121217007e-11 6.3708105993513352e-12
5.4973198804721192e+20 4.6163688029268825e-11 6.3867375512037656e-12
5.8407499317760439e+20 4.5512049304652707e-11 6.3822455122254778e-12
6.2056348379370763e+20 4.4945247340066920e-11 6.3906518924773270e-12
6.5933149324385295e+20 4.4225775443917154e-11 6.3732309895476130e-12
7.0052142824388493e+20 4.3526444115109290e-11 6.3606793503895059e-12
7.4428459198043547e+20 4.3008688862671721e-11 6.3689791486551587e-12
7.9078173989365560e+20 4.2265650547918941e-11 6.3506740209317940e-12
8.4018367018092161e+20 4.1590989730075765e-11 6.3370506600026496e-12
8.9267185119071450e+20 4.0959623853635796e-11 6.3304120381176267e-12
9.4843908801115364e+20 4.0307892760954011e-11 6.3203937124984931e-12
1.0076902307018614e+21 3.9768761008845712e-11 6.3243459288747663e-12
1.0706429267706743e+21 3.8858392903513923e-11 6.2693893985115711e-12
1.1375284206592815e+21 3.8437910644411806e-11 6.2940408379162344e-12
1.2085924031745465e+21 3.7766241668380990e-11 6.2768207868127046e-12
1.2840959139857315e+21 3.7004340043650521e-11 6.2359917132790145e-12
1.3643163005027824e+21 3.6497088252414412e-11 6.2564123738963057e-12
1.4495482366578624e+21 3.5888808478192190e-11 6.2445362463710155e-12
1.5401048053325908e+21 3.4062021673756910e-11 5.9983234291030551e-12
1.6363186484068577e+21 3.4838253675468197e-11 6.2361480360436951e-12
1.7385431886538544e+21 3.2476777680613502e-11 5.9018736990427068e-12
1.8471539279696471e+21 3.3698065068817496e-11 6.2099476329549031e-12
1.9625498267061023e+21 3.1735888030399343e-11 5.9345943580936781e-12
2.0851547691738674e+21 3.0942595325116946e-11 5.8914707710889481e-12
2.2154191206986697e+21 3.1833496748016381e-11 6.1640544104225976e-12
2.3538213819503650e+21 2.9790478196600946e-11 5.8428217093925402e-12
2.5008699466218582e+21 2.9257088510419180e-11 5.8452214873691205e-12
2.6571049689140350e+21 2.8243694561452082e-11 5.7332214688769079e-12
2.8231003476868071e+21 2.8222184719707473e-11 5.8191830745239414e-12
2.9994658345645590e+21 2.7009217403009729e-11 5.6686095905223093e-12
3.1868492737397245e+21 2.6540079359437486e-11 5.6600974944342065e-12
3.3859389817019826e+21 2.6073981326696577e-11 5.6516215908201978e-12
3.5974662756345315e+21 2.5656430181323912e-11 5.6523173130195922e-12
3.8222081597650533e+21 2.5314633651877311e-11 5.6732146297754462e-12
4.0609901795389614e+21 2.4336716072626268e-11 5.5979431851372782e-12
4.3146894540996451e+21 2.3714282880186790e-11 5.5463304883222019e-12
4.5842378982143227e+21 2.3109212404646751e-11 5.4947804308968748e-12
4.8706256454810746e+21 2.2770498104655992e-11 5.5282633584367164e-12
5.1749046853913595e+21 2.2295159508383838e-11 5.5071884366426136e-12
5.4981927276080781e+21 2.1757598205039796e-11 5.4697829472483367e-12
5.8416773076538632e+21 2.1226852926630685e-11 5.4310740248137322e-12
6.2066201490910326e+21 2.0836394105028287e-11 5.4011614544081129e-12
6.5943617982168878e+21 2.0310253534947447e-11 5.3690515195603505e-12
7.0063265482986624e+21 1.9853439543120657e-11 5.3503064822197298e-12
7.4440276714371636e+21 1.9360476277050787e-11 5.3063513696300940e-12
7.9090729772762603e+21 1.8948639865125148e-11 5.2993936963065483e-12
8.4031707189778401e+21 1.8632379173569371e-11 5.3538497585860723e-12
8.9281358681563799e+21 1.7675725540660133e-11 5.1618531601445641e-12
