#  MPBH fPBH
1.1929583500885830e+21 0.0000000000000000e+00
1.0732694802381782e+21 0.0000000000000000e+00
9.6558893034714497e+20 0.0000000000000000e+00
8.6871191213043220e+20 0.0000000000000000e+00
7.8155451306385578e+20 0.0000000000000000e+00
7.0314156898399748e+20 0.0000000000000000e+00
6.3259575342364217e+20 0.0000000000000000e+00
5.6912776160832127e+20 0.0000000000000000e+00
5.1202747928720566e+20 0.0000000000000000e+00
4.6065603759044703e+20 0.0000000000000000e+00
4.1443866501841047e+20 0.0000000000000000e+00
3.7285825658698393e+20 0.0000000000000000e+00
3.3544958817708140e+20 0.0000000000000000e+00
3.0179411135534884e+20 0.0000000000000000e+00
2.7151527042771157e+20 0.0000000000000000e+00
2.4427428933042002e+20 0.0000000000000000e+00
2.1976638122005073e+20 0.0000000000000000e+00
1.9771733835330870e+20 0.0000000000000000e+00
1.7788046410235072e+20 0.0000000000000000e+00
1.6003381277936452e+20 0.0000000000000000e+00
1.4397770638806337e+20 0.0000000000000000e+00
1.2953250051816767e+20 0.0000000000000000e+00
1.1653657438649264e+20 0.0000000000000000e+00
1.0484452253613159e+20 0.0000000000000000e+00
9.4325527961490260e+19 0.0000000000000000e+00
8.4861898456809587e+19 0.0000000000000000e+00
7.6347749812055015e+19 0.0000000000000000e+00
6.8687821123054469e+19 0.0000000000000000e+00
6.1796408960932758e+19 0.0000000000000000e+00
5.5596408475753832e+19 0.0000000000000000e+00
5.0018450705719108e+19 0.0000000000000000e+00
4.5000126439669785e+19 0.0000000000000000e+00
4.0485287949047325e+19 0.0000000000000000e+00
3.6423420776710701e+19 0.0000000000000000e+00
3.2769078553843884e+19 0.0000000000000000e+00
2.9481374521379160e+19 0.0000000000000000e+00
2.6523524066802627e+19 0.0000000000000000e+00
2.3862433157996052e+19 0.0000000000000000e+00
2.1468328069290078e+19 0.0000000000000000e+00
1.9314422256903377e+19 0.0000000000000000e+00
1.7376616656589992e+19 0.0000000000000000e+00
1.5633230050262508e+19 0.0000000000000000e+00
1.4064756484786926e+19 0.0000000000000000e+00
1.2653647028819530e+19 0.0000000000000000e+00
1.1384113425862748e+19 0.0000000000000000e+00
1.0241951446704673e+19 0.0000000000000000e+00
9.2143819648130591e+18 0.0000000000000000e+00
8.2899079765497354e+18 0.0000000000000000e+00
7.4581859664699924e+18 0.0000000000000000e+00
6.7099101784723169e+18 0.0000000000000000e+00
6.0367084979614730e+18 0.0000000000000000e+00
5.4310487800981535e+18 0.0000000000000000e+00
4.8861545760849971e+18 0.0000000000000000e+00
4.3959293145890207e+18 0.0000000000000000e+00
3.9548880900011259e+18 0.0000000000000000e+00
3.5580962943429524e+18 0.0000000000000000e+00
3.2011144062014275e+18 0.0000000000000000e+00
2.8799483189598679e+18 0.0000000000000000e+00
2.5910046525709420e+18 0.0000000000000000e+00
2.3310505488754278e+18 0.0000000000000000e+00
2.0971775006350203e+18 0.0000000000000000e+00
1.8867688095788206e+18 0.0000000000000000e+00
1.6974703093665428e+18 0.0000000000000000e+00
1.5271640259010627e+18 0.0000000000000000e+00
1.3739444802876559e+18 0.0000000000000000e+00
1.2360973693045944e+18 0.0000000000000000e+00
1.1120803848506616e+18 0.0000000000000000e+00
1.0005059577671886e+18 0.0000000000000000e+00
9.0012573296314598e+17 0.0000000000000000e+00
8.0981660214258918e+17 0.0000000000000000e+00
7.2856813786104550e+17 0.0000000000000000e+00
6.5547128831627558e+17 0.0000000000000000e+00
5.8970820638459008e+17 0.0000000000000000e+00
5.3054309910449126e+17 0.0000000000000000e+00
4.7731399522669651e+17 0.0000000000000000e+00
4.2942533872144429e+17 0.0000000000000000e+00
3.8634132537522867e+17 0.0000000000000000e+00
3.4757990792319866e+17 0.0000000000000000e+00
3.1270740264340717e+17 0.0000000000000000e+00
2.8133363706855235e+17 0.0000000000000000e+00
2.5310758452519363e+17 0.0000000000000000e+00
2.2771343665730141e+17 0.0000000000000000e+00
2.0486706999140710e+17 0.0000000000000000e+00
1.8431286700937133e+17 0.0000000000000000e+00
1.6582085616121261e+17 0.0000000000000000e+00
1.4918413881891149e+17 0.0000000000000000e+00
1.3421657438255419e+17 0.0000000000000000e+00
1.2075069763853558e+17 0.0000000000000000e+00
1.0863584506809077e+17 0.0000000000000000e+00
9.7736469142285888e+16 0.0000000000000000e+00
8.7930621742885440e+16 0.0000000000000000e+00
7.9108589740789248e+16 0.0000000000000000e+00
7.1171667466150496e+16 0.0000000000000000e+00
6.4031052335907400e+16 0.0000000000000000e+00
5.7606851282410624e+16 0.0000000000000000e+00
5.1827186866532184e+16 0.0000000000000000e+00
4.6627393073965688e+16 0.0000000000000000e+00
4.1949291796851424e+16 0.0000000000000000e+00
3.7740541905610736e+16 0.0000000000000000e+00
3.3954053628053540e+16 0.0000000000000000e+00
3.0547461683515004e+16 0.0000000000000000e+00
2.7482651277160952e+16 0.0000000000000000e+00
2.4725331651029908e+16 0.0000000000000000e+00
2.2244652420469620e+16 0.0000000000000000e+00
2.0012858403332828e+16 0.0000000000000000e+00
1.8004979079974080e+16 0.0000000000000000e+00
1.6198549209558018e+16 0.0000000000000000e+00
1.4573357476783614e+16 0.0000000000000000e+00
1.3111220356746980e+16 0.0000000000000000e+00
1.1795778667821176e+16 0.0000000000000000e+00
1.0612314536276104e+16 0.0000000000000000e+00
9.5475867247396900e+15 0.0000000000000000e+00
8.5896824820660360e+15 0.0000000000000000e+00
7.7278842570266110e+15 0.0000000000000000e+00
6.9525497845451810e+15 0.0000000000000000e+00
6.2550042028162820e+15 0.0000000000000000e+00
5.6274429942552140e+15 0.0000000000000000e+00
5.0628446643303090e+15 0.0000000000000000e+00
4.5548921812810470e+15 0.0000000000000000e+00
4.0979022977469810e+15 0.0000000000000000e+00
3.6867619635196525e+15 0.0000000000000000e+00
3.3168711179688750e+15 0.0000000000000000e+00
2.9840912220742165e+15 0.0000000000000000e+00
2.6846989542099995e+15 0.0000000000000000e+00
2.4153445516073460e+15 0.0000000000000000e+00
2.1730143313949225e+15 0.0000000000000000e+00
1.9549969718835212e+15 0.0000000000000000e+00
1.7588531768312240e+15 0.0000000000000000e+00
1.5823883832765358e+15 0.0000000000000000e+00
1.4236282075799460e+15 0.0000000000000000e+00
1.2807963549509345e+15 0.0000000000000000e+00
1.1522947453002610e+15 0.0000000000000000e+00
1.0366856330548024e+15 0.0000000000000000e+00
9.3267552088176062e+14 0.0000000000000000e+00
8.3910068734026588e+14 0.0000000000000000e+00
7.5491416653591712e+14 0.0000000000000000e+00
6.7917403409957950e+14 0.0000000000000000e+00
6.1103286842763362e+14 0.0000000000000000e+00
5.4972826927031681e+14 0.0000000000000000e+00
4.9457432758501231e+14 0.0000000000000000e+00
4.4495395121455612e+14 0.0000000000000000e+00
4.0031196052612362e+14 0.0000000000000000e+00
3.6014887676094969e+14 0.0000000000000000e+00
3.2401533359558269e+14 0.0000000000000000e+00
2.9150704938819406e+14 0.0000000000000000e+00
2.6226030385671069e+14 0.0000000000000000e+00
2.3594786857939981e+14 0.0000000000000000e+00
2.1227534578614122e+14 0.0000000000000000e+00
1.9097787447680303e+14 0.0000000000000000e+00
1.7181716701298947e+14 0.0000000000000000e+00
1.5457884302694597e+14 0.0000000000000000e+00
1.3907003081794936e+14 0.0000000000000000e+00
1.2511720939930972e+14 0.0000000000000000e+00
1.1256426705163445e+14 0.0000000000000000e+00
1.0127075466040233e+14 0.0000000000000000e+00
9.1110314295236938e+13 0.0000000000000000e+00
8.1969265448978094e+13 0.0000000000000000e+00
7.3745333118626844e+13 0.0000000000000000e+00
6.6346503497245125e+13 0.0000000000000000e+00
5.9689994473672328e+13 0.0000000000000000e+00
5.3701329421451305e+13 0.0000000000000000e+00
4.8313503914013836e+13 0.0000000000000000e+00
4.3466236042883195e+13 0.0000000000000000e+00
3.9105291951048547e+13 0.0000000000000000e+00
3.5181879035213250e+13 0.0000000000000000e+00
3.1652100027735207e+13 0.0000000000000000e+00
2.8476461850232793e+13 0.0000000000000000e+00
2.5619433743644309e+13 0.0000000000000000e+00
2.3049049730860945e+13 0.0000000000000000e+00
2.0736550964070285e+13 0.0000000000000000e+00
1.8656063955198105e+13 0.0000000000000000e+00
1.6784311089317475e+13 0.0000000000000000e+00
1.5100350182091459e+13 0.0000000000000000e+00
1.3585340167277717e+13 0.0000000000000000e+00
1.2222330292679807e+13 0.0000000000000000e+00
1.0996070465955252e+13 0.0000000000000000e+00
9.8928406283269551e+12 0.0000000000000000e+00
8.9002972471379141e+12 0.0000000000000000e+00
8.0073352097260469e+12 0.0000000000000000e+00
7.2039635734117529e+12 0.0000000000000000e+00
6.4811937814226973e+12 0.0000000000000000e+00
5.8309390940546494e+12 0.0000000000000000e+00
5.2459241098499453e+12 0.0000000000000000e+00
4.7196033644674199e+12 0.0000000000000000e+00
4.2460880964839849e+12 0.0000000000000000e+00
3.8200803607439351e+12 0.0000000000000000e+00
3.4368137520805078e+12 0.0000000000000000e+00
3.0920000761945898e+12 0.0000000000000000e+00
2.7817813710154736e+12 0.0000000000000000e+00
2.5026867417327090e+12 0.0000000000000000e+00
2.2515935265459961e+12 0.0000000000000000e+00
2.0256923586345044e+12 0.0000000000000000e+00
1.8224557334400361e+12 0.0000000000000000e+00
1.6396097295777629e+12 0.0000000000000000e+00
1.4751085669727837e+12 0.0000000000000000e+00
1.3271117175651641e+12 0.0000000000000000e+00
1.1939633124856331e+12 0.0000000000000000e+00
1.0741736152982671e+12 0.0000000000000000e+00
9.6640235402277820e+11 0.0000000000000000e+00
8.6944372544604053e+11 0.0000000000000000e+00
7.8221290394298047e+11 0.0000000000000000e+00
7.0373390386021436e+11 0.0000000000000000e+00
6.3312865966020703e+11 0.0000000000000000e+00
5.6960720164869739e+11 0.0000000000000000e+00
5.1245881736610992e+11 0.0000000000000000e+00
4.6104409975181085e+11 0.0000000000000000e+00
4.1478779311177277e+11 0.0000000000000000e+00
3.7317235684645380e+11 0.0000000000000000e+00
3.3573217492639990e+11 0.0000000000000000e+00
3.0204834632804700e+11 0.0000000000000000e+00
2.7174399814229248e+11 0.0000000000000000e+00
2.4448006891637589e+11 0.0000000000000000e+00
2.1995151505078857e+11 0.0000000000000000e+00
1.9788389780634879e+11 0.0000000000000000e+00
1.7803031273502072e+11 0.0000000000000000e+00
1.6016862717928745e+11 0.0000000000000000e+00
1.4409899493172726e+11 0.0000000000000000e+00
1.2964162024745856e+11 0.0000000000000000e+00
1.1663474619201360e+11 0.0000000000000000e+00
1.0493284481718829e+11 0.0000000000000000e+00
9.4404988915576523e+10 0.0000000000000000e+00
8.4933387136095871e+10 0.0000000000000000e+00
7.6412066070585617e+10 0.0000000000000000e+00
6.8745684565947403e+10 0.0000000000000000e+00
6.1848466995711479e+10 0.0000000000000000e+00
5.5643243555893059e+10 0.0000000000000000e+00
5.0060586847449631e+10 0.0000000000000000e+00
4.5038035084955688e+10 0.0000000000000000e+00
4.0519393240333916e+10 0.0000000000000000e+00
3.6454104302459793e+10 0.0000000000000000e+00
3.2796683617952072e+10 0.0000000000000000e+00
2.9506209984247696e+10 0.0000000000000000e+00
2.6545867801034763e+10 0.0000000000000000e+00
2.3882535157386169e+10 0.0000000000000000e+00
2.1486413245889549e+10 0.0000000000000000e+00
1.9330692957458424e+10 0.0000000000000000e+00
1.7391254926506569e+10 0.0000000000000000e+00
1.5646399670428864e+10 0.0000000000000000e+00
1.4076604804042860e+10 0.0000000000000000e+00
1.2664306612574936e+10 0.0000000000000000e+00
1.1393703539311321e+10 0.0000000000000000e+00
1.0250579389227234e+10 0.0000000000000000e+00
9.2221442705012913e+09 0.0000000000000000e+00
8.2968914942818022e+09 0.0000000000000000e+00
7.4644688316228037e+09 0.0000000000000000e+00
6.7155626871424360e+09 0.0000000000000000e+00
6.0417938934758844e+09 0.0000000000000000e+00
5.4356239606148491e+09 0.0000000000000000e+00
4.8902707312003765e+09 0.0000000000000000e+00
4.3996324980747843e+09 0.0000000000000000e+00
3.9582197350788403e+09 0.0000000000000000e+00
3.5610936772613363e+09 0.0000000000000000e+00
3.2038110633032036e+09 0.0000000000000000e+00
2.8823744219045248e+09 0.0000000000000000e+00
2.5931873459115953e+09 0.0000000000000000e+00
2.3330142537667761e+09 0.0000000000000000e+00
2.0989441880704374e+09 0.0000000000000000e+00
1.8883582462137322e+09 0.0000000000000000e+00
1.6989002786784606e+09 0.0000000000000000e+00
1.5284505271607623e+09 0.0000000000000000e+00
1.3751019075676785e+09 0.0000000000000000e+00
1.2371386725279224e+09 0.0000000000000000e+00
1.1130172146814673e+09 0.0000000000000000e+00
1.0013487959647717e+09 0.0000000000000000e+00
9.0088400965753210e+08 0.0000000000000000e+00
8.1049880134392738e+08 0.0000000000000000e+00
7.2918189238330936e+08 0.0000000000000000e+00
6.5602346517731571e+08 0.0000000000000000e+00
5.9020498363804924e+08 0.0000000000000000e+00
5.3099003496321160e+08 0.0000000000000000e+00
4.7771609025101411e+08 0.0000000000000000e+00
4.2978709176816511e+08 0.0000000000000000e+00
3.8666678393327373e+08 0.0000000000000000e+00
3.4787271339910460e+08 0.0000000000000000e+00
3.1297083110334736e+08 0.0000000000000000e+00
2.8157063589274341e+08 0.0000000000000000e+00
2.5332080538478002e+08 0.0000000000000000e+00
2.2790526518268722e+08 0.0000000000000000e+00
2.0503965246398076e+08 0.0000000000000000e+00
1.8446813437526354e+08 0.0000000000000000e+00
1.6596054563576695e+08 0.0000000000000000e+00
1.4930981332358986e+08 0.0000000000000000e+00
1.3432964003174916e+08 0.0000000000000000e+00
1.2085241947193845e+08 0.0000000000000000e+00
1.0872736120464081e+08 0.0000000000000000e+00
9.7818803514060989e+07 0.0000000000000000e+00
8.8004695551408857e+07 0.0000000000000000e+00
7.9175231763930514e+07 0.0000000000000000e+00
7.1231623330941185e+07 0.0000000000000000e+00
6.4084992861019924e+07 0.0000000000000000e+00
5.7655379983640626e+07 0.0000000000000000e+00
5.1870846709260046e+07 0.0000000000000000e+00
4.6666672548147112e+07 0.0000000000000000e+00
4.1984630382507481e+07 0.0000000000000000e+00
3.7772334989968307e+07 0.0000000000000000e+00
3.3982656929351605e+07 0.0000000000000000e+00
3.0573195230972867e+07 0.0000000000000000e+00
2.7505802991638437e+07 0.0000000000000000e+00
2.4746160566441767e+07 0.0000000000000000e+00
2.2263391581997231e+07 0.0000000000000000e+00
2.0029717474859796e+07 0.0000000000000000e+00
1.8020146689919267e+07 0.0000000000000000e+00
1.6212195061352530e+07 0.0000000000000000e+00
1.4585634247604502e+07 0.0000000000000000e+00
1.3122265405752271e+07 0.0000000000000000e+00
1.1805715572998324e+07 0.0000000000000000e+00
1.0621254477099570e+07 0.0000000000000000e+00
9.5556297261070479e+06 0.0000000000000000e+00
8.5969185334306564e+06 0.0000000000000000e+00
7.7343943192484044e+06 0.0000000000000000e+00
6.9584066957245069e+06 0.0000000000000000e+00
6.2602734932460524e+06 0.0000000000000000e+00
5.6321836196092861e+06 0.0000000000000000e+00
5.0671096652914844e+06 0.0000000000000000e+00
4.5587292769889366e+06 0.0000000000000000e+00
4.1013544197055763e+06 0.0000000000000000e+00
3.6898677359382263e+06 0.0000000000000000e+00
3.3196652899105637e+06 0.0000000000000000e+00
2.9866050562473275e+06 0.0000000000000000e+00
2.6869605767521281e+06 0.0000000000000000e+00
2.4173792667758218e+06 0.0000000000000000e+00
2.1748449046845436e+06 0.0000000000000000e+00
1.9566438847392329e+06 0.0000000000000000e+00
1.7603348558056126e+06 0.0000000000000000e+00
1.5837214061960734e+06 0.0000000000000000e+00
1.4248274890266885e+06 0.0000000000000000e+00
1.2818753131349394e+06 0.0000000000000000e+00
1.1532654521897840e+06 0.0000000000000000e+00
1.0375589494440164e+06 0.0000000000000000e+00
9.3346121790719789e+05 0.0000000000000000e+00
8.3980755580558430e+05 0.0000000000000000e+00
7.5555011526816979e+05 0.0000000000000000e+00
6.7974617843745369e+05 0.0000000000000000e+00
6.1154760983171058e+05 0.0000000000000000e+00
5.5019136694608233e+05 0.0000000000000000e+00
4.9499096291996003e+05 0.0000000000000000e+00
4.4532878575035959e+05 0.0000000000000000e+00
4.0064918811448768e+05 0.0000000000000000e+00
3.6045227048668917e+05 0.0000000000000000e+00
3.2428828799194348e+05 0.0000000000000000e+00
2.9175261841672647e+05 0.0000000000000000e+00
2.6248123507664469e+05 0.0000000000000000e+00
2.3614663388882525e+05 0.0000000000000000e+00
2.1245416907894152e+05 0.0000000000000000e+00
1.9113875652478397e+05 0.0000000000000000e+00
1.7196190785159738e+05 0.0000000000000000e+00
1.5470906209503871e+05 0.0000000000000000e+00
1.3918718507695477e+05 0.0000000000000000e+00
1.2522260963449885e+05 0.0000000000000000e+00
1.1265909253789722e+05 0.0000000000000000e+00
1.0135606635661243e+05 0.0000000000000000e+00
9.1187066714835935e+04 0.0000000000000000e+00
8.2038317339586312e+04 0.0000000000000000e+00
7.3807457070176912e+04 0.0000000000000000e+00
6.6402394586138456e+04 0.0000000000000000e+00
5.9740278039667501e+04 0.0000000000000000e+00
5.3746568064306208e+04 0.0000000000000000e+00
4.8354203788154206e+04 0.0000000000000000e+00
4.3502852520534208e+04 0.0000000000000000e+00
3.9138234717184147e+04 0.0000000000000000e+00
3.5211516671334830e+04 0.0000000000000000e+00
3.1678764135759757e+04 0.0000000000000000e+00
2.8500450762635763e+04 0.0000000000000000e+00
2.5641015861363805e+04 0.0000000000000000e+00
2.3068466526313732e+04 0.0000000000000000e+00
2.0754019682874929e+04 0.0000000000000000e+00
1.8671780046837503e+04 0.0000000000000000e+00
1.6798450393932650e+04 0.0000000000000000e+00
1.5113070897876887e+04 0.0000000000000000e+00
1.3596784620487846e+04 0.0000000000000000e+00
1.2232626530052710e+04 0.0000000000000000e+00
1.1005333687368451e+04 0.0000000000000000e+00
9.9011744757162960e+03 0.0000000000000000e+00
8.9077949640994793e+03 0.0000000000000000e+00
8.0140806847761614e+03 0.0000000000000000e+00
7.2100322785768776e+03 0.0000000000000000e+00
6.4866536166615706e+03 0.0000000000000000e+00
5.8358511469595560e+03 0.0000000000000000e+00
5.2503433391279696e+03 0.0000000000000000e+00
4.7235792148480359e+03 0.0000000000000000e+00
4.2496650519336135e+03 0.0000000000000000e+00
3.8232984421764945e+03 0.0000000000000000e+00
3.4397089651332103e+03 0.0000000000000000e+00
3.0946048140783614e+03 0.0000000000000000e+00
2.7841247769478587e+03 0.0000000000000000e+00
2.5047950350078791e+03 0.0000000000000000e+00
2.2534902958904181e+03 0.0000000000000000e+00
2.0273988261304380e+03 0.0000000000000000e+00
1.8239909919696067e+03 0.0000000000000000e+00
1.6409909564445256e+03 0.0000000000000000e+00
1.4763512160906375e+03 0.0000000000000000e+00
1.3282296923651600e+03 0.0000000000000000e+00
1.1949691214750383e+03 0.0000000000000000e+00
1.0750785120125599e+03 0.0000000000000000e+00
9.6721646293625508e+02 0.0000000000000000e+00
8.7017615524995097e+02 0.0000000000000000e+00
7.8287184945846479e+02 0.0000000000000000e+00
7.0432673772642590e+02 0.0000000000000000e+00
6.3366201482336589e+02 0.0000000000000000e+00
5.7008704557510623e+02 0.0000000000000000e+00
5.1289051880937598e+02 0.0000000000000000e+00
4.6143248882138755e+02 0.0000000000000000e+00
4.1513721531482093e+02 0.0000000000000000e+00
3.7348672170774432e+02 0.0000000000000000e+00
3.3601499973017934e+02 0.0000000000000000e+00
3.0230279547132875e+02 0.0000000000000000e+00
2.7197291853983660e+02 0.0000000000000000e+00
2.4468602185351818e+02 0.0000000000000000e+00
2.2013680484048047e+02 0.0000000000000000e+00
1.9805059757106596e+02 0.0000000000000000e+00
1.7818028760197200e+02 0.0000000000000000e+00
1.6030355514847460e+02 0.0000000000000000e+00
1.4422038565031156e+02 0.0000000000000000e+00
1.2975083190051555e+02 0.0000000000000000e+00
1.1673300069863838e+02 0.0000000000000000e+00
1.0502124150199207e+02 0.0000000000000000e+00
9.4484516808521462e+01 0.0000000000000000e+00
8.5004936038301523e+01 0.0000000000000000e+00
7.6476436509902726e+01 0.0000000000000000e+00
6.8803596753697391e+01 0.0000000000000000e+00
6.1900568884802198e+01 0.0000000000000000e+00
5.5690118090464551e+01 0.0000000000000000e+00
5.0102758485170646e+01 0.0000000000000000e+00
4.5075975664938248e+01 0.0000000000000000e+00
4.0553527262326391e+01 0.0000000000000000e+00
3.6484813676378323e+01 0.0000000000000000e+00
3.2824311936896919e+01 0.0000000000000000e+00
2.9531066368807497e+01 0.0000000000000000e+00
2.6568230357896251e+01 0.0000000000000000e+00
2.3902654090941237e+01 0.0000000000000000e+00
2.1504513657658414e+01 0.0000000000000000e+00
1.9346977364646424e+01 0.0000000000000000e+00
1.7405905527877053e+01 0.0000000000000000e+00
1.5659580384840922e+01 0.0000000000000000e+00
1.4088463104464848e+01 0.0000000000000000e+00
1.2674975176091346e+01 0.0000000000000000e+00
1.1403301731586261e+01 0.0000000000000000e+00
1.0259214600031815e+01 0.0000000000000000e+00
9.2299131152487508e+00 0.0000000000000000e+00
8.3038808950127638e+00 0.0000000000000000e+00
7.4707569895364276e+00 0.0000000000000000e+00
6.7212199575534894e+00 0.0000000000000000e+00
6.0468835729883486e+00 0.0000000000000000e+00
5.4402029953183604e+00 0.0000000000000000e+00
4.8943903538140958e+00 0.0000000000000000e+00
4.4033388011666359e+00 0.0000000000000000e+00
3.9615541867742592e+00 0.0000000000000000e+00
3.5640935852109608e+00 0.0000000000000000e+00
3.2065099921012070e+00 0.0000000000000000e+00
2.8848025686273595e+00 0.0000000000000000e+00
2.5953718779792521e+00 0.0000000000000000e+00
2.3349796129066442e+00 0.0000000000000000e+00
2.1007123637845022e+00 0.0000000000000000e+00
1.8899490218091013e+00 0.0000000000000000e+00
1.7003314526136466e+00 0.0000000000000000e+00
1.5297381121845322e+00 0.0000000000000000e+00
1.3762603098782999e+00 0.0000000000000000e+00
1.2381808529575582e+00 0.0000000000000000e+00
1.1139548337089389e+00 0.0000000000000000e+00
1.0021923441793479e+00 0.0000000000000000e+00
9.0164292513328403e-01 0.0000000000000000e+00
8.1118157523804379e-01 0.0000000000000000e+00
7.2979616393973090e-01 0.0000000000000000e+00
6.5657610719875781e-01 0.0000000000000000e+00
5.9070217938261482e-01 0.0000000000000000e+00
5.3143734732605263e-01 0.0000000000000000e+00
4.7811852400499411e-01 0.0000000000000000e+00
4.3014914955998540e-01 0.0000000000000000e+00
3.8699251666150541e-01 0.0000000000000000e+00
3.4816576553784861e-01 0.0000000000000000e+00
3.1323448147857419e-01 0.0000000000000000e+00
2.8180783436758089e-01 0.0000000000000000e+00
2.5353420586416969e-01 0.0000000000000000e+00
2.2809725530671904e-01 0.0000000000000000e+00
2.0521238032209435e-01 0.0000000000000000e+00
1.8462353254024336e-01 0.0000000000000000e+00
1.6610035278640609e-01 0.0000000000000000e+00
1.4943559369797563e-01 0.0000000000000000e+00
1.3444280092880015e-01 0.0000000000000000e+00
1.2095422699703164e-01 0.0000000000000000e+00
1.0881895443548040e-01 0.0000000000000000e+00
9.7901207245296717e-02 0.0000000000000000e+00
8.8078831760595749e-02 0.0000000000000000e+00
7.9241929927109947e-02 0.0000000000000000e+00
7.1291629703270520e-02 0.0000000000000000e+00
6.4138978826276602e-02 0.0000000000000000e+00
5.7703949566029783e-02 0.0000000000000000e+00
5.1914543331562119e-02 0.0000000000000000e+00
4.6705985111828038e-02 0.0000000000000000e+00
4.2019998737811197e-02 0.0000000000000000e+00
3.7804154857200942e-02 0.0000000000000000e+00
3.4011284326413142e-02 0.0000000000000000e+00
3.0598950456679333e-02 0.0000000000000000e+00
2.7528974209397390e-02 0.0000000000000000e+00
2.4767007028381468e-02 0.0000000000000000e+00
2.2282146529618865e-02 0.0000000000000000e+00
2.0046590748670559e-02 0.0000000000000000e+00
1.8035327077240718e-02 0.0000000000000000e+00
1.6225852408576075e-02 0.0000000000000000e+00
1.4597921360524140e-02 0.0000000000000000e+00
1.3133319759239056e-02 0.0000000000000000e+00
1.1815660849143291e-02 0.0000000000000000e+00
1.0630201949036199e-02 0.0000000000000000e+00
9.5636795029949949e-03 0.0000000000000000e+00
8.6041606805315682e-03 0.0000000000000000e+00
7.7409098656245085e-03 0.0000000000000000e+00
6.9642685408359177e-03 0.0000000000000000e+00
6.2655472225891292e-03 0.0000000000000000e+00
5.6369282385229031e-03 0.0000000000000000e+00
5.0713782591405012e-03 0.0000000000000000e+00
4.5625696051121807e-03 0.0000000000000000e+00
4.1048094497730175e-03 0.0000000000000000e+00
3.6929761246966681e-03 0.0000000000000000e+00
3.3224618156961639e-03 0.0000000000000000e+00
2.9891210081044450e-03 0.0000000000000000e+00
2.6892241045121746e-03 0.0000000000000000e+00
2.4194156960127165e-03 0.0000000000000000e+00
2.1766770200710305e-03 0.0000000000000000e+00
1.9582921849740521e-03 0.0000000000000000e+00
1.7618177829641158e-03 0.0000000000000000e+00
1.5850555520700782e-03 0.0000000000000000e+00
1.4260277807624860e-03 0.0000000000000000e+00
1.2829551802462360e-03 0.0000000000000000e+00
1.1542369768144177e-03 0.0000000000000000e+00
1.0384330015254125e-03 0.0000000000000000e+00
9.3424757681322037e-04 0.0000000000000000e+00
8.4051501974536074e-04 0.0000000000000000e+00
7.5618659973125137e-04 0.0000000000000000e+00
6.8031880475656799e-04 0.0000000000000000e+00
6.1206278486011312e-04 0.0000000000000000e+00
5.5065485474087522e-04 0.0000000000000000e+00
4.9540794923350550e-04 0.0000000000000000e+00
4.4570393605126475e-04 0.0000000000000000e+00
4.0098669978740883e-04 0.0000000000000000e+00
3.6075591979493351e-04 0.0000000000000000e+00
3.2456147232835515e-04 0.0000000000000000e+00
2.9199839431554687e-04 0.0000000000000000e+00
2.6270235241168308e-04 0.0000000000000000e+00
2.3634556664052560e-04 0.0000000000000000e+00
2.1263314301462420e-04 0.0000000000000000e+00
1.9129977410172711e-04 0.0000000000000000e+00
1.7210677062162036e-04 0.0000000000000000e+00
1.5483939086123250e-04 0.0000000000000000e+00
1.3930443802811040e-04 0.0000000000000000e+00
1.2532809866010747e-04 0.0000000000000000e+00
1.1275399790628493e-04 0.0000000000000000e+00
1.0144144992041811e-04 0.0000000000000000e+00
9.1263883791592112e-05 0.0000000000000000e+00
8.2107427400333541e-05 0.0000000000000000e+00
7.3869633355687551e-05 0.0000000000000000e+00
6.6458332758353905e-05 0.0000000000000000e+00
5.9790603965140692e-05 0.0000000000000000e+00
5.3791844816735239e-05 0.0000000000000000e+00
4.8394937948355856e-05 0.0000000000000000e+00
4.3539499844344230e-05 0.0000000000000000e+00
3.9171205234700337e-05 0.0000000000000000e+00
3.5241179274555775e-05 0.0000000000000000e+00
3.1705450705948131e-05 0.0000000000000000e+00
2.8524459883585623e-05 0.0000000000000000e+00
2.5662616160117678e-05 0.0000000000000000e+00
2.3087899678707382e-05 0.0000000000000000e+00
2.0771503117537484e-05 0.0000000000000000e+00
1.8687509377900630e-05 0.0000000000000000e+00
1.6812601609667344e-05 0.0000000000000000e+00
1.5125802329745561e-05 0.0000000000000000e+00
1.3608238714642401e-05 0.0000000000000000e+00
1.2242931441099225e-05 0.0000000000000000e+00
1.1014604712230275e-05 0.0000000000000000e+00
9.9095153436384545e-06 0.0000000000000000e+00
8.9152989972276169e-06 0.0000000000000000e+00
8.0208318422952202e-06 0.0000000000000000e+00
7.2161060960919254e-06 0.0000000000000000e+00
6.4921180513310226e-06 0.0000000000000000e+00
5.8407673378366649e-06 0.0000000000000000e+00
5.2547662912176518e-06 0.0000000000000000e+00
4.7275584145326334e-06 0.0000000000000000e+00
4.2532450206533373e-06 0.0000000000000000e+00
3.8265192345594312e-06 0.0000000000000000e+00
3.4426066171480496e-06 0.0000000000000000e+00
3.0972117462245482e-06 0.0000000000000000e+00
2.7864701569934562e-06 0.0000000000000000e+00
2.5069051043345348e-06 0.0000000000000000e+00
2.2553886630960447e-06 0.0000000000000000e+00
2.0291067311750137e-06 0.0000000000000000e+00
1.8255275438193436e-06 0.0000000000000000e+00
1.6423733468733314e-06 0.0000000000000000e+00
1.4775949120309860e-06 0.0000000000000000e+00
1.3293486089605075e-06 0.0000000000000000e+00
1.1959757777699790e-06 0.0000000000000000e+00
1.0759841710226747e-06 0.0000000000000000e+00
9.6803125766482756e-07 0.0000000000000000e+00
8.7090920206149388e-07 0.0000000000000000e+00
7.8353135007753994e-07 0.0000000000000000e+00
7.0492007100298122e-07 0.0000000000000000e+00
6.3419581929129990e-07 0.0000000000000000e+00
5.7056729372778144e-07 0.0000000000000000e+00
5.1332258392310666e-07 0.0000000000000000e+00
4.6182120507456470e-07 0.0000000000000000e+00
4.1548693187531666e-07 0.0000000000000000e+00
3.7380135139375629e-07 0.0000000000000000e+00
3.3629806278895960e-07 0.0000000000000000e+00
3.0255745896561515e-07 0.0000000000000000e+00
2.7220203178266535e-07 0.0000000000000000e+00
2.4489214828788053e-07 0.0000000000000000e+00
2.2032225072051062e-07 0.0000000000000000e+00
1.9821743776566072e-07 0.0000000000000000e+00
1.7833038880954747e-07 0.0000000000000000e+00
1.6043859678259850e-07 0.0000000000000000e+00
1.4434187862989234e-07 0.0000000000000000e+00
1.2986013555477668e-07 0.0000000000000000e+00
1.1683133797603736e-07 0.0000000000000000e+00
1.0510971265322143e-07 0.0000000000000000e+00
9.4564111696716764e-08 0.0000000000000000e+00
8.5076545214158985e-08 0.0000000000000000e+00
7.6540861175648278e-08 0.0000000000000000e+00
6.8861557727367698e-08 0.0000000000000000e+00
6.1952714665147862e-08 0.0000000000000000e+00
5.5737032112705180e-08 0.0000000000000000e+00
5.0144965648783968e-08 0.0000000000000000e+00
4.5113948206519642e-08 0.0000000000000000e+00
4.0587690039227492e-08 0.0000000000000000e+00
3.6515548920241127e-08 0.0000000000000000e+00
3.2851963530268268e-08 0.0000000000000000e+00
2.9555943692683260e-08 0.0000000000000000e+00
2.6590611753243260e-08 0.0000000000000000e+00
2.3922789972926816e-08 0.0000000000000000e+00
2.1522629317430770e-08 0.0000000000000000e+00
1.9363275490014004e-08 0.0000000000000000e+00
1.7420568471089466e-08 0.0000000000000000e+00
1.5672772202844609e-08 0.0000000000000000e+00
1.4100331394461025e-08 0.0000000000000000e+00
1.2685652726933392e-08 0.0000000000000000e+00
1.1412908009493289e-08 0.0000000000000000e+00
1.0267857085241409e-08 0.0000000000000000e+00
9.2376885045640415e-09 0.0000000000000000e+00
8.3108761836986170e-09 0.0000000000000000e+00
7.4770504446695655e-09 0.0000000000000000e+00
6.7268819937169024e-09 0.0000000000000000e+00
6.0519775401077732e-09 0.0000000000000000e+00
5.4447858874555485e-09 0.0000000000000000e+00
4.8985134468472294e-09 0.0000000000000000e+00
4.4070482264926394e-09 0.0000000000000000e+00
3.9648914474517076e-09 0.0000000000000000e+00
3.5670960203190054e-09 0.0000000000000000e+00
3.2092111945091427e-09 0.0000000000000000e+00
2.8872327608500547e-09 0.0000000000000000e+00
2.5975582503228777e-09 0.0000000000000000e+00
2.3369466276885728e-09 0.0000000000000000e+00
2.1024820290309589e-09 0.0000000000000000e+00
1.8915411374928710e-09 0.0000000000000000e+00
1.7017638321868917e-09 0.0000000000000000e+00
1.5310267818853359e-09 0.0000000000000000e+00
1.3774196880408966e-09 0.0000000000000000e+00
1.2392239113324610e-09 0.0000000000000000e+00
1.1148932425979051e-09 0.0000000000000000e+00
1.0030366030090356e-09 0.0000000000000000e+00
9.0240247992851876e-10 0.0000000000000000e+00
8.1186492430905991e-10 0.0000000000000000e+00
7.3041095296586628e-10 0.0000000000000000e+00
6.5712921477245244e-10 0.0000000000000000e+00
5.9119979397082850e-10 0.0000000000000000e+00
5.3188503651018129e-10 0.0000000000000000e+00
4.7852129677398684e-10 0.0000000000000000e+00
4.3051151235362254e-10 0.0000000000000000e+00
3.8731852379088731e-10 0.0000000000000000e+00
3.4845906454722276e-10 0.0000000000000000e+00
3.1349835395603506e-10 0.0000000000000000e+00
2.8204523266125357e-10 0.0000000000000000e+00
2.5374778611467937e-10 0.0000000000000000e+00
2.2828940716553008e-10 0.0000000000000000e+00
2.0538525368822453e-10 0.0000000000000000e+00
1.8477906161449793e-10 0.0000000000000000e+00
1.6624027771226352e-10 0.0000000000000000e+00
1.4956148003125473e-10 0.0000000000000000e+00
1.3455605715394738e-10 0.0000000000000000e+00
1.2105612028600297e-10 0.0000000000000000e+00
1.0891062482555382e-10 0.0000000000000000e+00
9.7983680394422152e-11 0.0000000000000000e+00
8.8153030423012558e-11 0.0000000000000000e+00
7.9308684277620604e-11 0.0000000000000000e+00
7.1351686625686015e-11 0.0000000000000000e+00
6.4193010269956783e-11 0.0000000000000000e+00
5.7752560064016443e-11 0.0000000000000000e+00
5.1958276764422026e-11 0.0000000000000000e+00
4.6745330792883125e-11 0.0000000000000000e+00
4.2055396887840881e-11 0.0000000000000000e+00
3.7836001529870536e-11 0.0000000000000000e+00
3.4039935839536695e-11 0.0000000000000000e+00
3.0624727378896175e-11 0.0000000000000000e+00
2.7552164946867611e-11 0.0000000000000000e+00
2.4787871051630176e-11 0.0000000000000000e+00
2.2300917276632936e-11 0.0000000000000000e+00
2.0063478236729095e-11 0.0000000000000000e+00
1.8050520252702189e-11 0.0000000000000000e+00
1.6239521260912357e-11 0.0000000000000000e+00
1.4610218824254821e-11 0.0000000000000000e+00
1.3144383425045573e-11 0.0000000000000000e+00
1.1825614503308000e-11 0.0000000000000000e+00
1.0639156958430314e-11 0.0000000000000000e+00
9.5717360611114876e-12 0.0000000000000000e+00
8.6114089285038350e-12 0.0000000000000000e+00
7.7474309007749220e-12 0.0000000000000000e+00
6.9701353240358339e-12 0.0000000000000000e+00
6.2708253945850217e-12 0.0000000000000000e+00
5.6416768543603473e-12 0.0000000000000000e+00
5.0756504489041052e-12 0.0000000000000000e+00
4.5664131683738179e-12 0.0000000000000000e+00
4.1082673903992013e-12 0.0000000000000000e+00
3.6960871319990488e-12 0.0000000000000000e+00
3.3252606973085250e-12 0.0000000000000000e+00
2.9916390794295290e-12 0.0000000000000000e+00
2.6914895390950954e-12 0.0000000000000000e+00
2.4214538407620018e-12 0.0000000000000000e+00
2.1785106788534263e-12 0.0000000000000000e+00
1.9599418737567246e-12 0.0000000000000000e+00
1.7633019593582056e-12 0.0000000000000000e+00
1.5863908218445541e-12 0.0000000000000000e+00
1.4272290836383956e-12 0.0000000000000000e+00
1.2840359570505161e-12 0.0000000000000000e+00
1.1552093198630223e-12 0.0000000000000000e+00
1.0393077899187556e-12 0.0000000000000000e+00
9.3503459815738828e-13 0.0000000000000000e+00
8.4122307966123059e-13 0.0000000000000000e+00
7.5682362037646212e-13 0.0000000000000000e+00
6.8089191346295540e-13 0.0000000000000000e+00
6.1257839387811978e-13 0.0000000000000000e+00
5.5111873298333572e-13 0.0000000000000000e+00
4.9582528682131176e-13 0.0000000000000000e+00
4.4607940238327861e-13 0.0000000000000000e+00
4.0132449578420108e-13 0.0000000000000000e+00
3.6105982490099210e-13 0.0000000000000000e+00
3.2483488679852255e-13 0.0000000000000000e+00
2.9224437725893052e-13 0.0000000000000000e+00
2.6292365601860965e-13 0.0000000000000000e+00
2.3654466697555879e-13 0.0000000000000000e+00
2.1281226772009307e-13 0.0000000000000000e+00
1.9146092732180730e-13 0.0000000000000000e+00
1.7225175542577665e-13 0.0000000000000000e+00
1.5496982941793999e-13 0.0000000000000000e+00
1.3942178975455586e-13 0.0000000000000000e+00
1.2543367655093586e-13 0.0000000000000000e+00
1.1284898322409222e-13 0.0000000000000000e+00
1.0152690541235853e-13 0.0000000000000000e+00
9.1340765579973504e-14 0.0000000000000000e+00
8.2176595680223359e-14 0.0000000000000000e+00
7.3931862019246136e-14 0.0000000000000000e+00
6.6514318053554862e-14 0.0000000000000000e+00
5.9840972285776035e-14 0.0000000000000000e+00
5.3837159710842626e-14 0.0000000000000000e+00
4.8435706423502145e-14 0.0000000000000000e+00
4.3576178040298223e-14 0.0000000000000000e+00
3.9204203526975247e-14 0.0000000000000000e+00
3.5270866865908810e-14 0.0000000000000000e+00
3.1732159757223024e-14 0.0000000000000000e+00
2.8548489230106191e-14 0.0000000000000000e+00
2.5684234655221827e-14 0.0000000000000000e+00
2.3107349201821281e-14 0.0000000000000000e+00
2.0789001280454900e-14 0.0000000000000000e+00
1.8703251959540413e-14 0.0000000000000000e+00
1.6826764746555609e-14 0.0000000000000000e+00
1.5138544486724871e-14 0.0000000000000000e+00
1.3619702457863125e-14 0.0000000000000000e+00
1.2253245033126078e-14 0.0000000000000000e+00
1.1023883547114446e-14 0.0000000000000000e+00
9.9178632380076182e-15 0.0000000000000000e+00
8.9228093518431755e-15 0.0000000000000000e+00
8.0275886870701361e-15 0.0000000000000000e+00
7.2221850302635656e-15 0.0000000000000000e+00
6.4975870893056617e-15 0.0000000000000000e+00
5.8456876701718764e-15 0.0000000000000000e+00
5.2591929692551698e-15 0.0000000000000000e+00
4.7315409663426840e-15 0.0000000000000000e+00
4.2568280051815734e-15 0.0000000000000000e+00
3.8297427401763996e-15 0.0000000000000000e+00
3.4455067101796694e-15 0.0000000000000000e+00
3.0998208744815383e-15 0.0000000000000000e+00
2.7888175128152859e-15 0.0000000000000000e+00
2.5090169512088560e-15 0.0000000000000000e+00
2.2572886295089529e-15 0.0000000000000000e+00
2.0308160749792305e-15 0.0000000000000000e+00
1.8270653900787555e-15 0.0000000000000000e+00
1.6437569018443851e-15 0.0000000000000000e+00
1.4788396556756975e-15 0.0000000000000000e+00
1.3304684681445808e-15 0.0000000000000000e+00
1.1969832820842348e-15 0.0000000000000000e+00
1.0768905929707824e-15 0.0000000000000000e+00
9.6884673878624279e-16 0.0000000000000000e+00
8.7164286640043999e-16 0.0000000000000000e+00
7.8419140626783345e-16 0.0000000000000000e+00
7.0551390411059235e-16 0.0000000000000000e+00
6.3473007344251390e-16 0.0000000000000000e+00
5.7104794644724565e-16 0.0000000000000000e+00
5.1375501301366224e-16 0.0000000000000000e+00
4.6221024878696743e-16 0.0000000000000000e+00
4.1583694304123330e-16 0.0000000000000000e+00
3.7411624612757992e-16 0.0000000000000000e+00
3.3658136430344981e-16 0.0000000000000000e+00
3.0281233699147833e-16 0.0000000000000000e+00
2.7243133803323529e-16 0.0000000000000000e+00
2.4509844836561713e-16 0.0000000000000000e+00
2.2050785282237030e-16 0.0000000000000000e+00
1.9838441850843287e-16 0.0000000000000000e+00
1.7848061646417880e-16 0.0000000000000000e+00
1.6057375217741301e-16 0.0000000000000000e+00
1.4446347395661135e-16 0.0000000000000000e+00
1.2996953128774481e-16 0.0000000000000000e+00
1.1692975809393523e-16 0.0000000000000000e+00
1.0519825833360869e-16 0.0000000000000000e+00
9.4643773636597282e-17 0.0000000000000000e+00
8.5148214714443546e-17 0.0000000000000000e+00
7.6605340113503627e-17 0.0000000000000000e+00
6.8919567528056748e-17 0.0000000000000000e+00
6.2004904373722675e-17 0.0000000000000000e+00
5.5783985655879850e-17 0.0000000000000000e+00
5.0187208368217261e-17 0.0000000000000000e+00
4.5151952736625075e-17 0.0000000000000000e+00
4.0621881595260550e-17 0.0000000000000000e+00
3.6546310055841358e-17 0.0000000000000000e+00
3.2879638417672956e-17 0.0000000000000000e+00
2.9580841973514738e-17 0.0000000000000000e+00
2.6613012002945458e-17 0.0000000000000000e+00
2.3942942817620460e-17 0.0000000000000000e+00
2.1540760238051813e-17 0.0000000000000000e+00
1.9379587345117691e-17 0.0000000000000000e+00
1.7435243766540656e-17 0.0000000000000000e+00
1.5685975133793727e-17 0.0000000000000000e+00
1.4112209682446794e-17 0.0000000000000000e+00
1.2696339272672214e-17 0.0000000000000000e+00
1.1422522379843745e-17 0.0000000000000000e+00
1.0276506850984014e-17 0.0000000000000000e+00
9.2454704439603848e-18 0.0000000000000000e+00
8.3178773652994833e-18 0.0000000000000000e+00
7.4833492014845955e-18 0.0000000000000000e+00
6.7325487996473646e-18 0.0000000000000000e+00
6.0570757984460873e-18 0.0000000000000000e+00
5.4493726402759873e-18 0.0000000000000000e+00
4.9026400132233388e-18 0.0000000000000000e+00
4.4107607766828788e-18 0.0000000000000000e+00
3.9682315194775060e-18 0.0000000000000000e+00
3.5701009847143018e-18 0.0000000000000000e+00
3.2119146724423550e-18 0.0000000000000000e+00
2.8896650002957503e-18 0.0000000000000000e+00
2.5997464644927418e-18 0.0000000000000000e+00
2.3389152995073044e-18 0.0000000000000000e+00
2.1042531850646231e-18 0.0000000000000000e+00
1.8931345943939397e-18 0.0000000000000000e+00
1.7031974184138379e-18 0.0000000000000000e+00
1.5323165371769246e-18 0.0000000000000000e+00
1.3785800428775500e-18 0.0000000000000000e+00
1.2402678483922168e-18 0.0000000000000000e+00
1.1158324420137547e-18 0.0000000000000000e+00
1.0038815730524694e-18 0.0000000000000000e+00
9.0316267458181445e-19 0.0000000000000000e+00
8.1254884904150860e-19 0.0000000000000000e+00
7.3102625989763767e-19 0.0000000000000000e+00
6.5768278829058931e-19 0.0000000000000000e+00
5.9169782775553328e-19 0.0000000000000000e+00
5.3233310283303443e-19 0.0000000000000000e+00
4.7892440884358234e-19 0.0000000000000000e+00
4.3087418040601543e-19 0.0000000000000000e+00
3.8764480555258149e-19 0.0000000000000000e+00
3.4875261063519121e-19 0.0000000000000000e+00
3.1376244872283021e-19 0.0000000000000000e+00
2.8228283094209116e-19 0.0000000000000000e+00
2.5396154628775115e-19 0.0000000000000000e+00
2.2848172089536939e-19 0.0000000000000000e+00
2.0555827268494798e-19 0.0000000000000000e+00
1.8493472170830666e-19 0.0000000000000000e+00
1.6638032051255506e-19 0.0000000000000000e+00
1.4968747241268943e-19 0.0000000000000000e+00
1.3466940878749239e-19 0.0000000000000000e+00
1.2115809941110082e-19 0.0000000000000000e+00
1.0900237243986138e-19 0.0000000000000000e+00
9.8066223019916695e-20 0.0000000000000000e+00
8.8227291591270157e-20 0.0000000000000000e+00
7.9375494862795370e-20 0.0000000000000000e+00
7.1411794140772021e-20 0.0000000000000000e+00
6.4247087230372539e-20 0.0000000000000000e+00
5.7801211512068125e-20 0.0000000000000000e+00
5.2002047038849374e-20 0.0000000000000000e+00
4.6784709619210982e-20 0.0000000000000000e+00
4.2090824857696305e-20 0.0000000000000000e+00
3.7867875030558188e-20 0.0000000000000000e+00
3.4068611489037943e-20 0.0000000000000000e+00
3.0650526015900912e-20 0.0000000000000000e+00
2.7575375220492959e-20 0.0000000000000000e+00
2.4808752650981869e-20 0.0000000000000000e+00
2.2319703836349205e-20 0.0000000000000000e+00
2.0080379951009945e-20 0.0000000000000000e+00
1.8065726227076872e-20 0.0000000000000000e+00
1.6253201628053243e-20 0.0000000000000000e+00
1.4622526647516050e-20 0.0000000000000000e+00
1.3155456411016517e-20 0.0000000000000000e+00
1.1835576542550155e-20 0.0000000000000000e+00
1.0648119511631557e-20 0.0000000000000000e+00
9.5797994061689119e-21 0.0000000000000000e+00
8.6186632824871856e-21 0.0000000000000000e+00
7.7539574293235494e-21 0.0000000000000000e+00
6.9760070494842740e-21 0.0000000000000000e+00
6.2761080129760449e-21 0.0000000000000000e+00
5.6464294704884860e-21 0.0000000000000000e+00
5.0799262376115147e-21 0.0000000000000000e+00
4.5702599694991614e-21 0.0000000000000000e+00
4.1117282440359377e-21 0.0000000000000000e+00
3.6992007600511969e-21 0.0000000000000000e+00
3.3280619367323492e-21 0.0000000000000000e+00
2.9941592720080936e-21 0.0000000000000000e+00
2.6937568821071899e-21 0.0000000000000000e+00
2.4234937024687667e-21 0.0000000000000000e+00
2.1803458823319527e-21 0.0000000000000000e+00
1.9615929522569783e-21 0.0000000000000000e+00
1.7647873860402586e-21 0.0000000000000000e+00
1.5877272164662611e-21 0.0000000000000000e+00
1.4284313985062651e-21 0.0000000000000000e+00
1.2851176443141370e-21 0.0000000000000000e+00
1.1561824820250336e-21 0.0000000000000000e+00
1.0401833152442893e-21 0.0000000000000000e+00
9.3582228249776724e-22 0.0000000000000000e+00
8.4193173605525103e-22 0.0000000000000000e+00
7.5746117765549135e-22 0.0000000000000000e+00
6.8146550496297291e-22 0.0000000000000000e+00
6.1309443725135154e-22 0.0000000000000000e+00
5.5158300200239058e-22 0.0000000000000000e+00
4.9624297597929062e-22 0.0000000000000000e+00
4.4645518501261496e-22 0.0000000000000000e+00
4.0166257634438843e-22 0.0000000000000000e+00
3.6136398602035056e-22 0.0000000000000000e+00
3.2510853159631305e-22 0.0000000000000000e+00
2.9249056742128850e-22 0.0000000000000000e+00
2.6314514605435067e-22 0.0000000000000000e+00
2.3674393503510180e-22 0.0000000000000000e+00
2.1299154332236190e-22 0.0000000000000000e+00
1.9162221629928477e-22 0.0000000000000000e+00
1.7239686236686348e-22 0.0000000000000000e+00
1.5510037785764932e-22 0.0000000000000000e+00
1.3953924033950076e-22 0.0000000000000000e+00
1.2553934338184245e-22 0.0000000000000000e+00
1.1294404855866750e-22 0.0000000000000000e+00
1.0161243289303105e-22 0.0000000000000000e+00
9.1417712134495376e-23 0.0000000000000000e+00
8.2245822228298997e-23 0.0000000000000000e+00
7.3994143104974131e-23 0.0000000000000000e+00
6.6570350511439325e-23 0.0000000000000000e+00
5.9891383037287738e-23 0.0000000000000000e+00
5.3882512778759336e-23 0.0000000000000000e+00
4.8476509242499619e-23 0.0000000000000000e+00
4.3612887134404704e-23 0.0000000000000000e+00
3.9237229617407286e-23 0.0000000000000000e+00
3.5300579466443673e-23 0.0000000000000000e+00
3.1758891308521692e-23 0.0000000000000000e+00
2.8572538819236216e-23 0.0000000000000000e+00
2.5705871362005089e-23 0.0000000000000000e+00
2.3126815109446325e-23 0.0000000000000000e+00
2.0806514184034085e-23 0.0000000000000000e+00
1.8719007802919907e-23 0.0000000000000000e+00
1.6840939814640233e-23 0.0000000000000000e+00
1.5151297377849528e-23 0.0000000000000000e+00
1.3631175858278051e-23 0.0000000000000000e+00
1.2263567313446446e-23 0.0000000000000000e+00
1.1033170198600217e-23 0.0000000000000000e+00
9.9262181647429400e-24 0.0000000000000000e+00
8.9303260332713105e-24 0.0000000000000000e+00
8.0343512238921879e-24 0.0000000000000000e+00
7.2282690854022508e-24 0.0000000000000000e+00
6.5030607344634771e-24 0.0000000000000000e+00
5.8506121474538119e-24 0.0000000000000000e+00
5.2636233763791393e-24 0.0000000000000000e+00
4.7355268731020642e-24 0.0000000000000000e+00
4.2604140080588745e-24 0.0000000000000000e+00
3.8329689613130958e-24 0.0000000000000000e+00
3.4484092462843514e-24 0.0000000000000000e+00
3.1024322006994850e-24 0.0000000000000000e+00
2.7911668460778103e-24 0.0000000000000000e+00
2.5111305771282279e-24 0.0000000000000000e+00
2.2591901964762596e-24 0.0000000000000000e+00
2.0325268587551495e-24 0.0000000000000000e+00
1.8286045318382675e-24 0.0000000000000000e+00
1.6451416223387112e-24 0.0000000000000000e+00
1.4800854479073464e-24 0.0000000000000000e+00
1.3315892707114708e-24 0.0000000000000000e+00
1.1979916351322064e-24 0.0000000000000000e+00
1.0777977784995743e-24 0.0000000000000000e+00
9.6966290687869426e-25 0.0000000000000000e+00
8.7237714878701672e-25 0.0000000000000000e+00
7.8485201849736378e-25 0.0000000000000000e+00
7.0610823747032344e-25 0.0000000000000000e+00
6.3526477765581640e-25 0.0000000000000000e+00
5.7152900407432906e-25 0.0000000000000000e+00
5.1418780638766919e-25 0.0000000000000000e+00
4.6259962023444367e-25 0.0000000000000000e+00
4.1618724906073638e-25 0.0000000000000000e+00
3.7443140613250029e-25 0.0000000000000000e+00
3.3686490447452753e-25 0.0000000000000000e+00
3.0306742972964202e-25 0.0000000000000000e+00
2.7266083745413390e-25 0.0000000000000000e+00
2.4530492223301516e-25 0.0000000000000000e+00
2.2069361127766645e-25 0.0000000000000000e+00
1.9855153991778531e-25 0.0000000000000000e+00
1.7863097067238067e-25 0.0000000000000000e+00
1.6070902142874903e-25 0.0000000000000000e+00
