# k_modes P_scalar P_tensor
4.5844002165250459e-05 7.7574475446609735e-09 8.7642080405843610e-11
4.8332539806195997e-05 7.7477085524695327e-09 8.7635375852512120e-11
5.0956162066675304e-05 7.7379730031771784e-09 8.7628672163952944e-11
5.3722201708763128e-05 7.7282409010920476e-09 8.7621968895905572e-11
5.6638389536885646e-05 7.7185102199893246e-09 8.7615243897771008e-11
5.9712876004646806e-05 7.7087820933757588e-09 8.7608509348632621e-11
6.2954253994531551e-05 7.6990582142139990e-09 8.7601784607137602e-11
6.6371582834154290e-05 7.6893366349982433e-09 8.7595047648265056e-11
6.9974413616173678e-05 7.6796168319221690e-09 8.7588292257600923e-11
7.3772815892642602e-05 7.6699004302606688e-09 8.7581536921416225e-11
7.7777405818400515e-05 7.6601861141256080e-09 8.7574766811543732e-11
8.1999375822164674e-05 7.6504753152842976e-09 8.7567997972021116e-11
8.6450525888250563e-05 7.6407666921675348e-09 8.7561215162471471e-11
9.1143296536348812e-05 7.6310603771826960e-09 8.7554419745889653e-11
9.6090803591535393e-05 7.6213584631079839e-09 8.7547635819744125e-11
1.0130687484169114e-04 7.6116571367161838e-09 8.7540819505372784e-11
1.0680608868478787e-04 7.6019610974250844e-09 8.7534024810208266e-11
1.1260381487405424e-04 7.5922661001472976e-09 8.7527202666634272e-11
1.1871625747490010e-04 7.5825742933894115e-09 8.7520378001993063e-11
1.2516050015365994e-04 7.5728847454019775e-09 8.7513539875590167e-11
1.3195455392473412e-04 7.5631982256264805e-09 8.7506697406555410e-11
1.3911740748957359e-04 7.5535145737550581e-09 8.7499848378399133e-11
1.4666908030820414e-04 7.5438328486066425e-09 8.7492981883797024e-11
1.5463067855161591e-04 7.5341554877134080e-09 8.7486126390950385e-11
1.6302445409140329e-04 7.5244789654080353e-09 8.7479240607090553e-11
1.7187386669152238e-04 7.5148073565146996e-09 8.7472371934602321e-11
1.8120364957598676e-04 7.5051366269002615e-09 8.7465473609695042e-11
1.9103987855575814e-04 7.4954692370045378e-09 8.7458573961039501e-11
2.0141004490803241e-04 7.4858057544616634e-09 8.7451679850600615e-11
2.1234313221161189e-04 7.4761435989633008e-09 8.7444760845244885e-11
2.2386969735311264e-04 7.4664848810332312e-09 8.7437841798549757e-11
2.3602195593040983e-04 7.4568278563838796e-09 8.7430901976021151e-11
2.4883387229201456e-04 7.4471749481890377e-09 8.7423969915535022e-11
2.6234125446403348e-04 7.4375247923245440e-09 8.7417029651885587e-11
2.7658185423002556e-04 7.4278761647465522e-09 8.7410066507805039e-11
2.9159547264346431e-04 7.4182302147516135e-09 8.7403094182605218e-11
3.0742407126770494e-04 7.4085881992446325e-09 8.7396127251144943e-11
3.2411188945436154e-04 7.3989492121782494e-09 8.7389155071076610e-11
3.4170556798787568e-04 7.3893128210986838e-09 8.7382172457224755e-11
3.6025427944184782e-04 7.3796794726484162e-09 8.7375184796161687e-11
3.7980986561146634e-04 7.3700479172905145e-09 8.7368177291355713e-11
4.0042698240614743e-04 7.3604201360100202e-09 8.7361172956521055e-11
4.2216325260733986e-04 7.3507934674819488e-09 8.7354140576597438e-11
4.4507942691844073e-04 7.3411699202439375e-09 8.7347103971284706e-11
4.6923955375694219e-04 7.3315501565439594e-09 8.7340070490681996e-11
4.9471115826335988e-04 7.3219327015057932e-09 8.7333022984788127e-11
5.2156543102725283e-04 7.3123186878553519e-09 8.7325974774018503e-11
5.4987742705780681e-04 7.3027069389401164e-09 8.7318911751805279e-11
5.7972627555508843e-04 7.2930984736405798e-09 8.7311846159964943e-11
6.1119540106825188e-04 7.2834931487876831e-09 8.7304776102260309e-11
6.4437275665881692e-04 7.2738897473422132e-09 8.7297687088262990e-11
6.7935106972068910e-04 7.2642891548540489e-09 8.7290589387725261e-11
7.1622810114396166e-04 7.2546922245652225e-09 8.7283493697019027e-11
7.5510691854683491e-04 7.2450976512964735e-09 8.7276383838860462e-11
7.9609618433930797e-04 7.2355054631385495e-09 8.7269260282337602e-11
8.3931045942376218e-04 7.2259164278929276e-09 8.7262132223405012e-11
8.8487052338123479e-04 7.2163303731518880e-09 8.7254997611951285e-11
9.3290371203827828e-04 7.2067467938922555e-09 8.7247850060463473e-11
9.8354427335787349e-04 7.1971667099441735e-09 8.7240702214405944e-11
1.0369337426490758e-03 7.1875897073910295e-09 8.7233548613108789e-11
1.0932213381440591e-03 7.1780144354597318e-09 8.7226373097278236e-11
1.1525643780481633e-03 7.1684421248269860e-09 8.7219190555647960e-11
1.2151287202285645e-03 7.1588716771301280e-09 8.7211987307040569e-11
1.2810892257704401e-03 7.1493055228924557e-09 8.7204793193195917e-11
1.3506302476962273e-03 7.1397427074066302e-09 8.7197596569524206e-11
1.4239461462139027e-03 7.1301827502093870e-09 8.7190391118914539e-11
1.5012418319343469e-03 7.1206245272918796e-09 8.7183163542279796e-11
1.5827333385760262e-03 7.1110697823494421e-09 8.7175934918141020e-11
1.6686484267576438e-03 7.1015181777718735e-09 8.7168700902429240e-11
1.7592272205663229e-03 7.0919692810010122e-09 8.7161456389003409e-11
1.8547228786804334e-03 7.0824224987022818e-09 8.7154193926015216e-11
1.9554023019227981e-03 7.0728789301321186e-09 8.7146927022738349e-11
2.0615468792218282e-03 7.0633379296228162e-09 8.7139647550353743e-11
2.1734532740654688e-03 7.0537998881864105e-09 8.7132360370217601e-11
2.2914342536459998e-03 7.0442661263330447e-09 8.7125081859984371e-11
2.4158195630130828e-03 7.0347331712985077e-09 8.7117768931712030e-11
2.5469568466782405e-03 7.0252042161656418e-09 8.7110460957468180e-11
2.6852126202465236e-03 7.0156780819360527e-09 8.7103143339345250e-11
2.8309732947910029e-03 7.0061547923727923e-09 8.7095816445937104e-11
2.9846462568331117e-03 6.9966336684109009e-09 8.7088471670028261e-11
3.1466610069472759e-03 6.9871160965792663e-09 8.7081125961257408e-11
3.3174703601721008e-03 6.9776022501572457e-09 8.7073781975854173e-11
3.4975517115831477e-03 6.9680901987085508e-09 8.7066415246653867e-11
3.6874083705644924e-03 6.9585815490988209e-09 8.7059045679608779e-11
3.8875709675081542e-03 6.9490759151665237e-09 8.7051668747627311e-11
4.0985989368730160e-03 6.9395721688592693e-09 8.7044270123528400e-11
4.3210820807482436e-03 6.9300713389717951e-09 8.7036862417337462e-11
4.5556422172912071e-03 6.9205746305538685e-09 8.7029460993969299e-11
4.8029349186470907e-03 6.9110792290416680e-09 8.7022030365991629e-11
5.0636513432075212e-03 6.9015891240913269e-09 8.7014620496098583e-11
5.3385201673292497e-03 6.8921015759613521e-09 8.7007197090960137e-11
5.6283096219117189e-03 6.8826142950235795e-09 8.6999731189510235e-11
5.9338296395257117e-03 6.8731315912661501e-09 8.6992276836955765e-11
6.2559341180939186e-03 6.8636521708753266e-09 8.6984817882717469e-11
6.5955233074503489e-03 6.8541754419101622e-09 8.6977346861562594e-11
6.9535463254486547e-03 6.8447013301749045e-09 8.6969862600394374e-11
7.3310038106516734e-03 6.8352302940136470e-09 8.6962370914857648e-11
7.7289507190162823e-03 6.8257612547708951e-09 8.6954858084704038e-11
8.1484992723898329e-03 6.8162968415558582e-09 8.6947357415904991e-11
8.5908220670591409e-03 6.8068347594466686e-09 8.6939839839035342e-11
9.0571553510398906e-03 6.7973756988430211e-09 8.6932313726734547e-11
9.5488024792663648e-03 6.7879189764030186e-09 8.6924770751109435e-11
1.0067137556338241e-02 6.7784663830033163e-09 8.6917233424950722e-11
1.0613609277005626e-02 6.7690147319975710e-09 8.6909660829252491e-11
1.1189744975126191e-02 6.7595674053702576e-09 8.6902096602845159e-11
1.1797154892410625e-02 6.7501227224369502e-09 8.6894518800259962e-11
1.2437536678887411e-02 6.7406816000615811e-09 8.6886939330243504e-11
1.3112680137664933e-02 6.7312436588529790e-09 8.6879353244395859e-11
1.3824472227252433e-02 6.7218079662478271e-09 8.6871748412040629e-11
1.4574902335420454e-02 6.7123753074943139e-09 8.6864135020070336e-11
1.5366067839340851e-02 6.7029440483024534e-09 8.6856491700208926e-11
1.6200179967546521e-02 6.6935192172814772e-09 8.6848883427161417e-11
1.7079569980094095e-02 6.6840941539438622e-09 8.6841224379166219e-11
1.8006695684202993e-02 6.6746736277891604e-09 8.6833575652476695e-11
1.8984148303580885e-02 6.6652558598614588e-09 8.6825914568652064e-11
2.0014659720635181e-02 6.6558412181803719e-09 8.6818245588822579e-11
2.1101110111811344e-02 6.6464290517761783e-09 8.6810560311279692e-11
2.2246535997398204e-02 6.6370207211610826e-09 8.6802876423850350e-11
2.3454138728298934e-02 6.6276144952842783e-09 8.6795171260913882e-11
2.4727293433486754e-02 6.6182119456455375e-09 8.6787465142458436e-11
2.6069558453153393e-02 6.6088106017610698e-09 8.6779725914502088e-11
2.7484685283914165e-02 6.5994141393662497e-09 8.6772001532187882e-11
2.8976629063866371e-02 6.5900209896607269e-09 8.6764271477828425e-11
3.0549559626805022e-02 6.5806291653347188e-09 8.6756509506863335e-11
3.2207873156491540e-02 6.5712418819170964e-09 8.6748757826246206e-11
3.3956204473548371e-02 6.5618570694736152e-09 8.6740989133991393e-11
3.5799439989319254e-02 6.5524752802875604e-09 8.6733210710118942e-11
3.7742731362900954e-02 6.5430964109056803e-09 8.6725421132390509e-11
3.9791509899515430e-02 6.5337197499977740e-09 8.6717610732767758e-11
4.1951501730465524e-02 6.5243463680333287e-09 8.6709793847740814e-11
4.4228743817099667e-02 6.5149781397847773e-09 8.6701995277004722e-11
4.6629600823515575e-02 6.5056098387903414e-09 8.6694145326375040e-11
4.9160782905160731e-02 6.4962472345164066e-09 8.6686321002304308e-11
5.1829364463046056e-02 6.4868865687998217e-09 8.6678471896832420e-11
5.4642803915990260e-02 6.4775277164937764e-09 8.6670596414129697e-11
5.7608964546154835e-02 6.4681731437943895e-09 8.6662727457194943e-11
6.0736136476132366e-02 6.4588216438714490e-09 8.6654848661749685e-11
6.4033059839010739e-02 6.4494728617255107e-09 8.6646955397938317e-11
6.7508949206171592e-02 6.4401285693869585e-09 8.6639071244188690e-11
7.1173519341097127e-02 6.4307851544535751e-09 8.6631147798557577e-11
7.5037012351162821e-02 6.4214457580848375e-09 8.6623227042547304e-11
7.9110226313304777e-02 6.4121095849302135e-09 8.6615298332931402e-11
8.3404545453565196e-02 6.4027765984441686e-09 8.6607360957409304e-11
8.7931971964867309e-02 6.3934464976735800e-09 8.6599411004680866e-11
9.2705159551945082e-02 6.3841185453264031e-09 8.6591438275345017e-11
9.7737448797183407e-02 6.3747938395589628e-09 8.6583457595658328e-11
1.0304290444621356e-01 6.3654732594577794e-09 8.6575480930771647e-11
1.0863635471747111e-01 6.3561555990030571e-09 8.6567491707612428e-11
1.1453343274558575e-01 6.3468395175798791e-09 8.6559471651992917e-11
1.2075062027442966e-01 6.3375293051754382e-09 8.6551479049304962e-11
1.2730529372194568e-01 6.3282191267603177e-09 8.6543434651639740e-11
1.3421577274549887e-01 6.3189140004455551e-09 8.6535406349516693e-11
1.4150137144348798e-01 6.3096110031173832e-09 8.6527354612091444e-11
1.4918245233632177e-01 6.3003117953954200e-09 8.6519301664473791e-11
1.5728048327762770e-01 6.2910146553890953e-09 8.6511224231027127e-11
1.6581809745475903e-01 6.2817214390493001e-09 8.6503147429229318e-11
1.7481915664629091e-01 6.2724309763596280e-09 8.6495055342126445e-11
1.8430881791330836e-01 6.2631453539562771e-09 8.6486976417458503e-11
1.9431360391087787e-01 6.2538603454846397e-09 8.6478852478681541e-11
2.0486147701621785e-01 6.2445785866301784e-09 8.6470719773421790e-11
2.1598191748075016e-01 6.2353008573705391e-09 8.6462588991718662e-11
2.2770600582445580e-01 6.2260259502090490e-09 8.6454443469456646e-11
2.4006650970282453e-01 6.2167543362357549e-09 8.6446289439840113e-11
2.5309797548917601e-01 6.2074867154428253e-09 8.6438136775623593e-11
2.6683682482832322e-01 6.1982208048317807e-09 8.6429953649239081e-11
2.8132145643142975e-01 6.1889585677184214e-09 8.6421767097599418e-11
2.9659235339657031e-01 6.1796988103999794e-09 8.6413560816855875e-11
3.1269219635494644e-01 6.1704428916951163e-09 8.6405353333959427e-11
3.2966598275898412e-01 6.1611912700564038e-09 8.6397151121134924e-11
3.4756115264571980e-01 6.1519404089496933e-09 8.6388904739692988e-11
3.6642772122696116e-01 6.1426933925837185e-09 8.6380657106315599e-11
3.8631841867680916e-01 6.1334501711050309e-09 8.6372407599594360e-11
4.0728883750722511e-01 6.1242105542909325e-09 8.6364153362485265e-11
4.2939758794354566e-01 6.1149722480686167e-09 8.6355862224808357e-11
4.5270646173420931e-01 6.1057392399534355e-09 8.6347590201468481e-11
4.7728060485251605e-01 6.0965076740754898e-09 8.6339282810326725e-11
5.0318869957311696e-01 6.0872799667289976e-09 8.6330973908628318e-11
5.3050315643210610e-01 6.0780558714340582e-09 8.6322660453833124e-11
5.5930031660723478e-01 6.0688326120311063e-09 8.6314302517485470e-11
5.8966066528387950e-01 6.0596163816905278e-09 8.6305988121510629e-11
6.2166905660308680e-01 6.0504003468732075e-09 8.6297620206015844e-11
6.5541495082042189e-01 6.0411878615539658e-09 8.6289246266979688e-11
6.9099266433844886e-01 6.0319795250920631e-09 8.6280874876435624e-11
7.2850163331164419e-01 6.0227737822776424e-09 8.6272483669533812e-11
7.6804669156051808e-01 6.0135710890239021e-09 8.6264079004897960e-11
8.0973836357166562e-01 6.0043718117722291e-09 8.6255666200241414e-11
8.5369317340267004e-01 5.9951763648397791e-09 8.6247251314831425e-11
9.0003397035519073e-01 5.9859827018376563e-09 8.6238804251232186e-11
9.4889027232649192e-01 5.9767943197210125e-09 8.6230375969285678e-11
1.0003986277990302e+00 5.9676072715154415e-09 8.6221909158990806e-11
1.0547029974798086e+00 5.9584243650979983e-09 8.6213444407773782e-11
1.1119551566561745e+00 5.9492439874038004e-09 8.6204957991920141e-11
1.1723151193925814e+00 5.9400669970622941e-09 8.6196462746154262e-11
1.2359515857539181e+00 5.9308933186293831e-09 8.6187957149550033e-11
1.3030424133053209e+00 5.9217232839864404e-09 8.6179446012676669e-11
1.3737751142063037e+00 5.9125555101900615e-09 8.6170909343705396e-11
1.4483473792885178e+00 5.9033913767302445e-09 8.6162366986578884e-11
1.5269676305818551e+00 5.8942305282870429e-09 8.6153813530192663e-11
1.6098556038332108e+00 5.8850729928670689e-09 8.6145249624709170e-11
1.6972429626459318e+00 5.8759186356449642e-09 8.6136672979855875e-11
1.7893739459564559e+00 5.8667680515181570e-09 8.6128092256435336e-11
1.8865060506577158e+00 5.8576197077218375e-09 8.6119485135798489e-11
1.9889107512772348e+00 5.8484759550169009e-09 8.6110885737894156e-11
2.0968742587213201e+00 5.8393341071794719e-09 8.6102254893834323e-11
2.2106983202059238e+00 5.8301951319476724e-09 8.6093606248590610e-11
2.3307010626099793e+00 5.8210605568416927e-09 8.6084962662315215e-11
2.4572178816082313e+00 5.8119296734287164e-09 8.6076313408983297e-11
2.5906023790686556e+00 5.8028009349637492e-09 8.6067635369472581e-11
2.7312273513343204e+00 5.7936755343049423e-09 8.6058946544446089e-11
2.8794858311519285e+00 5.7845525206624057e-09 8.6050232560020398e-11
3.0357921861590946e+00 5.7754347510355723e-09 8.6041535518316149e-11
3.2005832770004541e+00 5.7663190173341952e-09 8.6032808100797016e-11
3.3743196783095377e+00 5.7572081058070602e-09 8.6024091385832329e-11
3.5574869659688417e+00 5.7480988838788765e-09 8.6015338623693511e-11
3.7505970742459303e+00 5.7389934129058337e-09 8.6006580542830477e-11
3.9541897265985204e+00 5.7298910098536127e-09 8.5997806917223746e-11
4.1688339441476367e+00 5.7207927269582319e-09 8.5989033346259752e-11
4.3951296360348193e+00 5.7116972698797694e-09 8.5980240428967884e-11
4.6337092761081822e+00 5.7026035428293227e-09 8.5971411441016715e-11
4.8852396706236565e+00 5.6935153596590515e-09 8.5962603728767862e-11
5.1504238219018337e+00 5.6844287365497405e-09 8.5953757417954125e-11
5.4300028931492506e+00 5.6753461646770873e-09 8.5944909729639668e-11
5.7247582799354353e+00 5.6662673032691932e-09 8.5936055496232506e-11
6.0355137941154782e+00 5.6571911154425897e-09 8.5927178959396600e-11
6.3631379663018937e+00 5.6481186631710539e-09 8.5918296072507716e-11
6.7085464733208271e+00 5.6390491634200840e-09 8.5909395063092423e-11
7.0727046974373433e+00 5.6299837851085632e-09 8.5900493546289466e-11
7.4566304245023707e+00 5.6209217988950482e-09 8.5891580166314428e-11
7.8613966885625208e+00 5.6118622451494534e-09 8.5882640425348191e-11
8.2881347708829463e+00 5.6028061267114892e-09 8.5873689405436748e-11
8.7380373617654854e+00 5.5937532965387391e-09 8.5864724777062516e-11
9.2123618939989402e+00 5.5847040100246879e-09 8.5855750203216980e-11
9.7124340572579761e+00 5.5756578851186476e-09 8.5846760222291345e-11
1.0239651503273377e+01 5.5666141110703977e-09 8.5837741821890372e-11
1.0795487752128945e+01 5.5575756382861361e-09 8.5828740381103808e-11
1.1381496310602991e+01 5.5485396793875313e-09 8.5819713170044258e-11
1.1999315014064427e+01 5.5395080658590482e-09 8.5810687921552655e-11
1.2650670604059041e+01 5.5304785417998824e-09 8.5801630217602269e-11
1.3337383554379665e+01 5.5214524700128927e-09 8.5792560612916328e-11
1.4061373159108374e+01 5.5124294866969865e-09 8.5783473386404765e-11
1.4824662896851788e+01 5.5034105847018024e-09 8.5774384023770174e-11
1.5629386086161526e+01 5.4943946636308449e-09 8.5765275489516062e-11
1.6477791847946548e+01 5.4853819233461960e-09 8.5756150363529268e-11
1.7372251391541162e+01 5.4763738343636003e-09 8.5747031929368528e-11
1.8315264641998304e+01 5.4673670483683860e-09 8.5737867490191066e-11
1.9309467227130362e+01 5.4583651877388488e-09 8.5728713719327180e-11
2.0357637843825376e+01 5.4493673130894641e-09 8.5719555752704098e-11
2.1462706024227337e+01 5.4403716898117252e-09 8.5710366642656495e-11
2.2627760323485731e+01 5.4313801905779864e-09 8.5701175109263785e-11
2.3856056951958781e+01 5.4223907659291115e-09 8.5691949427662288e-11
2.5151028875995763e+01 5.4134052578834551e-09 8.5682718072466786e-11
2.6516295412735076e+01 5.4044227472256088e-09 8.5673466546508715e-11
2.7955672345734186e+01 5.3954449328943575e-09 8.5664221753148754e-11
2.9473182589703082e+01 5.3864683850984991e-09 8.5654929074104970e-11
3.1073067434149149e+01 5.3774977903014238e-09 8.5645662939374802e-11
3.2759798397357443e+01 5.3685301949546126e-09 8.5636376227673815e-11
3.4538089723837800e+01 5.3595642762146413e-09 8.5627047893063830e-11
3.6412911560166776e+01 5.3506039681275950e-09 8.5617740282021360e-11
3.8389503846050971e+01 5.3416454556710811e-09 8.5608392811995080e-11
4.0473390959435143e+01 5.3326905061995676e-09 8.5599033283560071e-11
4.2670397156586148e+01 5.3237395486104937e-09 8.5589668664676122e-11
4.4986662850307567e+01 5.3147916295556676e-09 8.5580283443204424e-11
4.7428661771779801e+01 5.3058473026889638e-09 8.5570886637780747e-11
5.0003219063992248e+01 5.2969073391352974e-09 8.5561490083466679e-11
5.2717530357335463e+01 5.2879701686623481e-09 8.5552068834620400e-11
5.5579181880669402e+01 5.2790363937668745e-09 8.5542632515771246e-11
5.8596171664075420e+01 5.2701056929627932e-09 8.5533175562575479e-11
6.1776931892550586e+01 5.2611783617919482e-09 8.5523702832293348e-11
6.5130352473122656e+01 5.2522554032019624e-09 8.5514230444831221e-11
6.8665805881251686e+01 5.2433348941257515e-09 8.5504726907401095e-11
7.2393173355963114e+01 5.2344190613078347e-09 8.5495228592043874e-11
7.6322872516922601e+01 5.2255059510282215e-09 8.5485703557737709e-11
8.0465886480642595e+01 5.2165966210779692e-09 8.5476168822758850e-11
8.4833794557196015e+01 5.2076901726821393e-09 8.5466609576876267e-11
8.9438804613230019e+01 5.1987879432232833e-09 8.5457047598072511e-11
9.4293787191734140e+01 5.1898888409203534e-09 8.5447465265407275e-11
9.9412311483921613e+01 5.1809924190518276e-09 8.5437854535340235e-11
1.0480868325376379e+02 5.1721014367277084e-09 8.5428261091827537e-11
1.1049798482116994e+02 5.1632116316095930e-09 8.5418614389897490e-11
1.1649611721556484e+02 5.1543265743747454e-09 8.5408973313333716e-11
1.2281984461767816e+02 5.1454454853819969e-09 8.5399325072771190e-11
1.2948684121375305e+02 5.1365675631913530e-09 8.5389656009685636e-11
1.3651574059313171e+02 5.1276933235837368e-09 8.5379974681198774e-11
1.4392618782727527e+02 5.1188216090079468e-09 8.5370261931527276e-11
1.5173889437577682e+02 5.1099543119957611e-09 8.5360548877924391e-11
1.5997569597281989e+02 5.1010902496586667e-09 8.5350815652712382e-11
1.6865961365587435e+02 5.0922300600433837e-09 8.5341073080890863e-11
1.7781491810719729e+02 5.0833737679580265e-09 8.5331321287767551e-11
1.8746719748796264e+02 5.0745197441536379e-09 8.5321532942990023e-11
1.9764342895461644e+02 5.0656701360554591e-09 8.5311743859580274e-11
2.0837205405733278e+02 5.0568242542553658e-09 8.5301942538915822e-11
2.1968305823130657e+02 5.0479812963364615e-09 8.5292115064727319e-11
2.3160805460304624e+02 5.0391423118997338e-09 8.5282279427144894e-11
2.4418037234590486e+02 5.0303065139688351e-09 8.5272421763572609e-11
2.5743514983179108e+02 5.0214746495625934e-09 8.5262554736798541e-11
2.7140943283940481e+02 5.0126455482322400e-09 8.5252659128058008e-11
2.8614227809348910e+02 5.0038212336952128e-09 8.5242767867477358e-11
3.0167486242447222e+02 4.9950002297495742e-09 8.5232856456088307e-11
3.1805059785359703e+02 4.9861824000498866e-09 8.5222922621729884e-11
3.3531525292517904e+02 4.9773684011356318e-09 8.5212977233530899e-11
3.5351708062511653e+02 4.9685583833133256e-09 8.5203022853954213e-11
3.7270695324316688e+02 4.9597508875121323e-09 8.5193034180671263e-11
3.9293850455590956e+02 4.9509473291195672e-09 8.5183035400023624e-11
4.1426827972779517e+02 4.9421474843405904e-09 8.5173022680509316e-11
4.3675589334922915e+02 4.9333514504163876e-09 8.5162997486995798e-11
4.6046419605339850e+02 4.9245598151670925e-09 8.5152969872408134e-11
4.8545945017750682e+02 4.9157709714402334e-09 8.5142911982912947e-11
5.1181151495938849e+02 4.9069859231179918e-09 8.5132841239647018e-11
5.3959404178710145e+02 4.8982040946140210e-09 8.5122747203819230e-11
5.6888468004719152e+02 4.8894258255381791e-09 8.5112635997366348e-11
5.9976529414697416e+02 4.8806512973166250e-09 8.5102510167893350e-11
6.3232219231736985e+02 4.8718800887827422e-09 8.5092362824432596e-11
6.6664636783579192e+02 4.8631141336616463e-09 8.5082227024468459e-11
7.0283375334325729e+02 4.8543500091647582e-09 8.5072043508176322e-11
7.4098548896653620e+02 4.8455906717971945e-09 8.5061863157950355e-11
7.8120820499470574e+02 4.8368351233116902e-09 8.5051668997985938e-11
8.2361431990014512e+02 4.8280813893644580e-09 8.5041425677469271e-11
8.6832235453693909e+02 4.8193335623423500e-09 8.5031205505523283e-11
9.1545726339481928e+02 4.8105880151986888e-09 8.5020944293807118e-11
9.6515078383448611e+02 4.8018461914250516e-09 8.5010667288953216e-11
1.0175418042803575e+03 4.7931081893417398e-09 8.5000376118428419e-11
1.0727767523998434e+03 4.7843747050691104e-09 8.4990083171768408e-11
1.1310100043540522e+03 4.7756437238257826e-09 8.4979752496782393e-11
1.1924043162637236e+03 4.7669174987167334e-09 8.4969423954073015e-11
1.2571312790963325e+03 4.7581947522238250e-09 8.4959074591113675e-11
1.3253717982456933e+03 4.7494748539636551e-09 8.4948693224753144e-11
1.3973165991444710e+03 4.7407594634184365e-09 8.4938309205814006e-11
1.4731667603226936e+03 4.7320473469887168e-09 8.4927900592820894e-11
1.5531342754021580e+03 4.7233394204430121e-09 8.4917483393819090e-11
1.6374426455974335e+03 4.7146350900310102e-09 8.4907046972741816e-11
1.7263275043794047e+03 4.7059333334308638e-09 8.4896572703749753e-11
1.8200372760472912e+03 4.6972362827311752e-09 8.4886098860986528e-11
1.9188338700497370e+03 4.6885431412810537e-09 8.4875610961652089e-11
2.0229934129955636e+03 4.6798538271812857e-09 8.4865107453134722e-11
2.1328070204000305e+03 4.6711673220121658e-09 8.4854569811873032e-11
2.2485816103236230e+03 4.6624850707733637e-09 8.4844023891266305e-11
2.3706407611773802e+03 4.6538069624470014e-09 8.4833467867136497e-11
2.4993256160921947e+03 4.6451324805197018e-09 8.4822891858691004e-11
2.6349958363797964e+03 4.6364612055986147e-09 8.4812288420460692e-11
2.7780306067501729e+03 4.6277947850994506e-09 8.4801687085534022e-11
2.9288296950949680e+03 4.6191307123345254e-09 8.4791042268225404e-11
3.0878145697987634e+03 4.6104709137386568e-09 8.4780389023109399e-11
3.2554295777011171e+03 4.6018160204001364e-09 8.4769738616759990e-11
3.4321431860016028e+03 4.5931633320733105e-09 8.4759041452207177e-11
3.6184492915787851e+03 4.5845149096577078e-09 8.4748335295195900e-11
3.8148686013826750e+03 4.5758705658583568e-09 8.4737616635455982e-11
4.0219500877586106e+03 4.5672296201863288e-09 8.4726872273759603e-11
4.2402725227701449e+03 4.5585926310577390e-09 8.4716113227521861e-11
4.4704460958090849e+03 4.5499603744025998e-09 8.4705353104863945e-11
4.7131141190138978e+03 4.5413300796234116e-09 8.4694540653994535e-11
4.9689548252628892e+03 4.5327052172380497e-09 8.4683740072183295e-11
5.2386832637672742e+03 4.5240829572917928e-09 8.4672898627671211e-11
5.5230532985623167e+03 4.5154654939973866e-09 8.4662057051799846e-11
5.8228597154819745e+03 4.5068510191070002e-09 8.4651181390191373e-11
6.1389404435058896e+03 4.4982406731907386e-09 8.4640292700970460e-11
6.4721788966871436e+03 4.4896343216854142e-09 8.4629388647459564e-11
6.8235064432063646e+03 4.4810313651733361e-09 8.4618457619895518e-11
7.1939050084525870e+03 4.4724328710203527e-09 8.4607519634501996e-11
7.5844098194066955e+03 4.4638379899501674e-09 8.4596558422581308e-11
7.9961122979973852e+03 4.4552467932560280e-09 8.4585575325199712e-11
8.4301631115163909e+03 4.4466605455690038e-09 8.4574593960681806e-11
8.8877753886186056e+03 4.4380758931853321e-09 8.4563551009663852e-11
9.3702281098954136e+03 4.4294968006953122e-09 8.4552521067957097e-11
9.8788696824978124e+03 4.4209214123347106e-09 8.4541468933442968e-11
1.0415121708799434e+04 4.4123501161164578e-09 8.4530401771511613e-11
1.0980482959633298e+04 4.4037818044154355e-09 8.4519298588019657e-11
1.1576533563206498e+04 4.3952170880169425e-09 8.4508170450957975e-11
1.2204939421400648e+04 4.3866575462510081e-09 8.4497047601169240e-11
1.2867456865801210e+04 4.3781014702482610e-09 8.4485897388987861e-11
1.3565937566468720e+04 4.3695492159382664e-09 8.4474726135103818e-11
1.4302333707171809e+04 4.3610004927864394e-09 8.4463528477404039e-11
1.5078703441545475e+04 4.3524558947097685e-09 8.4452315063116610e-11
1.5897216645425040e+04 4.3439153854933608e-09 8.4441085777247009e-11
1.6760160981432273e+04 4.3353778633765769e-09 8.4429818578069560e-11
1.7669948292763824e+04 4.3268461750171282e-09 8.4418568895682468e-11
1.8629121344051979e+04 4.3183169276618522e-09 8.4407270436219005e-11
1.9640360928137674e+04 4.3097923842870287e-09 8.4395967140364465e-11
2.0706493358618936e+04 4.3012710411297356e-09 8.4384629538035132e-11
2.1830498369114524e+04 4.2927546866894268e-09 8.4373292543493337e-11
2.3015517441321979e+04 4.2842404915275805e-09 8.4361900372915372e-11
2.4264862585145012e+04 4.2757315299667156e-09 8.4350513201841069e-11
2.5582025595430256e+04 4.2672266727376173e-09 8.4339108581997692e-11
2.6970687811184966e+04 4.2587254533536057e-09 8.4327677511300103e-11
2.8434730404551614e+04 4.2502281391571965e-09 8.4316225008371945e-11
2.9978245228296688e+04 4.2417348307135775e-09 8.4304752713286255e-11
3.1605546252129643e+04 4.2332454996065601e-09 8.4293259744304626e-11
3.3321181619817660e+04 4.2247604372501362e-09 8.4281752069531583e-11
3.5129946360792928e+04 4.2162781237791452e-09 8.4270199394455255e-11
3.7036895791780800e+04 4.2078010042634649e-09 8.4258649527806556e-11
3.9047359645904922e+04 4.1993279163839047e-09 8.4247079913855551e-11
4.1166956968758626e+04 4.1908587819141796e-09 8.4235488405398431e-11
4.3401611823076615e+04 4.1823934987007403e-09 8.4223873125517020e-11
4.5757569845897349e+04 4.1739312882676278e-09 8.4212217966909053e-11
4.8241415704495244e+04 4.1654740836343600e-09 8.4200561535888105e-11
5.0860091499867565e+04 4.1570205186487360e-09 8.4188876430644877e-11
5.3620916169213124e+04 4.1485712243903247e-09 8.4177174926987383e-11
5.6531605941630449e+04 4.1401260574025450e-09 8.4165454219143982e-11
5.9600295904206891e+04 4.1316845730723012e-09 8.4153704770754714e-11
6.2835562738775167e+04 4.1232477464112532e-09 8.4141946561826480e-11
6.6246448692880716e+04 4.1148151781615250e-09 8.4130171267846691e-11
6.9842486851961032e+04 4.1063855566412282e-09 8.4118352035465648e-11
7.3633727783366718e+04 4.0979605199749679e-09 8.4106521761710426e-11
7.7630767626693065e+04 4.0895399154880871e-09 8.4094677277858804e-11
8.1844777708931419e+04 4.0811219254225576e-09 8.4082781569923298e-11
8.6287535767211593e+04 4.0727097556837189e-09 8.4070899476500102e-11
9.0971458866401750e+04 4.0643012306016436e-09 8.4058986776048677e-11
9.5909638103562014e+04 4.0558961203989133e-09 8.4047038308470830e-11
1.0111587519625400e+05 4.0474956181967027e-09 8.4035078544962282e-11
1.0660472105696212e+05 4.0390989191124430e-09 8.4023090519758303e-11
1.1239151646144010e+05 4.0307061217321486e-09 8.4011075987812544e-11
1.1849243492464635e+05 4.0223178372377306e-09 8.3999047790205607e-11
1.2492452790410182e+05 4.0139339129465553e-09 8.3987002469775697e-11
1.3170577245701203e+05 4.0055537904348735e-09 8.3974927930110305e-11
1.3885512148434279e+05 3.9971777243758692e-09 8.3962829763094043e-11
1.4639255670228665e+05 3.9888063001493339e-09 8.3950719585055011e-11
1.5433914448916260e+05 3.9804378548396994e-09 8.3938562577846113e-11
1.6271709476383874e+05 3.9720748324007984e-09 8.3926409839385678e-11
1.7154982306023623e+05 3.9637156381892947e-09 8.3914227789478665e-11
1.8086201597140630e+05 3.9553596649789366e-09 8.3902003271417012e-11
1.9067970014609423e+05 3.9470089264508951e-09 8.3889778260241834e-11
2.0103031503061761e+05 3.9386619823752465e-09 8.3877522357662534e-11
2.1194278955938018e+05 3.9303192507172925e-09 8.3865244751926627e-11
2.2344762300835215e+05 3.9219805600129981e-09 8.3852940965340368e-11
2.3557697023749922e+05 3.9136468586005826e-09 8.3840631130358676e-11
2.4836473156040336e+05 3.9053152119886550e-09 8.3828252685939699e-11
2.6184664749225104e+05 3.8969896779201383e-09 8.3815891606324127e-11
2.7606039864100626e+05 3.8886676927578287e-09 8.3803493405785073e-11
2.9104571102093864e+05 3.8803503154128024e-09 8.3791080171056148e-11
3.0684446708286821e+05 3.8720358612542692e-09 8.3778615665914465e-11
3.2350082277142967e+05 3.8637276829325119e-09 8.3766171692367316e-11
3.4106133093652554e+05 3.8554220160992931e-09 8.3753667497184040e-11
3.5957507144389057e+05 3.8471209855790856e-09 8.3741147762799009e-11
3.7909378834841069e+05 3.8388243335533175e-09 8.3728607461140908e-11
3.9967203451359272e+05 3.8305317869965629e-09 8.3716040021952195e-11
4.2136732408135786e+05 3.8222434211240538e-09 8.3703447243869671e-11
4.4424029321832780e+05 3.8139593323328512e-09 8.3690830728342467e-11
4.6835486958785041e+05 3.8056802085017236e-09 8.3678205749320034e-11
4.9377845102143136e+05 3.7974041258677607e-09 8.3665529281819702e-11
5.2058209388893889e+05 3.7891335635346994e-09 8.3652855893774575e-11
5.4884071169405582e+05 3.7808665125506027e-09 8.3640141239192889e-11
5.7863328445004602e+05 3.7726038656197470e-09 8.3627404649913468e-11
6.1004307942098693e+05 3.7643451632409826e-09 8.3614636004102011e-11
6.4315788384546142e+05 3.7560916274635851e-09 8.3601861641261465e-11
6.7807025029311632e+05 3.7478415292249981e-09 8.3589043364234225e-11
7.1487775533984695e+05 3.7395959785605598e-09 8.3576205676471689e-11
7.5368327228457690e+05 3.7313547341519683e-09 8.3563342513205506e-11
7.9459525866984716e+05 3.7231177237379804e-09 8.3550452592290297e-11
8.3772805940982304e+05 3.7148851301136710e-09 8.3537539439739654e-11
8.8320222637288575e+05 3.7066566828923886e-09 8.3524596749867469e-11
9.3114485531207139e+05 3.6984334873313413e-09 8.3511649455774895e-11
9.8168994108499936e+05 3.6902129636495521e-09 8.3498639068391415e-11
1.0349787521561102e+06 3.6819982181634268e-09 8.3485635204267943e-11
1.0911602254279095e+06 3.6737874902893252e-09 8.3472598016118866e-11
1.1503913825047235e+06 3.6655811790411769e-09 8.3459536613674368e-11
1.2128377685524139e+06 3.6573791138119179e-09 8.3446446311247447e-11
1.2786739149805470e+06 3.6491806519077120e-09 8.3433312743704856e-11
1.3480838272402636e+06 3.6409871444637796e-09 8.3420166126656616e-11
1.4212614991011249e+06 3.6327985782994498e-09 8.3407006076380336e-11
1.4984114548443160e+06 3.6246134383765728e-09 8.3393797672438459e-11
1.5797493208875759e+06 3.6164333531655581e-09 8.3380578031236186e-11
1.6655024284394826e+06 3.6082575502197270e-09 8.3367329185597352e-11
1.7559104488674961e+06 3.6000858341053300e-09 8.3354046301541491e-11
1.8512260635554413e+06 3.5919183965446367e-09 8.3340733768118156e-11
1.9517156701227564e+06 3.5837561173178372e-09 8.3327411180806026e-11
2.0576601269792139e+06 3.5755969882301664e-09 8.3314032450489459e-11
2.1693555382961151e+06 3.5674433392638240e-09 8.3300650649646159e-11
2.2871140815878613e+06 3.5592941961971882e-09 8.3287243711045859e-11
2.4112648802169068e+06 3.5511489204595375e-09 8.3273795871727430e-11
2.5421549232607093e+06 3.5430081517830027e-09 8.3260322175922663e-11
2.6801500353114749e+06 3.5348723388555202e-09 8.3246832515330940e-11
2.8256358989193798e+06 3.5267409408059099e-09 8.3233314236190328e-11
2.9790191325367508e+06 3.5186133283210350e-09 8.3219752340993262e-11
3.1407284269760125e+06 3.5104904031376368e-09 8.3206167394716093e-11
3.3112157435576748e+06 3.5023719410158532e-09 8.3192554284737255e-11
3.4909575772970519e+06 3.4942584737091373e-09 8.3178925057310172e-11
3.6804562886602748e+06 3.4861495499891807e-09 8.3165269231198763e-11
3.8802415076115178e+06 3.4780443241165958e-09 8.3151565769728548e-11
4.0908716138758836e+06 3.4699441336827058e-09 8.3137846620924801e-11
4.3129352975549316e+06 3.4618485928892758e-09 8.3124102264182704e-11
4.5470532044566898e+06 3.4537569444010851e-09 8.3110314600163554e-11
4.7938796707386766e+06 3.4456705320012413e-09 8.3096515091886441e-11
5.0541045517120603e+06 3.4375880173602336e-09 8.3082671427343938e-11
5.3284551499184091e+06 3.4295099767047713e-09 8.3068797425107194e-11
5.6176982478675051e+06 3.4214368334524234e-09 8.3054902952137385e-11
5.9226422511179177e+06 3.4133682152618715e-09 8.3040978508378045e-11
6.2441394476897577e+06 3.4053047226700846e-09 8.3027038555017091e-11
6.5830883901245249e+06 3.3972444105452073e-09 8.3013035753167160e-11
6.9404364068496907e+06 3.3891892875428160e-09 8.2999018072599445e-11
7.3171822498669624e+06 3.3811393630298466e-09 8.2984986329994454e-11
7.7143788861644566e+06 3.3730933254041888e-09 8.2970907700517818e-11
8.1331364406540468e+06 3.3650523935584451e-09 8.2956811651064404e-11
8.5746252988596894e+06 3.3570156631410787e-09 8.2942676036167665e-11
9.0400793780279905e+06 3.3489841135901715e-09 8.2928524414761936e-11
9.5307995758036207e+06 3.3409560583680171e-09 8.2914314921416321e-11
1.0048157406108258e+07 3.3329336684574666e-09 8.2900101049983054e-11
1.0593598832384910e+07 3.3249154085455871e-09 8.2885844419550765e-11
1.1168648308921436e+07 3.3169017045854713e-09 8.2871555440416917e-11
1.1774913041547706e+07 3.3088929652292258e-09 8.2857243730742032e-11
1.2414087479615483e+07 3.3008881290130849e-09 8.2842882658300774e-11
1.3087958051815016e+07 3.2928887331310574e-09 8.2828510071390462e-11
1.3798408159064721e+07 3.2848940916843896e-09 8.2814109247193824e-11
1.4547423438428584e+07 3.2769038959438861e-09 8.2799671344046594e-11
1.5337097312773282e+07 3.2689180339313587e-09 8.2785193454502184e-11
1.6169636841676177e+07 3.2609371122240118e-09 8.2770690834276685e-11
1.7047368889935955e+07 3.2529606663267000e-09 8.2756151199771383e-11
1.7972746630927470e+07 3.2449886933369352e-09 8.2741574005214063e-11
1.8948356402976170e+07 3.2370224728681360e-09 8.2726991838536119e-11
1.9976924937915292e+07 3.2290604896337922e-09 8.2712365462568478e-11
2.1061326982028890e+07 3.2211026766205399e-09 8.2697693277112047e-11
2.2204593330680378e+07 3.2131501369700234e-09 8.2683002780311868e-11
2.3409919299083084e+07 3.2052026239232793e-09 8.2668287533520571e-11
2.4680673652886510e+07 3.1972587002718589e-09 8.2653510032878520e-11
2.6020408023540042e+07 3.1893211208008199e-09 8.2638741276158062e-11
2.7432866834747914e+07 3.1813866087605066e-09 8.2623896228611223e-11
2.8921997767759327e+07 3.1734577332383277e-09 8.2609041035106484e-11
3.0491962794743106e+07 3.1655327633545853e-09 8.2594130158043741e-11
3.2147149811083931e+07 3.1576140151589858e-09 8.2579223743251854e-11
3.3892184899112016e+07 3.1496987993000208e-09 8.2564251596538335e-11
3.5731945257540256e+07 3.1417887748815260e-09 8.2549256206716570e-11
3.7671572832747810e+07 3.1338840479462809e-09 8.2534240472505796e-11
3.9716488690006323e+07 3.1259840519337837e-09 8.2519188887989076e-11
4.1872408164815739e+07 3.1180884192367583e-09 8.2504091725537618e-11
4.4145356836695947e+07 3.1101972308872882e-09 8.2488950526394302e-11
4.6541687370079286e+07 3.1023112992093239e-09 8.2473786796840185e-11
4.9068097269373670e+07 3.0944304183719202e-09 8.2458594070641685e-11
5.1731647597817078e+07 3.0865546077319426e-09 8.2443373044456464e-11
5.4539782712444551e+07 3.0786833108717334e-09 8.2428108558638236e-11
5.7500351070322074e+07 3.0708166836827533e-09 8.2412804392576564e-11
6.0621627164199904e+07 3.0629549438614898e-09 8.2397465645027078e-11
6.3912334648893043e+07 3.0550976322612615e-09 8.2382080175707408e-11
6.7381670723024532e+07 3.0472462177843201e-09 8.2366686415858961e-11
7.1039331834277734e+07 3.0393993628811885e-09 8.2351248671591108e-11
7.4895540779997200e+07 3.0315574004073189e-09 8.2335775302121367e-11
7.8961075278886780e+07 3.0237200433842975e-09 8.2320258229613564e-11
8.3247298093656391e+07 3.0158875007742084e-09 8.2304702750968343e-11
8.7766188788808376e+07 3.0080601795342092e-09 8.2289119364403352e-11
9.2530377212323368e+07 3.0002372586389646e-09 8.2273485453206590e-11
9.7553178794823021e+07 2.9924203009410151e-09 8.2257843218372358e-11
1.0284863176487003e+08 2.9846074601400950e-09 8.2242142330902166e-11
1.0843153638441062e+08 2.9767998335828325e-09 8.2226411761597003e-11
1.1431749631403294e+08 2.9689970559622379e-09 8.2210641261077635e-11
1.2052296222363319e+08 2.9611993666104442e-09 8.2194837324884087e-11
1.2706527777040137e+08 2.9534069853904187e-09 8.2179005499421470e-11
1.3396272807260257e+08 2.9456193398698237e-09 8.2163129499763030e-11
1.4123459081466243e+08 2.9378361805378124e-09 8.2147202126809420e-11
1.4890119012636623e+08 2.9300582293393990e-09 8.2131243045861380e-11
1.5698395338676703e+08 2.9222859683050613e-09 8.2115265112352838e-11
1.6550547111157772e+08 2.9145177985550020e-09 8.2099223549676371e-11
1.7448956009139514e+08 2.9067554012164669e-09 8.2083164866733294e-11
1.8396132995726082e+08 2.8989975694261258e-09 8.2067054580251793e-11
1.9394725335955957e+08 2.8912449659431151e-09 8.2050911505574270e-11
2.0447523995644245e+08 2.8834972837135150e-09 8.2034726216975951e-11
2.1557471441852859e+08 2.8757547185550214e-09 8.2018503556916369e-11
2.2727669866791397e+08 2.8680175795328590e-09 8.2002252522477398e-11
2.3961389858135647e+08 2.8602846944881120e-09 8.1985938766622384e-11
2.5262079539991891e+08 2.8525578275563116e-09 8.1969612547385670e-11
2.6633374210060790e+08 2.8448351110422015e-09 8.1953219969196863e-11
2.8079106499929619e+08 2.8371178443299916e-09 8.1936798062701754e-11
2.9603317086896074e+08 2.8294060800898078e-09 8.1920347142086636e-11
3.1210265987256998e+08 2.8216989885249754e-09 8.1903843805098766e-11
3.2904444462627482e+08 2.8139973311423653e-09 8.1887308962430017e-11
3.4690587572570109e+08 2.8063006860073945e-09 8.1870730455753116e-11
3.6573687408611220e+08 2.7986087112658733e-09 8.1854097515285688e-11
3.8559007046640140e+08 2.7909228147057466e-09 8.1837451236611053e-11
4.0652095256678104e+08 2.7832420000546992e-09 8.1820761410627011e-11
4.2858802011138147e+08 2.7755652448335708e-09 8.1803998197839487e-11
4.5185294834912658e+08 2.7678941881394453e-09 8.1787208955010662e-11
4.7638076042988038e+08 2.7602287855996873e-09 8.1770391891238311e-11
5.0224000913767987e+08 2.7525680365192055e-09 8.1753517420578596e-11
5.2950296848888642e+08 2.7449127816376110e-09 8.1736609591042268e-11
5.5824583573087215e+08 2.7372630196875320e-09 8.1719667936527955e-11
5.8854894430567896e+08 2.7296178688052598e-09 8.1702665948158821e-11
6.2049698837399340e+08 2.7219782203193137e-09 8.1685629463684126e-11
6.5417925952685094e+08 2.7143441532565874e-09 8.1668560636729511e-11
6.8968989634669423e+08 2.7067143526244884e-09 8.1651419779530287e-11
7.2712814751534271e+08 2.6990908749551489e-09 8.1634267623352706e-11
7.6659864920409739e+08 2.6914716443255151e-09 8.1617041778391241e-11
8.0821171752143085e+08 2.6838587978219560e-09 8.1599805454889514e-11
8.5208365683543980e+08 2.6762504345044213e-09 8.1582501729254920e-11
8.9833708483297694e+08 2.6686479785154664e-09 8.1565172378742286e-11
9.4710127522381628e+08 2.6610502414361893e-09 8.1547781536805422e-11
9.9851251904773176e+08 2.6534579537761294e-09 8.1530350326496818e-11
1.0527145055943890e+09 2.6458713603696645e-09 8.1512886153024119e-11
1.1098587240004892e+09 2.6382902679701085e-09 8.1495382464730592e-11
1.1701048866468375e+09 2.6307138919342523e-09 8.1477814656274711e-11
1.2336213755384183e+09 2.6231429129062871e-09 8.1460203432401327e-11
1.3005857129153392e+09 2.6155774453358861e-09 8.1442551375578796e-11
1.3711850574097290e+09 2.6080173300823770e-09 8.1424853234274460e-11
1.4456167271353791e+09 2.6004625825971046e-09 8.1407109180538707e-11
1.5240887511722343e+09 2.5929131871576021e-09 8.1389317731670943e-11
1.6068204509867930e+09 2.5853688302186037e-09 8.1371468874082471e-11
1.6940430534137902e+09 2.5778303133771749e-09 8.1353587371944662e-11
1.7860003369119937e+09 2.5702975383456565e-09 8.1335669109890674e-11
1.8829493129007325e+09 2.5627699155515797e-09 8.1317695597636407e-11
1.9851609440810966e+09 2.5552475526210858e-09 8.1299669544567173e-11
2.0929209017495613e+09 2.5477303911982428e-09 8.1281587942864168e-11
2.2065303642208323e+09 2.5402190928426484e-09 8.1263471840401382e-11
2.3263068585910063e+09 2.5327133560996355e-09 8.1245311148834457e-11
2.4525851481942220e+09 2.5252127695151811e-09 8.1227091996752788e-11
2.5857181682325807e+09 2.5177181196798010e-09 8.1208838785079599e-11
2.7260780121949048e+09 2.5102280988361669e-09 8.1190509555775464e-11
2.8740569718208113e+09 2.5027444178068934e-09 8.1172158302690674e-11
3.0300686335168486e+09 2.4952660311054426e-09 8.1153750995114787e-11
3.1945490342893476e+09 2.4877928635702291e-09 8.1135284227017039e-11
3.3679578804240880e+09 2.4803256168846593e-09 8.1116780791037113e-11
3.5507798323196435e+09 2.4728640341001863e-09 8.1098231306864584e-11
3.7435258590645523e+09 2.4654075321859977e-09 8.1079616616534795e-11
3.9467346665450606e+09 2.4579566005509480e-09 8.1060951300920425e-11
4.1609742030741715e+09 2.4505115683324206e-09 8.1042246652697916e-11
4.3868432467503242e+09 2.4430722983571488e-09 8.1023496542663644e-11
4.6249730789825916e+09 2.4356378178920368e-09 8.1004669060525689e-11
4.8760292488588591e+09 2.4282095104501814e-09 8.0985808940488789e-11
5.1407134332893200e+09 2.4207865666954466e-09 8.0966889207395686e-11
5.4197653981230268e+09 2.4133705284833420e-09 8.0947959648532561e-11
5.7139650657197962e+09 2.4059579308708213e-09 8.0928905216643688e-11
6.0241346947551718e+09 2.3985524176346317e-09 8.0909846093299805e-11
6.3511411783511076e+09 2.3911524209820354e-09 8.0890729829743818e-11
6.6958984669559708e+09 2.3837580556104553e-09 8.0871559295544488e-11
7.0593701227443171e+09 2.3763687624340885e-09 8.0852315296835271e-11
7.4425720126773272e+09 2.3689855410672525e-09 8.0833030345834519e-11
7.8465751477490025e+09 2.3616089522558321e-09 8.0813723708294286e-11
8.2725086763552952e+09 2.3542366673273606e-09 8.0794315027755828e-11
8.7215630401508884e+09 2.3468706875441365e-09 8.0774871937823887e-11
9.1949933012144527e+09 2.3395104832609548e-09 8.0755375260807087e-11
9.6941226498222542e+09 2.3321558764683100e-09 8.0735819564757635e-11
1.0220346102632174e+10 2.3248070607551424e-09 8.0716209423646957e-11
1.0775134401616503e+10 2.3174643868880232e-09 8.0696556464375337e-11
1.1360038124638155e+10 2.3101269076983152e-09 8.0676828511014505e-11
1.1976692019161453e+10 2.3027954552514018e-09 8.0657052057266089e-11
1.2626819571207712e+10 2.2954694190251888e-09 8.0637206189081063e-11
1.3312237822326147e+10 2.2881501712867633e-09 8.0617337932675372e-11
1.4034862448044165e+10 2.2808360936857658e-09 8.0597389843922512e-11
1.4796713111988209e+10 2.2735285432396246e-09 8.0577409230299017e-11
1.5599919110642685e+10 2.2662257968375775e-09 8.0557333813302470e-11
1.6446725324519951e+10 2.2589292391655060e-09 8.0537213169972550e-11
1.7339498492377888e+10 2.2516384087389467e-09 8.0517028509008576e-11
1.8280733826017929e+10 2.2443546295690697e-09 8.0496827582626594e-11
1.9273061984152241e+10 2.2370749617737277e-09 8.0476504486241697e-11
2.0319256424833031e+10 2.2298020208095573e-09 8.0456151647617725e-11
2.1422241156989460e+10 2.2225351040312711e-09 8.0435743403791835e-11
2.2585098912741726e+10 2.2152740895062974e-09 8.0415274429347196e-11
2.3811079763327972e+10 2.2080194373775231e-09 8.0394761052605102e-11
2.5103610202729889e+10 2.2007701749775496e-09 8.0374167058443475e-11
2.6466302724380535e+10 2.1935273026774694e-09 8.0353527831983585e-11
2.7902965917721859e+10 2.1862899643463967e-09 8.0332811527175061e-11
2.9417615112833149e+10 2.1790585534446970e-09 8.0312031797391339e-11
3.1014483602875629e+10 2.1718328841296007e-09 8.0291181313400373e-11
3.2698034475725754e+10 2.1646143019841802e-09 8.0270308159925169e-11
3.4472973087857887e+10 2.1574008556150611e-09 8.0249339970518444e-11
3.6344260215347298e+10 2.1501937242176141e-09 8.0228319691256946e-11
3.8317125918742950e+10 2.1429926694757060e-09 8.0207237184126451e-11
4.0397084160563110e+10 2.1357972356621819e-09 8.0186075126949450e-11
4.2589948216271912e+10 2.1286088433419933e-09 8.0164885692573738e-11
4.4901846921800789e+10 2.1214254833865762e-09 8.0143592604750750e-11
4.7339241803035286e+10 2.1142488229611692e-09 8.0122258152344259e-11
4.9908945135131424e+10 2.1070780512298264e-09 8.0100850241629215e-11
5.2618138982146675e+10 2.0999138945128102e-09 8.0079396012161982e-11
5.5474395270190392e+10 2.0927552423033651e-09 8.0057852361426313e-11
5.8485696950199257e+10 2.0856028998853495e-09 8.0036248687076141e-11
6.1660460309490730e+10 2.0784568238232302e-09 8.0014583516469595e-11
6.5007558494441391e+10 2.0713166569511846e-09 7.9992841212068641e-11
6.8536346310048447e+10 2.0641825584855200e-09 7.9971027582237209e-11
7.2256686365670837e+10 2.0570550928184031e-09 7.9949162674142364e-11
7.6178976640040726e+10 2.0499341964468948e-09 7.9927244586759806e-11
8.0314179542573608e+10 2.0428184951515608e-09 7.9905218103940211e-11
8.4673852552205246e+10 2.0357096434652443e-09 7.9883146873558038e-11
8.9270180519395081e+10 2.0286073130129664e-09 7.9861016964144042e-11
9.4116009721560379e+10 2.0215105526816271e-09 7.9838791217333252e-11
9.9224883767143799e+10 2.0144207000777492e-09 7.9816519602482792e-11
1.0461108144863968e+11 2.0073368133119496e-09 7.9794166047521298e-11
1.1028965665039783e+11 2.0002593197092408e-09 7.9771744798231913e-11
1.1627648042272406e+11 1.9931879221249890e-09 7.9749244407875224e-11
1.2258828533987689e+11 1.9861233677243964e-09 7.9726692790248532e-11
1.2924271226594746e+11 1.9790649390702950e-09 7.9704059959243788e-11
1.3625835965930417e+11 1.9720124876769586e-09 7.9681340617176336e-11
1.4365483555343378e+11 1.9649667330030674e-09 7.9658561348820839e-11
1.5145281235942715e+11 1.9579272220111992e-09 7.9635702952100430e-11
1.5967408464331061e+11 1.9508950672707884e-09 7.9612810138956330e-11
1.6834163003967712e+11 1.9438678990044819e-09 7.9589786112746293e-11
1.7747967347187500e+11 1.9368473028407363e-09 7.9566692841235929e-11
1.8711375485825751e+11 1.9298337668109112e-09 7.9543549932649001e-11
1.9727080049369171e+11 1.9228272033231580e-09 7.9520353021208514e-11
2.0797919830587402e+11 1.9158260602177836e-09 7.9497037660282770e-11
2.1926887719673914e+11 1.9088315045733331e-09 7.9473649869337321e-11
2.3117139069076199e+11 1.9018435451752329e-09 7.9450189941873567e-11
2.4372000512390137e+11 1.8948622774732338e-09 7.9426660182864458e-11
2.5694979261967871e+11 1.8878877502023109e-09 7.9403061746405361e-11
2.7089772911227307e+11 1.8809193350664472e-09 7.9379367520974071e-11
2.8560279769054614e+11 1.8739574383309718e-09 7.9355593138845180e-11
3.0110609755189783e+11 1.8670024760803047e-09 7.9331755072289625e-11
3.1745095887039838e+11 1.8600541324224567e-09 7.9307838939205051e-11
3.3468306390031189e+11 1.8531116609122954e-09 7.9283811836661452e-11
3.5285057465342596e+11 1.8461768055395228e-09 7.9259746494576705e-11
3.7200426750705353e+11 1.8392478502133660e-09 7.9235569816389431e-11
3.9219767511895398e+11 1.8323256317226785e-09 7.9211315057268887e-11
4.1348723604573914e+11 1.8254103072644909e-09 7.9186988882947274e-11
4.3593245248302478e+11 1.8185015784056723e-09 7.9162576537543000e-11
4.5959605656809576e+11 1.8115995907148123e-09 7.9138083286688802e-11
4.8454418570998566e+11 1.8047043261565351e-09 7.9113507524382426e-11
5.1084656743691736e+11 1.7978159050384630e-09 7.9088852996200409e-11
5.3857671427776416e+11 1.7909338211605197e-09 7.9064096497422705e-11
5.6781212922225195e+11 1.7840586374459248e-09 7.9039261474475775e-11
5.9863452233403735e+11 1.7771902209565573e-09 7.9014340931398873e-11
6.3113003912220276e+11 1.7703287836764226e-09 7.8989342730404008e-11
6.6538950130933398e+11 1.7634741800699717e-09 7.8964259324876427e-11
7.0150866066914331e+11 1.7566261473281357e-09 7.8939077618577182e-11
7.3958846664314819e+11 1.7497850478194465e-09 7.8913812937160381e-11
7.7973534848422803e+11 1.7429504952323764e-09 7.8888446661759347e-11
8.2206151271580029e+11 1.7361228783997170e-09 7.8862994277259745e-11
8.6668525673779126e+11 1.7293025950882390e-09 7.8837472988856343e-11
9.1373129945609473e+11 1.7224888908032020e-09 7.8811847166159360e-11
9.6333112985943433e+11 1.7156819310933329e-09 7.8786123245656924e-11
1.0156233745179240e+12 1.7088823633941644e-09 7.8760328615040842e-11
1.0707541850305356e+12 1.7020896096777939e-09 7.8734436634690977e-11
1.1288776465041504e+12 1.6953033435801201e-09 7.8708430736886162e-11
1.1901562082061042e+12 1.6885242407761617e-09 7.8682339952653397e-11
1.2547611375935884e+12 1.6817522113347298e-09 7.8656159063357294e-11
1.3228729989891428e+12 1.6749876287895589e-09 7.8629903881423853e-11
1.3946821582398723e+12 1.6682301868898497e-09 7.8603559054114438e-11
1.4703893147709309e+12 1.6614788252615563e-09 7.8577073974836887e-11
1.5502060625204429e+12 1.6547347616719254e-09 7.8550503277290809e-11
1.6343554813233228e+12 1.6479978009242778e-09 7.8523836948192388e-11
1.7230727603972244e+12 1.6412684174942202e-09 7.8497095450743237e-11
1.8166058556728003e+12 1.6345452416657945e-09 7.8470213466896063e-11
1.9152161828058479e+12 1.6278303225691123e-09 7.8443285424116405e-11
2.0191793478079087e+12 1.6211220665444094e-09 7.8416234761770475e-11
2.1287859173374822e+12 1.6144211051087084e-09 7.8389090392272884e-11
2.2443422308049189e+12 1.6077269749560797e-09 7.8361828114768088e-11
2.3661712565603267e+12 1.6010403975033526e-09 7.8334481377462312e-11
2.4946134945579849e+12 1.5943608179133321e-09 7.8307021369010950e-11
2.6300279280195410e+12 1.5876881712056731e-09 7.8279443259383078e-11
2.7727930267563857e+12 1.5810233182220223e-09 7.8251788454591400e-11
2.9233078049549053e+12 1.5743652157490039e-09 7.8224003584051131e-11
3.0819929363811885e+12 1.5677149694769675e-09 7.8196140193652384e-11
3.2492919301223379e+12 1.5610715442343044e-09 7.8168147319319721e-11
3.4256723701498564e+12 1.5544354342649885e-09 7.8140047977468805e-11
3.6116272221703364e+12 1.5478073166991762e-09 7.8111872810378155e-11
3.8076762114151357e+12 1.5411862824372257e-09 7.8083574639756218e-11
4.0143672752206675e+12 1.5345722650076678e-09 7.8055149349735864e-11
4.2322780944584282e+12 1.5279659685352963e-09 7.8026630968380441e-11
4.4620177080952051e+12 1.5213669690134691e-09 7.7997995280786525e-11
4.7042282153963779e+12 1.5147755370020448e-09 7.7969254795065958e-11
4.9595865705289189e+12 1.5081912450784620e-09 7.7940386984229002e-11
5.2288064745809580e+12 1.5016147923163557e-09 7.7911423056167547e-11
5.5126403702846914e+12 1.4950451607831261e-09 7.7882311499309149e-11
5.8118815450189258e+12 1.4884844767548426e-09 7.7853159918244244e-11
6.1273663479679229e+12 1.4819302098647562e-09 7.7823833839180229e-11
6.4599765276336504e+12 1.4753832227698426e-09 7.7794376543678367e-11
6.8106416962350898e+12 1.4688445503246265e-09 7.7764841827870269e-11
7.1803419278810898e+12 1.4623133845783523e-09 7.7735184135212074e-11
7.5701104977800166e+12 1.4557896239143609e-09 7.7705396472708892e-11
7.9810367701402549e+12 1.4492733783124490e-09 7.7675482775633922e-11
8.4142692428347422e+12 1.4427649440428442e-09 7.7645456160455434e-11
8.8710187573376016e+12 1.4362641733123740e-09 7.7615307835415853e-11
9.3525618829048594e+12 1.4297706016003843e-09 7.7585009529006088e-11
9.8602444844584570e+12 1.4232848765360702e-09 7.7554595241581836e-11
1.0395485484143645e+13 1.4168071182574063e-09 7.7524069279652095e-11
1.0959780827075232e+13 1.4103376549144012e-09 7.7493446251411525e-11
1.1554707662354051e+13 1.4038755742641345e-09 7.7462676138217334e-11
1.2181928751041707e+13 1.3974216049134243e-09 7.7431797878442140e-11
1.2843197113411367e+13 1.3909753932232911e-09 7.7400785340782418e-11
1.3540360928463947e+13 1.3845360068082358e-09 7.7369587155925498e-11
1.4275368699404477e+13 1.3781052323230174e-09 7.7338301503159733e-11
1.5050274699513006e+13 1.3716818861546184e-09 7.7306860328952112e-11
1.5867244713634084e+13 1.3652676135891512e-09 7.7275351750310423e-11
1.6728562091328035e+13 1.3588600169869726e-09 7.7243636947190575e-11
1.7636634128605711e+13 1.3524610443214647e-09 7.7211829453655058e-11
1.8593998796079957e+13 1.3460700403745768e-09 7.7179885738547981e-11
1.9603331832339410e+13 1.3396868677581202e-09 7.7147795859452095e-11
2.0667454222371582e+13 1.3333115034598218e-09 7.7115555391107512e-11
2.1789340081932758e+13 1.3269428282632230e-09 7.7083096681005194e-11
2.2972124969905707e+13 1.3205848796291117e-09 7.7050655436855994e-11
2.4219114651872066e+13 1.3142339176164443e-09 7.7018009597373802e-11
2.5533794339398105e+13 1.3078906559210415e-09 7.6985197478623644e-11
2.6919838430852312e+13 1.3015548456715638e-09 7.6952201693654689e-11
2.8381120780981027e+13 1.2952287059136694e-09 7.6919153226735970e-11
2.9921725527946898e+13 1.2889090601837698e-09 7.6885855413518636e-11
3.1545958508085188e+13 1.2825986354086149e-09 7.6852473929766141e-11
3.3258359290288004e+13 1.2762967348200023e-09 7.6818963295845491e-11
3.5063713863643754e+13 1.2700023973978812e-09 7.6785262643095037e-11
3.6967068013800289e+13 1.2637189226747237e-09 7.6751572382658633e-11
3.8973741425430875e+13 1.2574407906739733e-09 7.6717549008314349e-11
4.1089342550220359e+13 1.2511725766842701e-09 7.6683469476672127e-11
4.3319784281929453e+13 1.2449120929973923e-09 7.6649198311411649e-11
4.5671300482339367e+13 1.2386590845211091e-09 7.6614718580991710e-11
4.8150463404275414e+13 1.2324153962353260e-09 7.6580137661251248e-11
5.0764202060394031e+13 1.2261784194397365e-09 7.6545289616360396e-11
5.3519821589083477e+13 1.2199532532647029e-09 7.6510499484100849e-11
5.6425023671594703e+13 1.2137343794528237e-09 7.6475412249846057e-11
5.9487928057469414e+13 1.2075245299526819e-09 7.6440192864392616e-11
6.2717095258432000e+13 1.2013228300633003e-09 7.6404788268148652e-11
6.6121550474160656e+13 1.1951283125954501e-09 7.6369133191523383e-11
6.9710808816822703e+13 1.1889437744540864e-09 7.6333396981245553e-11
7.3494901904858172e+13 1.1827693918233054e-09 7.6297602016314971e-11
7.7484405900354859e+13 1.1766020261907597e-09 7.6261531289220782e-11
8.1690471068363031e+13 1.1704434445283235e-09 7.6225299758714381e-11
8.6124852940770109e+13 1.1642930305709850e-09 7.6188861715309365e-11
9.0799945171842375e+13 1.1581520198880724e-09 7.6152297063339951e-11
9.5728814177244766e+13 1.1520172893487202e-09 7.6115394919968895e-11
1.0092523565337294e+14 1.1458953854959570e-09 7.6078587533045593e-11
1.0640373307904212e+14 1.1397799726967567e-09 7.6041451215192659e-11
1.1217961830716486e+14 1.1336737511211371e-09 7.6004159234039186e-11
1.1826903435984775e+14 1.1275746108563194e-09 7.5966566455075384e-11
1.2468900054652222e+14 1.1214875644501226e-09 7.5929010699513893e-11
1.3145746003122064e+14 1.1154061898028808e-09 7.5891051738295947e-11
1.3859332998191898e+14 1.1093354992673444e-09 7.5853026477820109e-11
1.4611655444213959e+14 1.1032734641446966e-09 7.5814794269695785e-11
1.5404816007255122e+14 1.0972203861188422e-09 7.5776369702525296e-11
1.6241031491839272e+14 1.0911779612119933e-09 7.5737868609416294e-11
1.7122639036694125e+14 1.0851432327940990e-09 7.5699081226590232e-11
1.8052102646820031e+14 1.0791163127976832e-09 7.5660018344795334e-11
1.9032020080138700e+14 1.0730976727159728e-09 7.5620695109275264e-11
2.0065130107965912e+14 1.0670919185735975e-09 7.5581431509088067e-11
2.1154320169604897e+14 1.0610946365052406e-09 7.5541930928819171e-11
2.2302634442449391e+14 1.0551033907315685e-09 7.5502011200262160e-11
2.3513282350156472e+14 1.0491222206058223e-09 7.5461934065064549e-11
2.4789647532664522e+14 1.0431514128682574e-09 7.5421722031386963e-11
2.6135297303128153e+14 1.0371895142216752e-09 7.5381304368581088e-11
2.7553992618203438e+14 1.0312371611754164e-09 7.5340664066339953e-11
2.9049698589544319e+14 1.0252942771291838e-09 7.5299849140951742e-11
3.0626595565895256e+14 1.0193625426718430e-09 7.5258948457569025e-11
3.2289090816746438e+14 1.0134369490502728e-09 7.5217588953714072e-11
3.4041830850213300e+14 1.0075229175307127e-09 7.5176157879510401e-11
3.5889714399561806e+14 1.0016168902371118e-09 7.5134402997867314e-11
3.7837906114677519e+14 9.9572110159992353e-10 7.5092481774756749e-11
3.9891850996748031e+14 9.8983445319976628e-10 7.5050296651706025e-11
4.2057289616494856e+14 9.8395800546966559e-10 7.5007957332712746e-11
4.4340274158497531e+14 9.7808698204282682e-10 7.4965072385347762e-11
4.6747185336442112e+14 9.7223157528571619e-10 7.4922377754203411e-11
4.9284750226580862e+14 9.6638298410916834e-10 7.4879252244387887e-11
5.1960061069237206e+14 9.6054483559098809e-10 7.4835957413468707e-11
5.4780595090907500e+14 9.5471571091086265e-10 7.4792376607161746e-11
5.7754235402364925e+14 9.4889666332846509e-10 7.4748552658418479e-11
6.0889293031162988e+14 9.4308621465241260e-10 7.4704425307944427e-11
6.4194530150130750e+14 9.3728513528871841e-10 7.4659979494047487e-11
6.7679184566766538e+14 9.3149603415412754e-10 7.4615499141273779e-11
7.1352995541990450e+14 9.2571881550824642e-10 7.4570895685130579e-11
7.5226231010404012e+14 9.1994691543953537e-10 7.4525664520153482e-11
7.9309716278139638e+14 9.1418651442985822e-10 7.4480288722122467e-11
8.3614864278513812e+14 9.0843557207549855e-10 7.4434633017087652e-11
8.8153707470030375e+14 9.0269696200632719e-10 7.4388926124007804e-11
9.2938931465905112e+14 8.9696908958355637e-10 7.4342982461834983e-11
9.7983910489081562e+14 8.9124641443041744e-10 7.4296335732073339e-11
1.0330274475185292e+15 8.8554164250328913e-10 7.4250122414374701e-11
1.0891029986454454e+15 8.7983757393008271e-10 7.4202820206562973e-11
1.1482224838340665e+15 8.7414795905376384e-10 7.4155598989815369e-11
1.2105511361384932e+15 8.6846741438489874e-10 7.4107961800148811e-11
1.2762631579142282e+15 8.6279985011956018e-10 7.4060293796384829e-11
1.3455422076964318e+15 8.5714157022473945e-10 7.4012257965200922e-11
1.4185819135070942e+15 8.5149308926287282e-10 7.3963918041584821e-11
1.4955864140260858e+15 8.4585901393143771e-10 7.3915603387426302e-11
1.5767709291383395e+15 8.4023199112309970e-10 7.3866694909657283e-11
1.6623623614518860e+15 8.3461417465641984e-10 7.3817377845510885e-11
1.7525999304680610e+15 8.2900160798796729e-10 7.3767267004269196e-11
1.8477358411760028e+15 8.2340635461790175e-10 7.3717464720109128e-11
1.9480359889405102e+15 8.1781900511645378e-10 7.3667122754210185e-11
2.0537807026529012e+15 8.1224534134366638e-10 7.3616736415075098e-11
2.1652655282223618e+15 8.0668020487888156e-10 7.3565849510998939e-11
2.2828020545971890e+15 8.0112868608758393e-10 7.3514878249827840e-11
2.4067187846247110e+15 7.9558582156512274e-10 7.3463412416196303e-11
2.5373620531840505e+15 7.9005929434474580e-10 7.3412162795615984e-11
2.6750969951573560e+15 7.8452745694520983e-10 7.3359020909545308e-11
2.8203085659454745e+15 7.7902130416954426e-10 7.3306926688069745e-11
2.9734026173796625e+15 7.7352243283684125e-10 7.3254156688330903e-11
3.1348070320370595e+15 7.6803595020230141e-10 7.3201182819602049e-11
3.3049729191296750e+15 7.6255680460433866e-10 7.3147518521983087e-11
3.4843758753094775e+15 7.5708979606048146e-10 7.3093616616560172e-11
3.6735173139137070e+15 7.5163464169236388e-10 7.3039404600478678e-11
3.8729258663648285e+15 7.4619364162483922e-10 7.2985174875029202e-11
4.0831588596427750e+15 7.4075399218610874e-10 7.2929540818951658e-11
4.3048038739579205e+15 7.3534031281204258e-10 7.2875081989698062e-11
4.5384803849792850e+15 7.2992570257803468e-10 7.2818899342766163e-11
4.7848414952070430e+15 7.2453250079027559e-10 7.2763465952324269e-11
5.0445757593286330e+15 7.1914339841168171e-10 7.2706891181380722e-11
5.3184091086605840e+15 7.1375746264209189e-10 7.2649030449919987e-11
5.6071068800536880e+15 7.0839528066125523e-10 7.2592046986043489e-11
5.9114759549333700e+15 7.0304151134181691e-10 7.2534361998260405e-11
6.2323670144522920e+15 6.9771320065120140e-10 7.2477652362184204e-11
6.5706769170595040e+15 6.9238411850335347e-10 7.2419280394775752e-11
6.9273512051300620e+15 6.8706675070882542e-10 7.2360523946406104e-11
7.3033867476613230e+15 6.8175960361790727e-10 7.2301215395076836e-11
7.6998345264225730e+15 6.7646427738204863e-10 7.2241481206470584e-11
8.1178025733436010e+15 6.7117244527343210e-10 7.2180429611941766e-11
8.5584590673537230e+15 6.6590074818669631e-10 7.2119797945354218e-11
9.0230355993246500e+15 6.6063561680657788e-10 7.2058125240727657e-11
9.5128306142443840e+15 6.5538335270919435e-10 7.1996171127834214e-11
1.0029213040241042e+16 6.5014735875608786e-10 7.1934150843941523e-11
1.0573626114599934e+16 6.4493020599074353e-10 7.1872498272638989e-11
1.1147591417468142e+16 6.3971807973863116e-10 7.1809505673088368e-11
1.1752713124518328e+16 6.3451713679988189e-10 7.1745911673189874e-11
1.2390682490460160e+16 6.2932957677536183e-10 7.1681897865112991e-11
1.3063282575927502e+16 6.2415429069578064e-10 7.1617562079712806e-11
1.3772393230955398e+16 6.1898970588142162e-10 7.1552337717122655e-11
1.4519996348972822e+16 6.1384072821977856e-10 7.1487206909896702e-11
1.5308181405996418e+16 6.0871184229845832e-10 7.1422213789338329e-11
1.6139151300508018e+16 6.0357545843151040e-10 7.1354487218512027e-11
1.7015228510334812e+16 5.9846206028729636e-10 7.1287458897105757e-11
1.7938861583743858e+16 5.9336962994657043e-10 7.1220904060240765e-11
1.8912631982888744e+16 5.8827351274941239e-10 7.1151766838978605e-11
1.9939261298739364e+16 5.8320104464665079e-10 7.1083409745171366e-11
2.1021618857656348e+16 5.7813554368709049e-10 7.1013855216558164e-11
2.2162729740871020e+16 5.7308771953792451e-10 7.0944331742552658e-11
2.3365783239286364e+16 5.6804956061618237e-10 7.0873691159683535e-11
2.4634141767225024e+16 5.6302530719176903e-10 7.0802654233008453e-11
2.5971350260042880e+16 5.5801456113599005e-10 7.0731053960965617e-11
2.7381146081867572e+16 5.5301793458718230e-10 7.0658997244728868e-11
2.8867469471159260e+16 5.4804453331986656e-10 7.0587464709864839e-11
3.0434474553282836e+16 5.4306984480285722e-10 7.0513419274049125e-11
3.2086540950872488e+16 5.3811383426680493e-10 7.0439694992140055e-11
3.3828286024441084e+16 5.3315871617520922e-10 7.0363914516018493e-11
3.5664577777439412e+16 5.2822676749415769e-10 7.0288402739410887e-11
3.7600548461841592e+16 5.2330874894205227e-10 7.0212286952736184e-11
3.9641608922274256e+16 5.1840514792120783e-10 7.0135627014944509e-11
4.1793463718788728e+16 5.1351319956366750e-10 7.0057726991126318e-11
4.4062127070535552e+16 5.0864827007573836e-10 6.9981185936852192e-11
4.6453939664904960e+16 5.0377450306766185e-10 6.9900931350885143e-11
4.8975586379117104e+16 4.9892353623520389e-10 6.9821036334288425e-11
5.1634114963782984e+16 4.9408960657475646e-10 6.9740937837706047e-11
5.4436955740666360e+16 4.8927458388268937e-10 6.9661001862999676e-11
5.7391942369687336e+16 4.8446926320125452e-10 6.9579488250432222e-11
6.0507333743222152e+16 4.7967588247315866e-10 6.9496841781185375e-11
6.3791837068880952e+16 4.7489805161206591e-10 6.9413660117402302e-11
6.7254632205281440e+16 4.7012378318539800e-10 6.9328076544977939e-11
7.0905397318840104e+16 4.6538955070973425e-10 6.9245004455633536e-11
7.4754335933276064e+16 4.6064071339209397e-10 6.9157688212754763e-11
7.8812205447444896e+16 4.5592530261172207e-10 6.9071690648684517e-11
8.3090347201188816e+16 4.5121915370556567e-10 6.8984228903954258e-11
8.7600718173252608e+16 4.4652607342175102e-10 6.8895582647006069e-11
9.2355924399842928e+16 4.4184263726805536e-10 6.8805460839922331e-11
9.7369256207237392e+16 4.3718092645711186e-10 6.8715286687062436e-11
1.0265472535692405e+17 4.3253386627702031e-10 6.8624131482000642e-11
1.0822710420706837e+17 4.2789713377058741e-10 6.8531216041777583e-11
1.1410196699978491e+17 4.2327688407275353e-10 6.8437474537110422e-11
1.2029573338958101e+17 4.1867178700659526e-10 6.8342737940052344e-11
1.2682571433465677e+17 4.1409436935726282e-10 6.8248087585037807e-11
1.3371016047930110e+17 4.0951233924054201e-10 6.8151221897665945e-11
1.4096831316261549e+17 4.0495389714912412e-10 6.8053476268365053e-11
1.4862045819614189e+17 4.0042282719671105e-10 6.7955848051546572e-11
1.5668798256067011e+17 3.9589923117141382e-10 6.7856684129670575e-11
1.6519343418072166e+17 3.9139629320010658e-10 6.7757951864164201e-11
1.7416058494373594e+17 3.8689892588312914e-10 6.7655603141495710e-11
1.8361449714012931e+17 3.8241879054427895e-10 6.7552313125743421e-11
1.9358159350988925e+17 3.7794079935242298e-10 6.7445219377996230e-11
2.0408973109148749e+17 3.7348536677051088e-10 6.7336821442991411e-11
2.1516827907953018e+17 3.6905663981342733e-10 6.7230237849718361e-11
2.2684820090870928e+17 3.6464726178611111e-10 6.7122987183339047e-11
2.3916214079352256e+17 3.6025405899364898e-10 6.7014407415900739e-11
2.5214451496557690e+17 3.5587704031973593e-10 6.6904447363266768e-11
2.6583160786352995e+17 3.5151643235144536e-10 6.6793099299645022e-11
2.8026167354446563e+17 3.4717958839447362e-10 6.6682366842940347e-11
2.9547504260015411e+17 3.4285483935809323e-10 6.6568627229361841e-11
3.1151423487704230e+17 3.3854330777806922e-10 6.6452849658677237e-11
3.2842407831495699e+17 3.3424489816580292e-10 6.6334759914118671e-11
3.4625183423673792e+17 3.2996282519300051e-10 6.6214873011849981e-11
3.6504732943889158e+17 3.2569802747302210e-10 6.6093373800386956e-11
3.8486309545252832e+17 3.2145186551034464e-10 6.5970497149266695e-11
4.0575451536373485e+17 3.1721783145880380e-10 6.5844973612952942e-11
4.2777997860375629e+17 3.1301404021002823e-10 6.5719985871266255e-11
4.5100104414164538e+17 3.0882335343051917e-10 6.5592474452548132e-11
4.7548261253540269e+17 3.0462162080387046e-10 6.5457511737779530e-11
5.0129310732258048e+17 3.0048951647896841e-10 6.5330855097719865e-11
5.2850466625720346e+17 2.9635468133610817e-10 6.5198129076490455e-11
5.5719334292761037e+17 2.9223577420279105e-10 6.5063286144631990e-11
5.8743931931862400e+17 2.8809046431110278e-10 6.4916466118126234e-11
6.1932712991217190e+17 2.8400667452110183e-10 6.4775793765872819e-11
6.5294589795275034e+17 2.7994674580207592e-10 6.4635324752056933e-11
6.8838958453794842e+17 2.7587419620295695e-10 6.4485096196970717e-11
7.2575725123036890e+17 2.7189179212574079e-10 6.4351298204896918e-11
7.6515333692475430e+17 2.6784906625862104e-10 6.4192780075469661e-11
8.0668794974430195e+17 2.6385433238268918e-10 6.4041479320526775e-11
8.5047717478185101e+17 2.5994010354598558e-10 6.3902254836053756e-11
8.9664339854609600e+17 2.5598678886259350e-10 6.3745897169270999e-11
9.4531565101969894e+17 2.5205396553351273e-10 6.3587966083740792e-11
9.9662996628514112e+17 2.4814863860774166e-10 6.3428202597178058e-11
1.0507297627264517e+18 2.4425139736106579e-10 6.3263444631028296e-11
1.1077662438691983e+18 2.4037443765454591e-10 6.3095869884546991e-11
1.1678988209792901e+18 2.3648187578504664e-10 6.2911716336191767e-11
1.2312955586015153e+18 2.3265510108668373e-10 6.2740214248732385e-11
1.2981336442831204e+18 2.2882243243825608e-10 6.2561479936786667e-11
1.3685998837953695e+18 2.2503733493246838e-10 6.2383828969908852e-11
1.4428912232369288e+18 2.2129749486730644e-10 6.2211781982658888e-11
1.5212152994786199e+18 2.1758077869837089e-10 6.2031021021672836e-11
1.6037910204876367e+18 2.1376211431702210e-10 6.1818993275671568e-11
1.6908491771535235e+18 2.1013102165601411e-10 6.1644786227054102e-11
1.7826330883256184e+18 2.0638236071389257e-10 6.1433286379723734e-11
1.8793992808648799e+18 2.0272073173663741e-10 6.1233431077100459e-11
1.9814182066109332e+18 1.9912948559404210e-10 6.1043288137249130e-11
2.0889749982678203e+18 1.9551103233822341e-10 6.0838003318774351e-11
2.2023702663215432e+18 1.9183522001230267e-10 6.0600788519092856e-11
2.3219209392162038e+18 1.8829315002495108e-10 6.0392385916829437e-11
2.4479611491374602e+18 1.8471517406433121e-10 6.0163875057612222e-11
2.5808431658785495e+18 1.8121197949981036e-10 5.9947322122300323e-11
2.7209383813990989e+18 1.7769932868891113e-10 5.9715470110182187e-11
2.8686383478286909e+18 1.7417945519282649e-10 5.9465468637425170e-11
3.0243558718157670e+18 1.7072167677600782e-10 5.9227183412534935e-11
3.1885261682811494e+18 1.6726997076539118e-10 5.8976187310807043e-11
3.3616080768000650e+18 1.6384076606209845e-10 5.8720433383630551e-11
3.5440853440130888e+18 1.6043543252605150e-10 5.8459172170201573e-11
3.7364679756495974e+18 1.5704655317751959e-10 5.8190182163093078e-11
3.9392936619427323e+18 1.5361433656478770e-10 5.7887327270740649e-11
