# k_modes P_scalar P_tensor
4.5843517749658970e-05 7.7145336515388332e-09 8.7013974757909586e-11
4.8332157949473912e-05 7.7048255403813436e-09 8.7006933225880574e-11
5.0955895330922143e-05 7.6951187760517236e-09 8.6999868509822261e-11
5.3722063717706524e-05 7.6854145444061394e-09 8.6992793396891111e-11
5.6638395054123192e-05 7.6757151652492911e-09 8.6985734360286033e-11
5.9713041017253696e-05 7.6660165183752574e-09 8.6978644860381431e-11
6.2954595802386683e-05 7.6563206509984795e-09 8.6971547781250924e-11
6.6372120145358500e-05 7.6466288190841831e-09 8.6964457270010503e-11
6.9975166648959653e-05 7.6369384561891029e-09 8.6957344465404119e-11
7.3773806484198867e-05 7.6272522053094527e-09 8.6950239090057541e-11
7.7778657541059809e-05 7.6175678239611529e-09 8.6943115785290798e-11
8.2000914107436867e-05 7.6078868017553282e-09 8.6935991274457653e-11
8.6452378159208014e-05 7.5982065942214148e-09 8.6928836895658324e-11
9.1145492348906269e-05 7.5885295731766602e-09 8.6921679174246697e-11
9.6093374785199027e-05 7.5788564424883705e-09 8.6914526247330043e-11
1.0130985570039023e-04 7.5691852666045872e-09 8.6907356127427004e-11
1.0680951610843816e-04 7.5595178596750309e-09 8.6900189330121531e-11
1.1260772856154376e-04 7.5498526280618847e-09 8.6893007699185535e-11
1.1872070011923342e-04 7.5401901155127957e-09 8.6885817390791508e-11
1.2516551765004118e-04 7.5305317402224739e-09 8.6878634536703695e-11
1.3196019559241737e-04 7.5208735036864555e-09 8.6871413284470386e-11
1.3912372630836412e-04 7.5112199956405771e-09 8.6864206229612112e-11
1.4667613317054508e-04 7.5015674049416938e-09 8.6856969673253557e-11
1.5463852653125839e-04 7.4919182840125035e-09 8.6849732879600330e-11
1.6303316272971421e-04 7.4822730504697730e-09 8.6842500446874351e-11
1.7188350630255566e-04 7.4726292862855037e-09 8.6835244720733249e-11
1.8121429557151108e-04 7.4629885895734033e-09 8.6827983938134114e-11
1.9105161179150737e-04 7.4533526262263144e-09 8.6820737302836544e-11
2.0142295205252651e-04 7.4437168093536866e-09 8.6813451799736573e-11
2.1235730613897841e-04 7.4340840479880876e-09 8.6806160874496483e-11
2.2388523756142691e-04 7.4244544769331531e-09 8.6798866178136917e-11
2.3603896898716659e-04 7.4148289094535095e-09 8.6791577230553788e-11
2.4885247230844489e-04 7.4052042882430617e-09 8.6784258304378153e-11
2.6236156360008638e-04 7.3955834584111208e-09 8.6776942324333152e-11
2.7660400323194326e-04 7.3859655867934748e-09 8.6769619974756569e-11
2.9161960141600441e-04 7.3763503784064379e-09 8.6762287351955374e-11
3.0745032948318636e-04 7.3667371044100031e-09 8.6754935999643308e-11
3.2414043720084502e-04 7.3571284568940662e-09 8.6747597442772062e-11
3.4173657645893271e-04 7.3475192680534539e-09 8.6740210984556707e-11
3.6028793167052435e-04 7.3379160077466546e-09 8.6732852573022984e-11
3.7984635725120782e-04 7.3283144131692030e-09 8.6725472200864052e-11
4.0046652256161647e-04 7.3187147246865330e-09 8.6718072267969603e-11
4.2220606471824666e-04 7.3091198221781205e-09 8.6710686857883242e-11
4.4512574969969186e-04 7.2995268881759459e-09 8.6703283047959968e-11
4.6928964219861895e-04 7.2899364776184016e-09 8.6695866775590133e-11
4.9476528469424613e-04 7.2803486428165634e-09 8.6688438820187256e-11
5.2162388624587218e-04 7.2707629345546958e-09 8.6680993855962959e-11
5.4994052153516191e-04 7.2611824706909444e-09 8.6673568816927180e-11
5.7979434071355113e-04 7.2516030856567496e-09 8.6666114272898040e-11
6.1126879064133126e-04 7.2420265604886888e-09 8.6658651045339609e-11
6.4445184813681760e-04 7.2324539715575326e-09 8.6651192215959418e-11
6.7943626588757471e-04 7.2228838552449750e-09 8.6643720227608503e-11
7.1631983171106665e-04 7.2133146112154044e-09 8.6636216030556114e-11
7.5520564188941099e-04 7.2037496417238569e-09 8.6628719630221638e-11
7.9620238934226132e-04 7.1941871895989713e-09 8.6621210620001164e-11
8.3942466744330426e-04 7.1846277411015474e-09 8.6613694619068134e-11
8.8499329032960610e-04 7.1750723871268037e-09 8.6606184526803330e-11
9.3303563059912297e-04 7.1655188110218375e-09 8.6598652557273221e-11
9.8368597534030352e-04 7.1559673964266782e-09 8.6591103360143845e-11
1.0370859014889522e-03 7.1464190884614586e-09 8.6583548090642289e-11
1.0933846715615414e-03 7.1368745934611424e-09 8.6575995272901536e-11
1.1527396508711244e-03 7.1273316117572877e-09 8.6568417130116805e-11
1.2153167473920358e-03 7.1177922947243955e-09 8.6560839496598071e-11
1.2812908755028885e-03 7.1082546775352585e-09 8.6553238712542617e-11
1.3508464449041107e-03 7.0987220512970344e-09 8.6545654685038490e-11
1.4241778760766340e-03 7.0891902776317699e-09 8.6538036619703833e-11
1.5014901437225376e-03 7.0796633739743136e-09 8.6530433986205073e-11
1.5829993497066621e-03 7.0701377671657198e-09 8.6522802976201689e-11
1.6689333271006682e-03 7.0606158543523600e-09 8.6515172483715661e-11
1.7595322770179553e-03 7.0510963777683083e-09 8.6507527481015163e-11
1.8550494400195092e-03 7.0415798904485326e-09 8.6499874583459099e-11
1.9557518039673778e-03 7.0320665803619301e-09 8.6492215857955333e-11
2.0619208503043600e-03 7.0225564424199289e-09 8.6484551382982638e-11
2.1738533408458870e-03 7.0130476924786320e-09 8.6476859147533748e-11
2.2918621472833322e-03 7.0035418225118194e-09 8.6469157363706583e-11
2.4162771257173533e-03 6.9940402688934480e-09 8.6461463667063871e-11
2.5474460386657517e-03 6.9845405832415964e-09 8.6453747924269264e-11
2.6857355271230391e-03 6.9750446420861106e-09 8.6446033239693975e-11
2.8315321353887582e-03 6.9655501316987678e-09 8.6438290970486225e-11
2.9852433915291909e-03 6.9560606392473633e-09 8.6430565282791637e-11
3.1472989464925031e-03 6.9465719675852503e-09 8.6422804075622817e-11
3.3181517750613732e-03 6.9370877157742741e-09 8.6415052397007271e-11
3.4982794419999878e-03 6.9276059570658216e-09 8.6407286072371414e-11
3.6881854369345082e-03 6.9181273845636951e-09 8.6399513265033454e-11
3.8884005816982527e-03 6.9086501674744992e-09 8.6391711683782324e-11
4.0994845140753626e-03 6.8991768571725513e-09 8.6383912686626031e-11
4.3220272520903278e-03 6.8897070120686421e-09 8.6376110860338025e-11
4.5566508432157643e-03 6.8802390672912747e-09 8.6368286518066100e-11
4.8040111031083807e-03 6.8707750065152966e-09 8.6360464538514052e-11
5.0647994487331392e-03 6.8613137633079002e-09 8.6352631497641270e-11
5.3397448309995691e-03 6.8518541260680979e-09 8.6344772207240071e-11
5.6296157723122785e-03 6.8423982451672640e-09 8.6336913253222388e-11
5.9352225147310100e-03 6.8329464088016494e-09 8.6329058512631794e-11
6.2574192847447202e-03 6.8234958103657958e-09 8.6321172750884559e-11
6.5971066809901533e-03 6.8140493739253107e-09 8.6313292339356376e-11
6.9552341915890079e-03 6.8046051888633327e-09 8.6305393383890975e-11
7.3328028481401200e-03 6.7951639446077088e-09 8.6297484650682510e-11
7.7308680237850392e-03 6.7857257465044280e-09 8.6289567092461857e-11
8.1505423831681259e-03 6.7762917625765923e-09 8.6281655622925786e-11
8.5929989925368211e-03 6.7668594509483305e-09 8.6273718054660034e-11
9.0594745986753902e-03 6.7574282290092610e-09 8.6265746736347602e-11
9.5512730858373744e-03 6.7480026879436659e-09 8.6257799862567552e-11
1.0069769120339486e-02 6.7385791599803483e-09 8.6249831159176083e-11
1.0616411993004256e-02 6.7291579811146644e-09 8.6241844402306951e-11
1.1192729670191767e-02 6.7197417718438857e-09 8.6233873339093440e-11
1.1800333064743819e-02 6.7103272340819417e-09 8.6225875327654977e-11
1.2440920538778693e-02 6.7009149936055383e-09 8.6217858720701405e-11
1.3116282650922417e-02 6.6915057766087344e-09 8.6209832535710675e-11
1.3828307161246204e-02 6.6821001600589186e-09 8.6201804164582528e-11
1.4578984307899553e-02 6.6726985355359863e-09 8.6193778696427318e-11
1.5370412370188246e-02 6.6632983863817110e-09 8.6185723500361522e-11
1.6204803533647075e-02 6.6539017278332881e-09 8.6177664737887915e-11
1.7084490073501168e-02 6.6445074540065232e-09 8.6169587719525497e-11
1.8011930873799931e-02 6.6351164993568500e-09 8.6161504730797158e-11
1.8989718300445650e-02 6.6257294718033352e-09 8.6153423512884317e-11
2.0020585447328199e-02 6.6163440392647135e-09 8.6145313746420278e-11
2.1107413775820105e-02 6.6069616049234197e-09 8.6137193818134463e-11
2.2253241168985725e-02 6.5975831568544719e-09 8.6129076050219053e-11
2.3461270423017537e-02 6.5882071174325211e-09 8.6120940217674293e-11
2.4734878199634658e-02 6.5788348298546432e-09 8.6112803652746002e-11
2.6077624464467132e-02 6.5694643894666067e-09 8.6104641565938056e-11
2.7493262437808155e-02 6.5600969152847740e-09 8.6096467987221334e-11
2.8985749085548018e-02 6.5507337926120990e-09 8.6088301640749022e-11
3.0559256179614344e-02 6.5413731351283169e-09 8.6080117515265613e-11
3.2218181958834177e-02 6.5320149243652179e-09 8.6071915325210911e-11
3.3967163422812335e-02 6.5226593262259926e-09 8.6063697045761279e-11
3.5811089293189574e-02 6.5133079091208920e-09 8.6055483383261801e-11
3.7755113678509720e-02 6.5039590697786545e-09 8.6047253093729916e-11
3.9804670480891473e-02 6.4946132126521853e-09 8.6039011459921777e-11
4.1965488584774231e-02 6.4852715388052035e-09 8.6030774361619188e-11
4.4243607870193186e-02 6.4759309021176161e-09 8.6022500080076149e-11
4.6645396095343739e-02 6.4665941588540492e-09 8.6014226144410903e-11
4.9177566695625098e-02 6.4572592700129395e-09 8.6005925953937371e-11
5.1847197548914564e-02 6.4479312446371545e-09 8.5997665444364491e-11
5.4661750759524917e-02 6.4386011557228855e-09 8.5989326180530285e-11
5.7629093516144647e-02 6.4292779245342408e-09 8.5981026768214675e-11
6.0757520082062769e-02 6.4199563258978726e-09 8.5972697501912440e-11
6.4055774979144844e-02 6.4106363982475287e-09 8.5964338941264784e-11
6.7533077430364047e-02 6.4013229793006556e-09 8.5956015428300524e-11
7.1199147129207538e-02 6.3920097750736841e-09 8.5947642783078761e-11
7.5064231407989845e-02 6.3826997993233450e-09 8.5939261376426150e-11
7.9139133881012319e-02 6.3733947861540168e-09 8.5930894301283109e-11
8.3435244642632231e-02 6.3640906203942835e-09 8.5922486384739577e-11
8.7964572104650418e-02 6.3547902447880382e-09 8.5914076962309798e-11
9.2739776562008658e-02 6.3454932820457776e-09 8.5905660983092557e-11
9.7774205580619181e-02 6.3361993579506039e-09 8.5897233336037310e-11
1.0308193130624174e-01 6.3269087670673566e-09 8.5888797861209269e-11
1.0867778979869314e-01 6.3176211974850896e-09 8.5880350385322146e-11
1.1457742250133575e-01 6.3083347440790024e-09 8.5871864849701277e-11
1.2079731996175973e-01 6.2990539608093056e-09 8.5863403283109707e-11
1.2735486792586592e-01 6.2897754696645498e-09 8.5854919360434849e-11
1.3426839593419138e-01 6.2805002815111655e-09 8.5846426874687493e-11
1.4155722855631223e-01 6.2712269698416731e-09 8.5837906558385368e-11
1.4924173940653490e-01 6.2619574887428070e-09 8.5829384747607242e-11
1.5734340809185673e-01 6.2526918828663201e-09 8.5820861967209708e-11
1.6588488025137912e-01 6.2434277657364940e-09 8.5812305780093606e-11
1.7489003085499177e-01 6.2341682073001862e-09 8.5803757871869272e-11
1.8438403093826081e-01 6.2249112968609589e-09 8.5795191966990020e-11
1.9439341796005608e-01 6.2156579064791388e-09 8.5786620218293464e-11
2.0494616997958062e-01 6.2064067217981051e-09 8.5778024353409566e-11
2.1607178386014031e-01 6.1971581948936246e-09 8.5769410523749568e-11
2.2780135771824744e-01 6.1879143777510192e-09 8.5760806845270713e-11
2.4016767784851867e-01 6.1786730670796785e-09 8.5752182968689406e-11
2.5320531036733807e-01 6.1694356625990423e-09 8.5743558257254804e-11
2.6695069783144604e-01 6.1601997485138222e-09 8.5734899144233546e-11
2.8144226110152104e-01 6.1509677283902155e-09 8.5726238496646798e-11
2.9672050673548023e-01 6.1417383473673048e-09 8.5717559280233872e-11
3.1282814021168454e-01 6.1325121214358680e-09 8.5708868502499775e-11
3.2981018529852640e-01 6.1232898731510526e-09 8.5700177337137677e-11
3.4771410990405943e-01 6.1140699754802046e-09 8.5691463237790336e-11
3.6658995875744610e-01 6.1048534135354619e-09 8.5682739924968166e-11
3.8649049329308544e-01 6.0956401609032669e-09 8.5674006716612904e-11
4.0747133912843003e-01 6.0864299666086572e-09 8.5665260132607706e-11
4.2959114154771494e-01 6.0772237267782168e-09 8.5656512853218120e-11
4.5291172942620478e-01 6.0680190713403346e-09 8.5647731111470108e-11
4.7749828805315847e-01 6.0588192319306127e-09 8.5638960688892320e-11
5.0341954133657818e-01 6.0496217554009002e-09 8.5630166950517479e-11
5.3074794389905233e-01 6.0404282464994360e-09 8.5621372126379990e-11
5.5955988360160991e-01 6.0312369433794521e-09 8.5612551736429059e-11
5.8993589506170552e-01 6.0220485933232188e-09 8.5603715776483268e-11
6.2196088476213673e-01 6.0128634961992185e-09 8.5594868522185218e-11
6.5572436838012405e-01 6.0036810927147950e-09 8.5586002186347446e-11
6.9132072099992659e-01 5.9945039607167022e-09 8.5577153329815814e-11
7.2884944090838655e-01 5.9853292273980163e-09 8.5568280577523297e-11
7.6841542771075733e-01 5.9761559285755657e-09 8.5559370643434212e-11
8.1012927554419945e-01 5.9669866391798833e-09 8.5550459845390985e-11
8.5410758220853145e-01 5.9578224569255423e-09 8.5541563887164688e-11
9.0047327507830932e-01 5.9486591812626896e-09 8.5532622686594665e-11
9.4935595470722078e-01 5.9395005501996386e-09 8.5523689662443803e-11
1.0008922570852306e+00 5.9303439001751278e-09 8.5514726369986784e-11
1.0552262355610498e+00 5.9211913836897101e-09 8.5505763926318429e-11
1.1125097634974754e+00 5.9120409812985069e-09 8.5496773076366277e-11
1.1729029587850912e+00 5.9028948081075987e-09 8.5487783983789981e-11
1.2365746314009252e+00 5.8937516966472037e-09 8.5478780068284760e-11
1.3037027552630731e+00 5.8846107890462777e-09 8.5469748789487750e-11
1.3744749657002033e+00 5.8754748473986920e-09 8.5460729697661663e-11
1.4490890839264652e+00 5.8663405492428894e-09 8.5451675078050272e-11
1.5277536699878005e+00 5.8572096933716593e-09 8.5442610647519115e-11
1.6106886057252470e+00 5.8480828910364149e-09 8.5433545208376703e-11
1.6981257093847177e+00 5.8389588635133233e-09 8.5424460253587174e-11
1.7903093835912092e+00 5.8298387697955039e-09 8.5415372396431005e-11
1.8874972984986365e+00 5.8207211623655289e-09 8.5406260371509759e-11
1.9899611120248302e+00 5.8116071660082393e-09 8.5397141008196863e-11
2.0979872291848789e+00 5.8024960713674638e-09 8.5388003322566440e-11
2.2118776026452944e+00 5.7933879972591600e-09 8.5378849099780970e-11
2.3319505767366930e+00 5.7842836327944432e-09 8.5369688486020036e-11
2.4585417772841627e+00 5.7751817275184689e-09 8.5360503158026513e-11
2.5920050497425540e+00 5.7660846175772760e-09 8.5351326859707833e-11
2.7327134482589535e+00 5.7569902379609305e-09 8.5342129620619507e-11
2.8810602784269426e+00 5.7478987300810512e-09 8.5332913219499755e-11
3.0374601966473689e+00 5.7388104159406581e-09 8.5323682424823214e-11
3.2023503691684478e+00 5.7297247754303128e-09 8.5314429375589414e-11
3.3761916940450516e+00 5.7206441930577977e-09 8.5305189383006695e-11
3.5594700894326814e+00 5.7115653799291479e-09 8.5295913285928283e-11
3.7526978518171887e+00 5.7024902475721657e-09 8.5286629950842844e-11
3.9564150879767306e+00 5.6934173191788500e-09 8.5277316740132962e-11
4.1711912246785543e+00 5.6843509898816778e-09 8.5268039528914463e-11
4.3976266003304936e+00 5.6752846982240979e-09 8.5258700066473873e-11
4.6363541430361224e+00 5.6662234619690844e-09 8.5249373128964679e-11
4.8880411397440504e+00 5.6571650271824580e-09 8.5240025360419178e-11
5.1533911014364371e+00 5.6481090284434916e-09 8.5230650812679154e-11
5.4331457295702847e+00 5.6390571050743867e-09 8.5221273931707092e-11
5.7280869892680544e+00 5.6300077954021784e-09 8.5211872826209842e-11
6.0390392950525609e+00 5.6209630477488132e-09 8.5202476962537173e-11
6.3668718152356716e+00 5.6119208777122012e-09 8.5193055881906589e-11
6.7125009014019943e+00 5.6028820487704335e-09 8.5183621270783635e-11
7.0768926497783999e+00 5.5938458407656724e-09 8.5174162174727338e-11
7.4610656016488832e+00 5.5848149532857473e-09 8.5164719249451432e-11
7.8660935903629037e+00 5.5757858451775777e-09 8.5155239002225624e-11
8.2931087428951145e+00 5.5667601759330394e-09 8.5145746196546577e-11
8.7433046443463951e+00 5.5577387834203668e-09 8.5136253520161650e-11
9.2179396742315305e+00 5.5487188805991094e-09 8.5126718624039077e-11
9.7183405238790748e+00 5.5397049051323386e-09 8.5117209068394250e-11
1.0245905904775176e+01 5.5306921107719904e-09 8.5107652145113735e-11
1.0802110458216855e+01 5.5216837176493226e-09 8.5098096976222411e-11
1.1388508877202925e+01 5.5126782021031227e-09 8.5088520368513886e-11
1.2006740252083997e+01 5.5036769149970637e-09 8.5078942719234023e-11
1.2658532652118453e+01 5.4946771580735924e-09 8.5069322601762089e-11
1.3345707955740661e+01 5.4856819048481037e-09 8.5059705724055236e-11
1.4070186943042925e+01 5.4766897661253339e-09 8.5050070339981179e-11
1.4833994664705536e+01 5.4677015201394190e-09 8.5040428777073087e-11
1.5639266102382265e+01 5.4587158200587343e-09 8.5030759616044708e-11
1.6488252136362632e+01 5.4497352121463201e-09 8.5021102560093748e-11
1.7383325837192274e+01 5.4407563048361543e-09 8.5011404842458143e-11
1.8326989098837160e+01 5.4317795872387814e-09 8.5001673798310439e-11
1.9321879631932770e+01 5.4228087735271187e-09 8.4991967197040975e-11
2.0370778336665591e+01 5.4138401852525179e-09 8.4982227957966992e-11
2.1476617075895469e+01 5.4048759912975451e-09 8.4972489504874922e-11
2.2642486870246120e+01 5.3959150559562838e-09 8.4962733571280261e-11
2.3871646538070600e+01 5.3869563558239610e-09 8.4952944858226428e-11
2.5167531804441932e+01 5.3780032856570667e-09 8.4943176341025064e-11
2.6533764904630257e+01 5.3690503667022286e-09 8.4933341337228476e-11
2.7974164708909957e+01 5.3601026770409488e-09 8.4923520331321513e-11
2.9492757396997369e+01 5.3511592476359969e-09 8.4913697180001199e-11
3.1093787711956196e+01 5.3422178024498475e-09 8.4903836484958134e-11
3.2781730825027218e+01 5.3332800964357818e-09 8.4893965630126311e-11
3.4561304844546740e+01 5.3243454512315945e-09 8.4884073842652096e-11
3.6437484003918463e+01 5.3154158987907581e-09 8.4874193089193099e-11
3.8415512565501523e+01 5.3064886769958705e-09 8.4864279534143130e-11
4.0500919479278643e+01 5.2975628880180499e-09 8.4854318943578762e-11
4.2699533837278054e+01 5.2886436814036563e-09 8.4844392911136191e-11
4.5017501166947007e+01 5.2797261699449958e-09 8.4834423750911348e-11
4.7461300609020007e+01 5.2708128320515948e-09 8.4824450596519174e-11
5.0037763027896823e+01 5.2619027086148700e-09 8.4814457999459829e-11
5.2754090105152230e+01 5.2529974547521824e-09 8.4804472973156423e-11
5.5617874469547303e+01 5.2440932988624576e-09 8.4794434223976663e-11
5.8637120919809206e+01 5.2351934634580812e-09 8.4784393686653250e-11
6.1820268799501150e+01 5.2262967928839598e-09 8.4774332454781408e-11
6.5176215586524236e+01 5.2174039129335473e-09 8.4764260895085759e-11
6.8714341763188230e+01 5.2085151613024741e-09 8.4754183821734322e-11
7.2444537036367606e+01 5.1996289374027434e-09 8.4744075945827939e-11
7.6377227981032902e+01 5.1907468601035913e-09 8.4733962891098216e-11
8.0523407184426233e+01 5.1818683626410245e-09 8.4723835374313732e-11
8.4894663972343935e+01 5.1729929982118370e-09 8.4713686238085230e-11
8.9503216803413011e+01 5.1641212614341372e-09 8.4703523296050462e-11
9.4361947421906663e+01 5.1552523422362547e-09 8.4693333059978555e-11
9.9484436864565708e+01 5.1463878598334898e-09 8.4683142349174020e-11
1.0488500342206885e+02 5.1375269924300633e-09 8.4672937222138694e-11
1.1057874266126215e+02 5.1286679765951264e-09 8.4662688693746540e-11
1.1658156962001698e+02 5.1198139148151091e-09 8.4652447652984166e-11
1.2291026329265854e+02 5.1109639350197396e-09 8.4642199610747100e-11
1.2958251353031017e+02 5.1021166318084636e-09 8.4631921420953881e-11
1.3661697048724804e+02 5.0932726248514286e-09 8.4621623158636931e-11
1.4403329675147819e+02 5.0844322092839152e-09 8.4611309330344586e-11
1.5185222230525005e+02 5.0755952824807517e-09 8.4600978439828869e-11
1.6009560246913139e+02 5.0667623223909837e-09 8.4590638240487339e-11
1.6878647899160845e+02 5.0579327376056818e-09 8.4580278738561741e-11
1.7794914445496858e+02 5.0491068507446218e-09 8.4569905195250686e-11
1.8760921017749058e+02 5.0402839715173429e-09 8.4559506078640580e-11
1.9779367780174280e+02 5.0314653096811787e-09 8.4549101329466464e-11
2.0853101476909021e+02 5.0226497593652725e-09 8.4538672351806579e-11
2.1985123389137649e+02 5.0138375544289373e-09 8.4528223241713943e-11
2.3178597724219770e+02 5.0050295029213880e-09 8.4517766876812599e-11
2.4436860460225921e+02 4.9962241924618345e-09 8.4507279842750375e-11
2.5763428670603685e+02 4.9874239313276795e-09 8.4496800889754338e-11
2.7162010355038365e+02 4.9786253398470768e-09 8.4486272391759217e-11
2.8636514803987222e+02 4.9698316489952296e-09 8.4475749481739853e-11
3.0191063525858124e+02 4.9610410792583473e-09 8.4465201773597076e-11
3.1830001767375944e+02 4.9522544711748612e-09 8.4454642947924032e-11
3.3557910659338353e+02 4.9434715048697766e-09 8.4444068044531337e-11
3.5379620021710508e+02 4.9346912059109607e-09 8.4433459879558399e-11
3.7300221863851237e+02 4.9259147053106739e-09 8.4422837807412929e-11
3.9325084617606359e+02 4.9171431235063368e-09 8.4412220917536599e-11
4.1459868143053143e+02 4.9083743628600614e-09 8.4401573294932835e-11
4.3710539548839671e+02 4.8996090157192055e-09 8.4390904532197741e-11
4.6083389871340336e+02 4.8908473487372053e-09 8.4380219541945758e-11
4.8585051659247426e+02 4.8820898406995385e-09 8.4369526276973673e-11
5.1222517512752700e+02 4.8733344929079329e-09 8.4358790084460743e-11
5.4003159629138054e+02 4.8645837857708909e-09 8.4348053838803307e-11
5.6934750409409185e+02 4.8558371540661064e-09 8.4337307377043831e-11
6.0025484183571609e+02 4.8470939210379770e-09 8.4326538927422882e-11
6.3284000115275035e+02 4.8383538067596475e-09 8.4315744018060130e-11
6.6719406349848691e+02 4.8296176166963451e-09 8.4304935628455467e-11
7.0341305473225987e+02 4.8208855706758721e-09 8.4294117973706797e-11
7.4159821352920562e+02 4.8121560031331149e-09 8.4283262164796791e-11
7.8185627436079301e+02 4.8034306987050686e-09 8.4272398485520716e-11
8.2429976583710493e+02 4.7947100586950822e-09 8.4261534373363100e-11
8.6904732524479289e+02 4.7859909291089360e-09 8.4250614412098201e-11
9.1622403015989357e+02 4.7772770838752234e-09 8.4239704537216283e-11
9.6596174806242789e+02 4.7685670750608095e-09 8.4228779022395504e-11
1.0183995049300180e+03 4.7598598144577697e-09 8.4217819216480012e-11
1.0736838738408076e+03 4.7511561807276488e-09 8.4206839808695184e-11
1.1319693846719031e+03 4.7424569023336391e-09 8.4195853556248015e-11
1.1934189560385164e+03 4.7337609298207258e-09 8.4184842546046884e-11
1.2582043506811588e+03 4.7250685054319450e-09 8.4173809910014893e-11
1.3265066555737731e+03 4.7163808725064898e-09 8.4162777816263060e-11
1.3985167880947993e+03 4.7076957773250832e-09 8.4151706887609883e-11
1.4744360296760080e+03 4.6990142438887747e-09 8.4140614286845504e-11
1.5544765884207509e+03 4.6903366478659691e-09 8.4129506753718661e-11
1.6388621922642483e+03 4.6816638008919130e-09 8.4118399171634629e-11
1.7278287143339032e+03 4.6729937395486155e-09 8.4107255569558771e-11
1.8216248322576396e+03 4.6643278334248390e-09 8.4096100985932414e-11
1.9205127232631510e+03 4.6556645640032598e-09 8.4084907511421065e-11
2.0247687970109885e+03 4.6470063073224325e-09 8.4073718055393146e-11
2.1346844682098890e+03 4.6383515362091624e-09 8.4062504912894828e-11
2.2505669711739474e+03 4.6296998004610624e-09 8.4051259630569687e-11
2.3727402185984624e+03 4.6210530637476905e-09 8.4040017810436427e-11
2.5015457069548943e+03 4.6124085037852700e-09 8.4028728008704055e-11
2.6373434710357005e+03 4.6037690552352429e-09 8.4017443637782750e-11
2.7805130903171034e+03 4.5951328019556867e-09 8.4006129418879284e-11
2.9314547499528603e+03 4.5865004613943678e-09 8.3994798160824684e-11
3.0905903593646276e+03 4.5778715582478974e-09 8.3983441527057120e-11
3.2583647315556123e+03 4.5692469985602471e-09 8.3972075402915034e-11
3.4352468264439094e+03 4.5606252229280535e-09 8.3960671569940644e-11
3.6217310616908567e+03 4.5520081585000427e-09 8.3949264922962951e-11
3.8183386946884216e+03 4.5433952722514314e-09 8.3937845511445411e-11
4.0256192795685206e+03 4.5347847902873526e-09 8.3926380663157126e-11
4.2441522033068786e+03 4.5261786603391995e-09 8.3914906379333461e-11
4.4745483052151185e+03 4.5175766519248462e-09 8.3903417591920602e-11
4.7174515843478594e+03 4.5089775366736343e-09 8.3891891996160913e-11
4.9735409995973368e+03 4.5003833281383861e-09 8.3880366740009428e-11
5.2435323675070840e+03 4.4917933055747019e-09 8.3868827860567320e-11
5.5281803631095918e+03 4.4832061108486076e-09 8.3857250308752670e-11
5.8282806293803878e+03 4.4746230317056585e-09 8.3845657742467941e-11
6.1446720012049482e+03 4.4660438141135856e-09 8.3834045517174863e-11
6.4782388500750985e+03 4.4574686655761206e-09 8.3822417065633260e-11
6.8299135560681634e+03 4.4488963776295148e-09 8.3810750098941399e-11
7.2006791140192518e+03 4.4403284846614320e-09 8.3799072452278078e-11
7.5915718811705838e+03 4.4317653729550198e-09 8.3787392020224808e-11
8.0036844739789121e+03 4.4232055218817407e-09 8.3775679514962144e-11
8.4381688221772129e+03 4.4146488871412349e-09 8.3763933896426143e-11
8.8962393886282862e+03 4.4060964084610634e-09 8.3752173317297735e-11
9.3791765639693131e+03 4.3975477376890284e-09 8.3740390468847682e-11
9.8883302455371031e+03 4.3890026668758275e-09 8.3728581423612743e-11
1.0425123610576626e+04 4.3804623407298625e-09 8.3716767787571273e-11
1.0991057094280872e+04 4.3719257356609843e-09 8.3704930108644210e-11
1.1587712583780060e+04 4.3633930223898778e-09 8.3693071108760660e-11
1.2216757839804552e+04 4.3548632178692728e-09 8.3681172364416248e-11
1.2879951158379388e+04 4.3463380033919011e-09 8.3669265291778658e-11
1.3579146285582201e+04 4.3378169544681320e-09 8.3657341501836191e-11
1.4316297599100624e+04 4.3292998123479552e-09 8.3645396936888939e-11
1.5093465571074204e+04 4.3207860635417820e-09 8.3633420727307559e-11
1.5912822527488745e+04 4.3122770901325491e-09 8.3621439014786501e-11
1.6776658720223440e+04 4.3037705514079504e-09 8.3609407350056162e-11
1.7687388728721377e+04 4.2952687998847607e-09 8.3597370371414895e-11
1.8647558209179253e+04 4.2867717847802670e-09 8.3585326999589152e-11
1.9659851010119379e+04 4.2782775615278391e-09 8.3573239897577370e-11
2.0727096674235574e+04 4.2697869655969589e-09 8.3561124581864133e-11
2.1852278347479551e+04 4.2613013730155058e-09 8.3549007531839640e-11
2.3038541117497669e+04 4.2528191174586787e-09 8.3536856813262237e-11
2.4289200804722877e+04 4.2443413541724986e-09 8.3524694002844217e-11
2.5607753230697275e+04 4.2358666432906937e-09 8.3512491112532004e-11
2.6997883989529055e+04 4.2273969592980622e-09 8.3500286939035083e-11
2.8463478749799924e+04 4.2189300883723243e-09 8.3488037240463755e-11
3.0008634115715413e+04 4.2104682232705904e-09 8.3475785538612978e-11
3.1637669077860308e+04 4.2020103002102264e-09 8.3463510596622808e-11
3.3355137085563401e+04 4.1935552142499023e-09 8.3451190026766927e-11
3.5165838774617041e+04 4.1851060328976552e-09 8.3438884933675929e-11
3.7074835385929167e+04 4.1766589945807035e-09 8.3426520026809826e-11
3.9087462912612100e+04 4.1682164943323917e-09 8.3414142871060566e-11
4.1209347015055995e+04 4.1597784915733906e-09 8.3401752622659490e-11
4.3446418745672716e+04 4.1513442660970058e-09 8.3389334441132770e-11
4.5804931127268545e+04 4.1429138136439878e-09 8.3376888576437109e-11
4.8291476631380050e+04 4.1344870116902389e-09 8.3364411821760812e-11
5.0913005605433857e+04 4.1260646487126712e-09 8.3351920357029233e-11
5.3676845700231628e+04 4.1176463962401430e-09 8.3339406779236332e-11
5.6590722352069919e+04 4.1092319224307229e-09 8.3326864555448405e-11
5.9662780376739487e+04 4.1008222369583472e-09 8.3314313957543046e-11
6.2901606735770234e+04 4.0924163454147326e-09 8.3301734546410508e-11
6.6316254538550304e+04 4.0840145063181759e-09 8.3289131679377693e-11
6.9916268347417106e+04 4.0756159160256445e-09 8.3276488585149269e-11
7.3711710856444857e+04 4.0672213931762815e-09 8.3263821502368662e-11
7.7713191018508907e+04 4.0588318563564797e-09 8.3251149105000337e-11
8.1931893699238281e+04 4.0504460394100341e-09 8.3238445785654636e-11
8.6379610940754137e+04 4.0420645059053431e-09 8.3225722229892083e-11
9.1068774922571960e+04 4.0336869652405813e-09 8.3212972662178061e-11
9.6012492711809580e+04 4.0253126454352849e-09 8.3200181142162816e-11
1.0122458289982349e+05 4.0169437348518778e-09 8.3187391965183496e-11
1.0671961422769066e+05 4.0085781271618709e-09 8.3174562340222558e-11
1.1251294630848934e+05 4.0002163431691009e-09 8.3161702068072467e-11
1.1862077256021759e+05 3.9918594337123143e-09 8.3148832860588450e-11
1.2506016546934152e+05 3.9835063965279906e-09 8.3135934238377001e-11
1.3184912431150713e+05 3.9751572725324095e-09 8.3123006274577521e-11
1.3900662546278915e+05 3.9668123820979469e-09 8.3110055662683790e-11
1.4655267544212134e+05 3.9584714254834175e-09 8.3097075742307436e-11
1.5450836683315542e+05 3.9501352096379510e-09 8.3084083622461758e-11
1.6289593724187737e+05 3.9418031073939788e-09 8.3071065547817258e-11
1.7173883145476022e+05 3.9334743676603510e-09 8.3058005814762577e-11
1.8106176697121546e+05 3.9251498393338884e-09 8.3044922003823658e-11
1.9089080309350259e+05 3.9168299021511014e-09 8.3031821540022880e-11
2.0125341376722133e+05 3.9085138815534143e-09 8.3018690664630699e-11
2.1217856437599723e+05 3.9002019046523558e-09 8.3005531251161507e-11
2.2369679270499662e+05 3.8918943903690340e-09 8.2992352031291302e-11
2.3584029429960292e+05 3.8835911098164912e-09 8.2979148427994409e-11
2.4864301245782105e+05 3.8752919199259392e-09 8.2965916805096422e-11
2.6214073310798316e+05 3.8669969109160402e-09 8.2952658697273698e-11
2.7637118483692606e+05 3.8587063091758160e-09 8.2939379322379436e-11
2.9137414434826950e+05 3.8504197895189810e-09 8.2926070976229626e-11
3.0719154764553608e+05 3.8421375901277365e-09 8.2912738640147442e-11
3.2386760725092632e+05 3.8338588954881949e-09 8.2899364810463422e-11
3.4144893578735815e+05 3.8255846166402300e-09 8.2885968615543373e-11
3.5998467626924568e+05 3.8173150089627276e-09 8.2872555159158690e-11
3.7952663946616114e+05 3.8090497109531217e-09 8.2859117111303316e-11
4.0012944872338104e+05 3.8007882637518892e-09 8.2845643820712579e-11
4.2185069264406955e+05 3.7925316866791844e-09 8.2832157038277328e-11
4.4475108605992299e+05 3.7842780214417352e-09 8.2818614390252510e-11
4.6889463974016532e+05 3.7760298595180610e-09 8.2805072028549539e-11
4.9434883931331756e+05 3.7677850756612812e-09 8.2791482773912632e-11
5.2118483390180179e+05 3.7595450638543562e-09 8.2777877510071418e-11
5.4947763499670895e+05 3.7513096550624672e-09 8.2764252293680259e-11
5.7930632612855756e+05 3.7430781289803671e-09 8.2750590669587432e-11
6.1075428392017819e+05 3.7348504650656236e-09 8.2736892020804994e-11
6.4390941113953711e+05 3.7266272035693260e-09 8.2723168475319506e-11
6.7886438240399689e+05 3.7184082073712712e-09 8.2709416224789114e-11
7.1571690322272549e+05 3.7101944622434420e-09 8.2695657305240738e-11
7.5456998310140590e+05 3.7019841583983451e-09 8.2681850818791024e-11
7.9553222347253736e+05 3.6937783114015965e-09 8.2668019673903862e-11
8.3871812125623715e+05 3.6855771925716186e-09 8.2654169470878693e-11
8.8424838889995380e+05 3.6773798572874437e-09 8.2640278738577191e-11
9.3225029179176025e+05 3.6691868623612469e-09 8.2626359731449800e-11
9.8285800399027567e+05 3.6609980642333777e-09 8.2612409122625546e-11
1.0362129832655772e+06 3.6528143027546848e-09 8.2598445401901603e-11
1.0924643664994515e+06 3.6446342442715068e-09 8.2584438158669724e-11
1.1517693865501001e+06 3.6364585744757325e-09 8.2570403094676778e-11
1.2142938117466418e+06 3.6282879324150950e-09 8.2556354020424665e-11
1.2802124092417383e+06 3.6201201486532864e-09 8.2542241573836686e-11
1.3497094335176458e+06 3.6119582650355080e-09 8.2528134617762024e-11
1.4229791414110004e+06 3.6038006712677025e-09 8.2513996140017160e-11
1.5002263350960892e+06 3.5956464813564328e-09 8.2499806047786499e-11
1.5816669345441712e+06 3.5874975800127496e-09 8.2485606919916439e-11
1.6675285810591602e+06 3.5793524197790932e-09 8.2471362884410355e-11
1.7580512735764659e+06 3.5712119596326207e-09 8.2457095777291749e-11
1.8534880395037702e+06 3.5630762454434323e-09 8.2442806941474762e-11
1.9541056419786455e+06 3.5549430941941581e-09 8.2428444898945471e-11
2.0601853255201557e+06 3.5468167055700173e-09 8.2414106897103736e-11
2.1720236021584319e+06 3.5386940252307705e-09 8.2399722149004246e-11
2.2899330802398506e+06 3.5305760064367576e-09 8.2385311937472197e-11
2.4142433382242108e+06 3.5224621922505131e-09 8.2370866002287611e-11
2.5453018459166125e+06 3.5143520515328792e-09 8.2356371412354957e-11
2.6834749357087482e+06 3.5062474812795056e-09 8.2341872008883873e-11
2.8291488265447225e+06 3.4981460317671463e-09 8.2327310425844689e-11
2.9827307034732345e+06 3.4900503234932244e-09 8.2312747807868699e-11
3.1446498558040196e+06 3.4819586637450458e-09 8.2298144053843555e-11
3.3153588770495378e+06 3.4738714161610740e-09 8.2283507503265733e-11
3.4953349300063485e+06 3.4657887427490153e-09 8.2268841717388930e-11
3.6850810805119015e+06 3.4577103357359703e-09 8.2254138837546825e-11
3.8851277036052612e+06 3.4496366247400873e-09 8.2239409360225014e-11
4.0960339660217897e+06 3.4415665857755998e-09 8.2224628342066232e-11
4.3183893891661121e+06 3.4335024600995975e-09 8.2209848469124921e-11
4.5528154969316442e+06 3.4254419833675534e-09 8.2195016408915925e-11
4.7999675529731624e+06 3.4173859575394621e-09 8.2180150007380484e-11
5.0605363922879789e+06 3.4093345513998630e-09 8.2165253431559350e-11
5.3352503522254778e+06 3.4012883607590446e-09 8.2150340893049339e-11
5.6248773083227640e+06 3.3932463129529338e-09 8.2135386285370034e-11
5.9302268206564346e+06 3.3852087554523066e-09 8.2120397460027127e-11
6.2521523967105700e+06 3.3771755703897630e-09 8.2105371372098085e-11
6.5915538770853691e+06 3.3691469725023881e-09 8.2090312970497573e-11
6.9493799507156666e+06 3.3611222911490045e-09 8.2075205557286953e-11
7.3266308066290291e+06 3.3531030020830658e-09 8.2060084800737195e-11
7.7243609296564208e+06 3.3450889768144820e-09 8.2044947350598164e-11
8.1436820479090679e+06 3.3370781162065345e-09 8.2029741068244442e-11
8.5857662402611990e+06 3.3290730976680353e-09 8.2014532251579902e-11
9.0518492125236429e+06 3.3210714884662978e-09 8.1999260321223675e-11
9.5432337514668405e+06 3.3130757019399323e-09 8.1983983926515520e-11
1.0061293366346782e+07 3.3050833488144518e-09 8.1968644850106590e-11
1.0607476128113778e+07 3.2970965628837544e-09 8.1953294265997581e-11
1.1183308717034085e+07 3.2891134771778209e-09 8.1937886608960865e-11
1.1790400690039583e+07 3.2811356273734669e-09 8.1922459467738691e-11
1.2430448979732085e+07 3.2731621545443390e-09 8.1906990828865372e-11
1.3105242637619328e+07 3.2651937938491139e-09 8.1891498882002550e-11
1.3816667834839268e+07 3.2572300252904371e-09 8.1875970433308475e-11
1.4566713134352265e+07 3.2492704176971826e-09 8.1860394511955481e-11
1.5357475049336189e+07 3.2413155276753630e-09 8.1844784124809917e-11
1.6191163903322941e+07 3.2333655838846785e-09 8.1829145326637773e-11
1.7070110008454680e+07 3.2254211736012944e-09 8.1813492360295537e-11
1.7996770179131076e+07 3.2174797622018552e-09 8.1797760613758299e-11
1.8973734599252339e+07 3.2095443996701806e-09 8.1782027783701157e-11
2.0003734062255420e+07 3.2016121314174201e-09 8.1766217702980451e-11
2.1089647604178246e+07 3.1936865226632186e-09 8.1750421008535049e-11
2.2234510551090330e+07 3.1857643294568120e-09 8.1734554664861491e-11
2.3441523003381085e+07 3.1778472932343819e-09 8.1718662918401942e-11
2.4714058780623812e+07 3.1699342180646428e-09 8.1702714622570938e-11
2.6055674852014951e+07 3.1620274826467840e-09 8.1686770768106192e-11
2.7470121278751288e+07 3.1541241070964159e-09 8.1670754199367378e-11
2.8961351696133547e+07 3.1462258258377736e-09 8.1654708907718627e-11
3.0533534364696536e+07 3.1383328090625138e-09 8.1638639577586551e-11
3.2191063821257122e+07 3.1304441269373702e-09 8.1622521491942792e-11
3.3938573162443779e+07 3.1225602167007663e-09 8.1606365502914663e-11
3.5780946995046318e+07 3.1146809266234087e-09 8.1590167863901356e-11
3.7723335089380078e+07 3.1068069235018951e-09 8.1573944607330182e-11
3.9771166773832850e+07 3.0989373724829730e-09 8.1557674336529284e-11
4.1930166110824980e+07 3.0910725827577346e-09 8.1541364992829304e-11
4.4206367896607384e+07 3.0832126817012120e-09 8.1525018827743414e-11
4.6606134529614508e+07 3.0753586199857635e-09 8.1508660837430725e-11
4.9136173794527799e+07 3.0675074596310011e-09 8.1492213603317582e-11
5.1803557611753732e+07 3.0596623749098027e-09 8.1475759650297203e-11
5.4615741804730587e+07 3.0518218573015159e-09 8.1459259223722914e-11
5.7580586940310776e+07 3.0439858001356409e-09 8.1442709505946248e-11
6.0706380300478213e+07 3.0361549139836082e-09 8.1426128273273240e-11
6.4001859046808526e+07 3.0283291626278643e-09 8.1409514565990176e-11
6.7476234642428443e+07 3.0205079879432740e-09 8.1392853170377430e-11
7.1139218599730358e+07 3.0126917309370098e-09 8.1376152534758355e-11
7.5001049625819877e+07 3.0048809106889337e-09 8.1359426472751694e-11
7.9072522241564155e+07 2.9970742242275382e-09 8.1342639789481990e-11
8.3365016954245508e+07 2.9892721604534208e-09 8.1325804522866513e-11
8.7890532068148926e+07 2.9814754443363743e-09 8.1308940351608238e-11
9.2661717222009748e+07 2.9736844463086546e-09 8.1292056903845129e-11
9.7691908747054398e+07 2.9658972149152760e-09 8.1275100711791830e-11
1.0299516694447732e+08 2.9581151105239739e-09 8.1258108593894321e-11
1.0858631538653974e+08 2.9503383711848704e-09 8.1241086325353582e-11
1.1448098235115650e+08 2.9425663539275861e-09 8.1224016139506631e-11
1.2069564450577489e+08 2.9347993807543283e-09 8.1206906259193989e-11
1.2724767296266377e+08 2.9270380339944750e-09 8.1189772688530360e-11
1.3415538183433151e+08 2.9192807961563201e-09 8.1172572571009835e-11
1.4143807942480901e+08 2.9115284924750926e-09 8.1155328946776129e-11
1.4911612219987077e+08 2.9037812130988885e-09 8.1138043676893946e-11
1.5721097168706703e+08 2.8960392293975800e-09 8.1120723495237786e-11
1.6574525446459952e+08 2.8883020161268185e-09 8.1103353620757018e-11
1.7474282540672493e+08 2.8805694336953792e-09 8.1085929932307459e-11
1.8422883436247683e+08 2.8728433842004041e-09 8.1068504771834695e-11
1.9422979645406720e+08 2.8651204153868273e-09 8.1050981586570805e-11
2.0477366619148672e+08 2.8574038661419380e-09 8.1033453039952694e-11
2.1588991561044389e+08 2.8496915293864238e-09 8.1015856936814440e-11
2.2760961665207750e+08 2.8419848208817213e-09 8.0998232858898483e-11
2.3996552801468271e+08 2.8342826872205288e-09 8.0980549994225926e-11
2.5299218672024471e+08 2.8265860241856848e-09 8.0962833884953541e-11
2.6672600465169582e+08 2.8188951136223316e-09 8.0945092031684726e-11
2.8120537033076614e+08 2.8112082208614968e-09 8.0927274726389419e-11
2.9647075622088295e+08 2.8035265059734429e-09 8.0909413812890743e-11
3.1256483185508406e+08 2.7958502943064614e-09 8.0891519141636969e-11
3.2953258310512239e+08 2.7881787957261635e-09 8.0873567072324225e-11
3.4742143792517811e+08 2.7805127568629984e-09 8.0855578555533516e-11
3.6628139892161596e+08 2.7728515594711929e-09 8.0837535691241073e-11
3.8616518311938518e+08 2.7651960313131375e-09 8.0819461422249560e-11
4.0712836931569117e+08 2.7575449800458546e-09 8.0801320934468685e-11
4.2922955343286574e+08 2.7498995408525360e-09 8.0783147424922259e-11
4.5253051230462569e+08 2.7422591706400081e-09 8.0764923340925675e-11
4.7709637635358524e+08 2.7346238724266728e-09 8.0746648975894926e-11
5.0299581164263117e+08 2.7269937316633731e-09 8.0728326404148859e-11
5.3030121180908674e+08 2.7193693287917894e-09 8.0709972042853573e-11
5.5908890041809261e+08 2.7117489565741874e-09 8.0691534983865592e-11
5.8943934430088568e+08 2.7041349992534453e-09 8.0673085759828085e-11
6.2143737847422516e+08 2.6965250691823747e-09 8.0654552143240635e-11
6.5517244326973021e+08 2.6889210625103298e-09 8.0635990467880242e-11
6.9073883433587146e+08 2.6813227099951158e-09 8.0617392768385269e-11
7.2823596621149886e+08 2.6737288767961872e-09 8.0598723602890607e-11
7.6776865020755672e+08 2.6661412269715263e-09 8.0580033034374803e-11
8.0944738737380135e+08 2.6585578878783581e-09 8.0561264298220864e-11
8.5338867736934674e+08 2.6509799723927063e-09 8.0542450012572634e-11
8.9971534410041308e+08 2.6434074333528414e-09 8.0523588369161660e-11
9.4855687903553188e+08 2.6358404799977355e-09 8.0504685265293783e-11
1.0000498031577495e+09 2.6282787199328210e-09 8.0485728240264045e-11
1.0543380485656623e+09 2.6207211829309014e-09 8.0466687098673252e-11
1.1115733607898066e+09 2.6131701747530498e-09 8.0447631801029944e-11
1.1719157229490805e+09 2.6056247160140328e-09 8.0428531652751472e-11
1.2355338029326534e+09 2.5980842084670078e-09 8.0409368081475113e-11
1.3026054248574660e+09 2.5905488848635795e-09 8.0390147683571674e-11
1.3733180661189733e+09 2.5830184089458784e-09 8.0370859054520574e-11
1.4478693814246435e+09 2.5754940965122685e-09 8.0351542635845786e-11
1.5264677552748096e+09 2.5679746066578820e-09 8.0332156491793525e-11
1.6093328844353347e+09 2.5604611158980631e-09 8.0312736152209073e-11
1.6966963920300269e+09 2.5529531363846197e-09 8.0293266496779240e-11
1.7888024749694951e+09 2.5454496698864952e-09 8.0273715623458141e-11
1.8859085865259206e+09 2.5379520716266220e-09 8.0254124681620551e-11
1.9882861559618890e+09 2.5304598309310925e-09 8.0234477731843210e-11
2.0962213472245378e+09 2.5229734542117624e-09 8.0214790361638956e-11
2.2100158588259568e+09 2.5154918983949389e-09 8.0195028146957054e-11
2.3299877671453943e+09 2.5080159518401304e-09 8.0175216112944009e-11
2.4564724155107226e+09 2.5005462052385340e-09 8.0155372438657965e-11
2.5898233515440235e+09 2.4930805423203688e-09 8.0135428707508753e-11
2.7304133153916411e+09 2.4856210891556360e-09 8.0115453053809452e-11
2.8786352816006784e+09 2.4781670614160336e-09 8.0095418773625364e-11
3.0349035575544934e+09 2.4707189154024264e-09 8.0075340146122717e-11
3.1996549415371804e+09 2.4632758158198839e-09 8.0055190381112076e-11
3.3733499436644001e+09 2.4558381459585662e-09 8.0034980473045502e-11
3.5564740730929017e+09 2.4484060109757452e-09 8.0014713045315672e-11
3.7495391951071205e+09 2.4409796066932066e-09 7.9994394532913736e-11
3.9530849618757358e+09 2.4335589784272203e-09 7.9974025477552189e-11
4.1676803208778415e+09 2.4261441445066374e-09 7.9953605387092376e-11
4.3939251052147026e+09 2.4187343662117852e-09 7.9933110573280445e-11
4.6324517102524300e+09 2.4113298850516057e-09 7.9912547361349910e-11
4.8839268612823019e+09 2.4039316837961217e-09 7.9891947100908333e-11
5.1490534771391983e+09 2.3965381028643129e-09 7.9871255531567470e-11
5.4285726349878855e+09 2.3891512775382262e-09 7.9850542092730298e-11
5.7232656417684603e+09 2.3817696280058102e-09 7.9829753351038666e-11
6.0339562180916777e+09 2.3743932295430872e-09 7.9808891775640649e-11
6.3615128006878586e+09 2.3670226279867701e-09 7.9787974155965897e-11
6.7068509698458643e+09 2.3596581847151643e-09 7.9767012650774854e-11
7.0709360086265049e+09 2.3522986866307775e-09 7.9745965613165529e-11
7.4547856010046663e+09 2.3449453913581447e-09 7.9724874527453572e-11
7.8594726764810915e+09 2.3375979450356706e-09 7.9703726517978663e-11
8.2861284091159248e+09 2.3302558713510070e-09 7.9682505540353223e-11
8.7359453793659248e+09 2.3229199911826568e-09 7.9661238365880277e-11
9.2101809075642414e+09 2.3155888272555378e-09 7.9639873994636975e-11
9.7101605683594036e+09 2.3082635567033401e-09 7.9618451722042308e-11
1.0237281895938107e+10 2.3009440992369889e-09 7.9596967754388010e-11
1.0793018290387413e+10 2.2936307535849089e-09 7.9575432115165072e-11
1.1378923136116598e+10 2.2863233215311621e-09 7.9553837630675015e-11
1.1996634143849062e+10 2.2790210574140531e-09 7.9532157027682937e-11
1.2647877928322353e+10 2.2717255484395430e-09 7.9510444731524764e-11
1.3334474834490358e+10 2.2644343507718389e-09 7.9488615561101318e-11
1.4058344025719288e+10 2.2571499318317883e-09 7.9466754467486550e-11
1.4821508848198298e+10 2.2498717212415927e-09 7.9444840239794943e-11
1.5626102486560940e+10 2.2425986827431034e-09 7.9422836695400561e-11
1.6474373926524151e+10 2.2353313276445990e-09 7.9400760302247664e-11
1.7368694241213303e+10 2.2280701868907997e-09 7.9378629320107632e-11
1.8311563218742790e+10 2.2208149601352495e-09 7.9356432494844057e-11
1.9305616349579521e+10 2.2135649386888720e-09 7.9334143534005708e-11
2.0353632193218040e+10 2.2063210421034835e-09 7.9311794320948970e-11
2.1458540144760845e+10 2.1990837702792200e-09 7.9289401957826593e-11
2.2623428623110432e+10 2.1918518582423074e-09 7.9266921217066734e-11
2.3851553703663029e+10 2.1846258576126963e-09 7.9244369604771092e-11
2.5146348219631966e+10 2.1774055172235208e-09 7.9221738610998996e-11
2.6511431357441212e+10 2.1701917310221752e-09 7.9199058834778830e-11
2.7950618773011127e+10 2.1629836343901674e-09 7.9176298332096654e-11
2.9467933257210636e+10 2.1557818534662391e-09 7.9153479461380774e-11
3.1067615980291077e+10 2.1485853294092264e-09 7.9130561771393804e-11
3.2754138346728313e+10 2.1413952720956901e-09 7.9107589621750498e-11
3.4532214493613388e+10 2.1342112583072998e-09 7.9084546099596734e-11
3.6406814467522987e+10 2.1270333128771107e-09 7.9061431563805829e-11
3.8383178116705635e+10 2.1198606047360023e-09 7.9038214137884645e-11
4.0466829737410454e+10 2.1126943754461657e-09 7.9014939760821012e-11
4.2663593515302246e+10 2.1055337694537952e-09 7.8991573932953632e-11
4.4979609805119591e+10 2.0983801755587340e-09 7.8968169270862627e-11
4.7421352294085724e+10 2.0912323616283966e-09 7.8944678454663611e-11
4.9995646097041573e+10 2.0840906308967313e-09 7.8921110913178140e-11
5.2709686833885963e+10 2.0769545471185380e-09 7.8897450612353324e-11
5.5571060742641808e+10 2.0698247283091179e-09 7.8873719304852338e-11
5.8587765884374313e+10 2.0627016758984538e-09 7.8849935043263678e-11
6.1768234499226173e+10 2.0555842878639776e-09 7.8826055721418532e-11
6.5121356576065918e+10 2.0484724884901685e-09 7.8802076496819176e-11
6.8656504701623535e+10 2.0413674924813902e-09 7.8778042827443842e-11
7.2383560258578949e+10 2.0342683131290629e-09 7.8753917098627541e-11
7.6312941045823608e+10 2.0271754986164910e-09 7.8729718484009279e-11
8.0455630398107544e+10 2.0200886157046734e-09 7.8705429021888669e-11
8.4823207886457352e+10 2.0130086427425004e-09 7.8681086161246634e-11
8.9427881685188156e+10 2.0059339425686771e-09 7.8656625662208693e-11
9.4282522695970978e+10 1.9988664926697891e-09 7.8632122689601388e-11
9.9400700524349182e+10 1.9918045714752778e-09 7.8607509492432875e-11
1.0479672140925371e+11 1.9847489932676989e-09 7.8582817010030630e-11
1.1048566821154892e+11 1.9776998645001116e-09 7.8558048097126535e-11
1.1648344257337155e+11 1.9706569588949318e-09 7.8533192713937422e-11
1.2280680936611937e+11 1.9636201974187758e-09 7.8508247457769168e-11
1.2947344355131551e+11 1.9565899856090320e-09 7.8483226034374419e-11
1.3650197958534746e+11 1.9495659955178613e-09 7.8458115372127216e-11
1.4391206350616425e+11 1.9425480102080596e-09 7.8432905714257222e-11
1.5172440784752777e+11 1.9355372216397075e-09 7.8407643222205703e-11
1.5996084953432001e+11 1.9285324058527583e-09 7.8382277590729077e-11
1.6864441092071912e+11 1.9215336048203007e-09 7.8356810284247946e-11
1.7779936414187656e+11 1.9145417141782595e-09 7.8331275394536274e-11
1.8745129895894855e+11 1.9075558936603012e-09 7.8305638036771527e-11
1.9762719428714368e+11 1.9005758159989229e-09 7.8279884099621314e-11
2.0835549360669714e+11 1.8936034546791329e-09 7.8254092408611504e-11
2.1966618446758313e+11 1.8866368047598671e-09 7.8228180232286320e-11
2.3159088231017041e+11 1.8796771701571493e-09 7.8202199781530888e-11
2.4416291883614163e+11 1.8727236684078214e-09 7.8176113472792857e-11
2.5741743517666113e+11 1.8657770042538243e-09 7.8149949604472778e-11
2.7139148011824255e+11 1.8588362468750359e-09 7.8123668008615056e-11
2.8612411366084485e+11 1.8519021716339902e-09 7.8097299435429030e-11
3.0165651619769257e+11 1.8449748931920742e-09 7.8070848483726866e-11
3.1803210362196387e+11 1.8380532793704041e-09 7.8044265532013318e-11
3.3529664868212665e+11 1.8311385802915564e-09 7.8017601777885479e-11
3.5349840892509454e+11 1.8242311464651156e-09 7.7990871262641334e-11
3.7268826158486755e+11 1.8173300613957780e-09 7.7964034052739986e-11
3.9291984579365375e+11 1.8104361899882726e-09 7.7937125676069054e-11
4.1424971251302185e+11 1.8035474681160043e-09 7.7910056710578221e-11
4.3673748260412305e+11 1.7966656197845382e-09 7.7882899159070470e-11
4.6044601347886658e+11 1.7897915257097509e-09 7.7855689342822500e-11
4.8544157479781696e+11 1.7829228234525067e-09 7.7828325925711433e-11
5.1179403370597430e+11 1.7760621233181801e-09 7.7800918233096051e-11
5.3957705012416260e+11 1.7692073365276321e-09 7.7773375517787621e-11
5.6886828264190479e+11 1.7623587820593512e-09 7.7745710908626155e-11
5.9974960558734570e+11 1.7555178299165555e-09 7.7717980867150795e-11
6.3230733788089050e+11 1.7486830645469250e-09 7.7690123961685756e-11
6.6663248431230701e+11 1.7418554471279295e-09 7.7662179756461754e-11
7.0282098991568970e+11 1.7350343069366935e-09 7.7634118195224066e-11
7.4097400815327588e+11 1.7282201702085895e-09 7.7605960077297002e-11
7.8119818365782458e+11 1.7214124682416632e-09 7.7577680312692841e-11
8.2360595032375977e+11 1.7146119044467105e-09 7.7549307505384555e-11
8.6831584558039038e+11 1.7078179190079809e-09 7.7520814894042099e-11
9.1545284172557935e+11 1.7010311820702467e-09 7.7492232378100605e-11
9.6514869524611243e+11 1.6942512743561615e-09 7.7463538721894063e-11
1.0175423151010413e+12 1.6874775543235565e-09 7.7434703993554905e-11
1.0727801509975319e+12 1.6807114994275575e-09 7.7405792883111161e-11
1.1310166027444258e+12 1.6739522801248908e-09 7.7376766644984456e-11
1.1924144518278706e+12 1.6671993938130025e-09 7.7347601045351690e-11
1.2571453164151785e+12 1.6604538843047795e-09 7.7318341919289723e-11
1.3253901310588699e+12 1.6537150550061416e-09 7.7288955690202627e-11
1.3973396524416504e+12 1.6469839598892166e-09 7.7259489197804019e-11
1.4731949925761333e+12 1.6402587511648822e-09 7.7229856203054082e-11
1.5531681809494922e+12 1.6335413356948716e-09 7.7200142120460613e-11
1.6374827571845056e+12 1.6268310142709114e-09 7.7170314641466975e-11
1.7263743958734524e+12 1.6201267886242607e-09 7.7140324072078267e-11
1.8200915653315857e+12 1.6134303624553645e-09 7.7110248495805888e-11
1.9188962221112629e+12 1.6067414287385249e-09 7.7080073323918206e-11
2.0230645432182356e+12 1.6000586585859657e-09 7.7049732434688409e-11
2.1328876980765994e+12 1.5933837100069985e-09 7.7019304082180479e-11
2.2486726624004478e+12 1.5867150913298814e-09 7.6988713698585135e-11
2.3707430762468208e+12 1.5800543986332028e-09 7.6958038537734907e-11
2.4994401486486294e+12 1.5733997776148452e-09 7.6927185150647358e-11
2.6351236113559482e+12 1.5667531798020237e-09 7.6896247007360614e-11
2.7781727243518735e+12 1.5601141835101874e-09 7.6865201343872672e-11
2.9289873359531533e+12 1.5534822800423456e-09 7.6834023236307791e-11
3.0879890004590796e+12 1.5468567759782219e-09 7.6802675363084230e-11
3.2556221564724111e+12 1.5402390849711666e-09 7.6771225631923995e-11
3.4323553691863369e+12 1.5336281160418908e-09 7.6739620065450496e-11
3.6186826401094102e+12 1.5270252951126050e-09 7.6707922562434196e-11
3.8151247878897334e+12 1.5204293397920377e-09 7.6676072581110130e-11
4.0222309040979424e+12 1.5138406542182671e-09 7.6644086835658710e-11
4.2405798880379937e+12 1.5072593484154555e-09 7.6611967994290870e-11
4.4707820648763135e+12 1.5006853403451871e-09 7.6579710247708575e-11
4.7134808916116416e+12 1.4941189119204312e-09 7.6547325227871673e-11
4.9693547556545674e+12 1.4875594711541511e-09 7.6514783031884431e-11
5.2391188710437051e+12 1.4810081270542055e-09 7.6482136540853409e-11
5.5235272775993936e+12 1.4744634478074787e-09 7.6449309499624922e-11
5.8233749486021260e+12 1.4679266339201975e-09 7.6416364197981157e-11
6.1395000128877090e+12 1.4613972423688598e-09 7.6383273752692321e-11
6.4727860975697637e+12 1.4548750855142414e-09 7.6350026084834224e-11
6.8241647979386846e+12 1.4483608553837960e-09 7.6316656192844852e-11
7.1946182814399121e+12 1.4418537122048430e-09 7.6283116873051910e-11
7.5851820330108779e+12 1.4353544709547948e-09 7.6249449500189971e-11
7.9969477494496992e+12 1.4288626818272193e-09 7.6215628300031145e-11
8.4310663909068633e+12 1.4223781777838050e-09 7.6181642398484302e-11
8.8887513980281738e+12 1.4159016061188603e-09 7.6147521516126375e-11
9.3712820837424355e+12 1.4094327775031538e-09 7.6113257007329268e-11
9.8800072091737070e+12 1.4029709166383203e-09 7.6078801961056483e-11
1.0416348753674686e+13 1.3965177762765553e-09 7.6044250085269242e-11
1.0981805889517602e+13 1.3900714710239928e-09 7.6009496168974980e-11
1.1577959172353854e+13 1.3836329008423368e-09 7.5974587072279638e-11
1.2206474959154467e+13 1.3772030441985674e-09 7.5939573019016822e-11
1.2869110065981777e+13 1.3707802241868041e-09 7.5904362171857527e-11
1.3567716678609848e+13 1.3643643169522440e-09 7.5868940248928232e-11
1.4304247529721145e+13 1.3579571205686732e-09 7.5833410540424432e-11
1.5080761357149471e+13 1.3515578911054687e-09 7.5797724630427539e-11
1.5899428658427754e+13 1.3451666099473930e-09 7.5761879098229570e-11
1.6762537757723387e+13 1.3387821285407907e-09 7.5725809514590892e-11
1.7672501202121184e+13 1.3324063897787155e-09 7.5689620339526001e-11
1.8631862505131180e+13 1.3260381346830630e-09 7.5653240164081202e-11
1.9643303256272867e+13 1.3196780674961047e-09 7.5616702519823951e-11
2.0709650616605574e+13 1.3133260917030189e-09 7.5580002064419857e-11
2.1833885221158543e+13 1.3069814405554054e-09 7.5543092068471781e-11
2.3019149510348723e+13 1.3006440963096859e-09 7.5505966702029547e-11
2.4268756513673156e+13 1.2943157072338365e-09 7.5468719397693823e-11
2.5586199110230762e+13 1.2879965505522287e-09 7.5431365348447569e-11
2.6975159791954637e+13 1.2816847944607366e-09 7.5393795012803371e-11
2.8439520956847949e+13 1.2753801882088233e-09 7.5355988068311841e-11
2.9983375760992316e+13 1.2690846346828594e-09 7.5318053128414528e-11
3.1611039559665672e+13 1.2627958351801742e-09 7.5279854460320147e-11
3.3327061969545121e+13 1.2565153602405509e-09 7.5241477189141060e-11
3.5136239585714434e+13 1.2502435757399411e-09 7.5202945131038550e-11
3.7043629389019500e+13 1.2439809505317044e-09 7.5164280744918345e-11
3.9054562881252266e+13 1.2377258848625145e-09 7.5125389661538584e-11
4.1174660987667844e+13 1.2314784943319671e-09 7.5086264440873525e-11
4.3409849768494695e+13 1.2252400615124626e-09 7.5046994501815024e-11
4.5766376983350547e+13 1.2190092297873922e-09 7.5007482971547826e-11
4.8250829554870195e+13 1.2127868898052975e-09 7.4967780765376002e-11
5.0870151980352195e+13 1.2065727416839601e-09 7.4927873099534772e-11
5.3631665742894055e+13 1.2003664950085093e-09 7.4887738005431732e-11
5.6543089776268797e+13 1.1941700061444008e-09 7.4847477382181214e-11
5.9612562040752883e+13 1.1879787154034896e-09 7.4806810732887133e-11
6.2848662270205219e+13 1.1817995788828584e-09 7.4766177806142412e-11
6.6260435953986438e+13 1.1756284983578917e-09 7.4725301381651666e-11
6.9857419620746477e+13 1.1694630766471639e-09 7.4684035302253027e-11
7.3649667494761703e+13 1.1633076604228009e-09 7.4642652887611629e-11
7.7647779599320344e+13 1.1571624563966509e-09 7.4601159895550176e-11
8.1862931385718750e+13 1.1510236636580236e-09 7.4559314228149522e-11
8.6306904970679938e+13 1.1448943723039100e-09 7.4517306399985564e-11
9.0992122069518984e+13 1.1387755590136425e-09 7.4475202820486092e-11
9.5931678717096453e+13 1.1326608146983205e-09 7.4432567901395642e-11
1.0113938187362183e+14 1.1265595046648974e-09 7.4390027581556888e-11
1.0662978801761788e+14 1.1204632152114886e-09 7.4347004728236767e-11
1.1241824383393344e+14 1.1143787915917925e-09 7.4303974793773616e-11
1.1852092911051858e+14 1.1082992529151958e-09 7.4260443768794393e-11
1.2495490196387877e+14 1.1022302195308053e-09 7.4216796757270101e-11
1.3173814651961736e+14 1.0961706095114444e-09 7.4172952722627657e-11
1.3888962318133703e+14 1.0901215216257022e-09 7.4128986137346933e-11
1.4642932162842625e+14 1.0840768090617806e-09 7.4084470909430825e-11
1.5437831669084875e+14 1.0780442314439231e-09 7.4039924195714789e-11
1.6275882725713294e+14 1.0720218093924962e-09 7.3995230310214484e-11
1.7159427838020550e+14 1.0660035538097221e-09 7.3949951945506930e-11
1.8090936675468728e+14 1.0599995755218357e-09 7.3904786344937387e-11
1.9073012974864644e+14 1.0539995515467338e-09 7.3859016005185910e-11
2.0108401818278584e+14 1.0480135576618052e-09 7.3813336044811490e-11
2.1199997306047847e+14 1.0420340683058087e-09 7.3767218396285278e-11
2.2350850646315119e+14 1.0360630718034108e-09 7.3720795587230308e-11
2.3564178683710134e+14 1.0301006640727778e-09 7.3674062725742777e-11
2.4843372891016500e+14 1.0241470269098789e-09 7.3627036925493992e-11
2.6192008848954825e+14 1.0182070120090421e-09 7.3580075265467440e-11
2.7613856240583053e+14 1.0122735374913913e-09 7.3532632794687431e-11
2.9112889388246206e+14 1.0063459094046063e-09 7.3484657845184646e-11
3.0693298362531406e+14 1.0004335534644420e-09 7.3436860692643903e-11
3.2359500694277094e+14 9.9452711968204922e-10 7.3388524500093190e-11
3.4116153722377525e+14 9.8862775488612924e-10 7.3339723969463643e-11
3.5968167611891994e+14 9.8273983326962920e-10 7.3290810374830253e-11
3.7920719078850756e+14 9.7686426321031011e-10 7.3241813263296982e-11
3.9979265860117681e+14 9.7099564642958378e-10 7.3192338447591449e-11
4.2149561968760306e+14 9.6513494464554893e-10 7.3142447918840370e-11
4.4437673777562844e+14 9.5928524636222659e-10 7.3092369706869242e-11
4.6849996975643362e+14 9.5344408465169603e-10 7.3041896491103937e-11
4.9393274445567825e+14 9.4761563778101945e-10 7.2991372000791459e-11
5.2074615110936844e+14 9.4179350014395320e-10 7.2940260507944088e-11
5.4901513807120056e+14 9.3598212904629951e-10 7.2888939517562367e-11
5.7881872230686412e+14 9.3017858798947591e-10 7.2837169491175225e-11
6.1024021026083000e+14 9.2438681283631258e-10 7.2785206479412208e-11
6.4336743071305750e+14 9.1860724135301592e-10 7.2733143904096805e-11
6.7829298027640912e+14 9.1283211746408528e-10 7.2680306169607927e-11
7.1511448222104662e+14 9.0707113760674104e-10 7.2627510396584710e-11
7.5393485934925225e+14 9.0131567021379785e-10 7.2573992547130298e-11
7.9486262168337762e+14 8.9557173654586006e-10 7.2520301639098105e-11
8.3801216977114800e+14 8.8984128156773692e-10 7.2466535053222021e-11
8.8350411445600050e+14 8.8411510691214271e-10 7.2411971948452353e-11
9.3146561400636438e+14 8.7840391968572304e-10 7.2357464422299606e-11
9.8203072954614412e+14 8.7269608223664158e-10 7.2302026914504718e-11
1.0353407997800151e+15 8.6700755706729139e-10 7.2247021427419230e-11
1.0915448360608078e+15 8.6131954645051478e-10 7.2190802367358674e-11
1.1507999389033870e+15 8.5565105438255536e-10 7.2135068343340912e-11
1.2132717371091592e+15 8.4998649412727377e-10 7.2078351647671843e-11
1.2791348507287832e+15 8.4433260508693900e-10 7.2021373043533428e-11
1.3485733791569705e+15 8.3869028010772997e-10 7.1964105632968183e-11
1.4217814157238345e+15 8.3306226855343430e-10 7.1906766679359787e-11
1.4989635902210418e+15 8.2743959092831463e-10 7.1848622967111172e-11
1.5803356408794058e+15 8.2182677937269173e-10 7.1790049465620859e-11
1.6661250173964792e+15 8.1622629035345386e-10 7.1731222108535611e-11
1.7565715166998968e+15 8.1063678838617463e-10 7.1672022214681881e-11
1.8519279532233922e+15 8.0505447778619277e-10 7.1612137880851927e-11
1.9524608655692568e+15 7.9948713131899132e-10 7.1552205041535622e-11
2.0584512615322080e+15 7.9391807276883580e-10 7.1490764674789947e-11
2.1701954035673715e+15 7.8837881817792215e-10 7.1430650550606228e-11
2.2880056368977170e+15 7.8284125217414513e-10 7.1369238108440788e-11
2.4122112625759290e+15 7.7731011137541023e-10 7.1307032659458217e-11
2.5431594579407410e+15 7.7179151472523677e-10 7.1244483576240033e-11
2.6812162470408475e+15 7.6628209817721996e-10 7.1181400661575203e-11
2.8267675237386780e+15 7.6079702416020941e-10 7.1119104602645210e-11
2.9802201303541350e+15 7.5531219305489007e-10 7.1055345416011185e-11
3.1420029948628670e+15 7.4983663127990416e-10 7.0990913941433560e-11
3.3125683298280815e+15 7.4436865064772995e-10 7.0925778738479722e-11
3.4923928964170255e+15 7.3892257714722590e-10 7.0861094354660873e-11
3.6819793370351400e+15 7.3348179601208026e-10 7.0795416802173528e-11
3.8818575803032715e+15 7.2805213502983246e-10 7.0729278681909985e-11
4.0925863223045450e+15 7.2264309042957124e-10 7.0663548374587601e-11
4.3147545882417035e+15 7.1723391680447867e-10 7.0596215565799281e-11
4.5489833788696590e+15 7.1184143127963347e-10 7.0528855865465342e-11
4.7959274063058780e+15 7.0645574052449621e-10 7.0460533500534898e-11
5.0562769240698220e+15 7.0107607487272380e-10 7.0391113866509992e-11
5.3307596564672920e+15 6.9572298431185729e-10 7.0322761231330203e-11
5.6201428327121890e+15 6.9037582543306355e-10 7.0253306885381466e-11
5.9252353314721220e+15 6.8502822869930629e-10 7.0181984182879053e-11
6.2468899418313900e+15 6.7971442230517676e-10 7.0112488071896347e-11
6.5860057469918420e+15 6.7440025842647426e-10 7.0041127331799691e-11
6.9435306373739150e+15 6.6909729496056762e-10 6.9969196577807507e-11
7.3204639601432670e+15 6.6380675781120663e-10 6.9896737244869885e-11
7.7178593125678480e+15 6.5853315036973543e-10 6.9824055745856460e-11
8.1368274870142260e+15 6.5326013564085534e-10 6.9749806054773221e-11
8.5785395758142310e+15 6.4800513789305557e-10 6.9675545918297923e-11
9.0442302446816440e+15 6.4276317178137845e-10 6.9600778953735221e-11
9.5352011838274160e+15 6.3753965042201012e-10 6.9526134644547117e-11
1.0052824746420918e+16 6.3232232091447592e-10 6.9450090964980091e-11
1.0598547784566754e+16 6.2711669274708361e-10 6.9373470207107790e-11
1.1173895693520088e+16 6.2190430727379412e-10 6.9294217184731970e-11
1.1780476675443948e+16 6.1673230899138327e-10 6.9217108257012996e-11
1.2419986234627336e+16 6.1156453191061270e-10 6.9138616428525888e-11
1.3094211916727626e+16 6.0640774002660227e-10 6.9059262743455283e-11
1.3805038305287332e+16 6.0125778547383905e-10 6.8978632441048556e-11
1.4554452289487472e+16 5.9613523547312130e-10 6.8898977182967776e-11
1.5344548617864784e+16 5.9100797264877849e-10 6.8816628934339928e-11
1.6177535753515290e+16 5.8590395423093250e-10 6.8734825711932179e-11
1.7055742047150762e+16 5.8081952957391755e-10 6.8652840241113702e-11
1.7981622245262902e+16 5.7572717038702224e-10 6.8567831265044033e-11
1.8957764351586732e+16 5.7066449158253973e-10 6.8484317423861301e-11
1.9986896861042588e+16 5.6560802697626132e-10 6.8398799639962591e-11
2.1071896386374904e+16 5.6057311436766145e-10 6.8313969346665570e-11
2.2215795698810536e+16 5.5554095232826333e-10 6.8226661209175299e-11
2.3421792205205268e+16 5.5053951605431929e-10 6.8141148209395447e-11
2.4693256885378448e+16 5.4553248266515377e-10 6.8052297823804231e-11
2.6033743714615380e+16 5.4054398973692324e-10 6.7963251306210876e-11
2.7446999597675332e+16 5.3557350187002026e-10 6.7873999793529027e-11
2.8936974842072556e+16 5.3061075751628698e-10 6.7783128558171170e-11
3.0507834199905560e+16 5.2566773975280025e-10 6.7692037214542779e-11
3.2163968509095564e+16 5.2073720363611013e-10 6.7600286811181894e-11
3.3910006966580848e+16 5.1581883359534719e-10 6.7507281974540392e-11
3.5750830067763176e+16 5.1091407000357061e-10 6.7413229708101138e-11
3.7691583248381528e+16 5.0603126706369404e-10 6.7319542703774985e-11
3.9737691266941856e+16 5.0115149361142443e-10 6.7223269384920932e-11
4.1894873367904824e+16 4.9629215501133231e-10 6.7127011787180438e-11
4.4169159268015440e+16 4.9144608644666592e-10 6.7029665550026531e-11
4.6566906010459960e+16 4.8661616969523825e-10 6.6931690546769217e-11
4.9094815733956088e+16 4.8179966637330747e-10 6.6832508501768035e-11
5.1759954406455408e+16 4.7699831937128066e-10 6.6732424899849401e-11
5.4569771575807480e+16 4.7221215280457730e-10 6.6631415741233267e-11
5.7532121192603152e+16 4.6745490698547812e-10 6.6531044547774806e-11
6.0655283563396488e+16 4.6268420397327413e-10 6.6425951956971266e-11
6.3947988495669272e+16 4.5794691550676684e-10 6.6322542711526614e-11
6.7419439699232360e+16 4.5322512591717610e-10 6.6218153116113093e-11
7.1079340512271600e+16 4.4852600525437767e-10 6.6114125538071813e-11
7.4937921023940176e+16 4.4383344013068510e-10 6.6007391735429971e-11
7.9005966669327296e+16 4.3914458708170237e-10 6.5897825807976637e-11
8.3294848376708528e+16 4.3447959348909680e-10 6.5787797695028611e-11
8.7816554351361856e+16 4.2983747760073563e-10 6.5678301607158565e-11
9.2583723584784160e+16 4.2521165703822809e-10 6.5567752876430785e-11
9.7609681182973792e+16 4.2060596426468387e-10 6.5456784874986034e-11
1.0290847561252792e+17 4.1601371461715760e-10 6.5344198345002943e-11
1.0849491796866467e+17 4.1143827872577549e-10 6.5230539293405291e-11
1.1438462337493286e+17 4.0689143182332438e-10 6.5118075458609634e-11
1.2059405463031805e+17 4.0234623136552441e-10 6.5001604679621676e-11
1.2714056822577418e+17 3.9781678241809880e-10 6.4883752996878778e-11
1.3404246285876875e+17 3.9330151608175248e-10 6.4764202048626834e-11
1.4131903058147587e+17 3.8880619970415270e-10 6.4643861824575131e-11
1.4899061072557466e+17 3.8432794801262519e-10 6.4522136939184880e-11
1.5707864675438458e+17 3.7987286868867540e-10 6.4400111418741080e-11
1.6560574620124989e+17 3.7543341269054071e-10 6.4276558243075902e-11
1.7459574386171434e+17 3.7100508231967996e-10 6.4149519769331019e-11
1.8407376841610339e+17 3.6660541846757570e-10 6.4024090097408645e-11
1.9406631266877757e+17 3.6223023173647362e-10 6.3898848963654790e-11
2.0460130760033360e+17 3.5787160995256586e-10 6.3772689013624037e-11
2.1570820043978330e+17 3.5352731180454665e-10 6.3643458778470756e-11
2.2741803697492035e+17 3.4920518621082722e-10 6.3513528840288055e-11
2.3976354833095008e+17 3.4490174075415666e-10 6.3382260724187027e-11
2.5277924245994368e+17 3.4061191295707748e-10 6.3248676313756650e-11
2.6650150059685200e+17 3.3634252347322397e-10 6.3113937103080928e-11
2.8096867895166397e+17 3.3209402735847554e-10 6.2978095973408584e-11
2.9622121592202291e+17 3.2785953070202526e-10 6.2837705110852903e-11
3.1230174512589414e+17 3.2364084230997719e-10 6.2697597117922044e-11
3.2925521457029357e+17 3.1949085536364699e-10 6.2565206327186828e-11
3.4712901228915187e+17 3.1533017342455908e-10 6.2425528264098259e-11
3.6597309880149702e+17 3.1118473727514182e-10 6.2283658184030621e-11
3.8584014676020192e+17 3.0707204627168660e-10 6.2142560418378580e-11
4.0678568818164627e+17 3.0297145096792295e-10 6.1998428841103681e-11
4.2886826966778714e+17 2.9888993151820025e-10 6.1851789939940236e-11
4.5214961605461030e+17 2.9484083605198197e-10 6.1706813635339167e-11
4.7669480294425990e+17 2.9080853626411508e-10 6.1561174905760016e-11
5.0257243860320154e+17 2.8679991982737975e-10 6.1411559257826380e-11
5.2985485573481894e+17 2.8278871350028239e-10 6.1257149807294925e-11
5.5861831366249018e+17 2.7883466093065598e-10 6.1108906086971978e-11
5.8894321148828122e+17 2.7490295814029052e-10 6.0957505736481735e-11
6.2091431282307558e+17 2.7094725562764506e-10 6.0797287887343840e-11
6.5462098271631040e+17 2.6701932985266315e-10 6.0634189664039719e-11
6.9015743744751872e+17 2.6320932176575607e-10 6.0492998051204575e-11
7.2762300787804864e+17 2.5933091549591206e-10 6.0328841265832374e-11
7.6712241709886413e+17 2.5549938531073319e-10 6.0168625094635341e-11
8.0876607315066355e+17 2.5171977505207150e-10 6.0015631269454842e-11
8.5267037763445517e+17 2.4794347210738553e-10 5.9853175129487328e-11
8.9895805107522624e+17 2.4418413609108979e-10 5.9690286971925406e-11
9.4775847594815501e+17 2.4046088372705028e-10 5.9529157768749399e-11
9.9920805832620275e+17 2.3675532492597687e-10 5.9365812483947055e-11
1.0534506091598595e+18 2.3297792399523277e-10 5.9176874128471270e-11
1.1106377462550307e+18 2.2933938856209982e-10 5.9012732684130038e-11
1.1709293180723479e+18 2.2572617242312239e-10 5.8853744895925524e-11
1.2344938505327370e+18 2.2202202920263573e-10 5.8660367888787609e-11
1.3015090180780513e+18 2.1851608465426094e-10 5.8512594079302579e-11
1.3721621403034867e+18 2.1493780292581727e-10 5.8338256287340240e-11
1.4466507055499579e+18 2.1135517651020957e-10 5.8152211239541228e-11
1.5251829229199928e+18 2.0784881889356771e-10 5.7984125660306966e-11
1.6079783042599867e+18 2.0428626226939990e-10 5.7788190488454020e-11
1.6952682777359263e+18 2.0080136903326174e-10 5.7607568122963546e-11
1.7872968347171558e+18 1.9738692681737963e-10 5.7439901448741907e-11
1.8843212117767025e+18 1.9387530905632341e-10 5.7236212786473683e-11
1.9866126097143357e+18 1.9045609670994322e-10 5.7049801829177001e-11
2.0944569516121812e+18 1.8704715599070552e-10 5.6859747811506613e-11
2.2081556820417956e+18 1.8365482713012622e-10 5.6667351477815548e-11
2.3280266096566687e+18 1.8027533950491777e-10 5.6471698731036387e-11
2.4544047955251241e+18 1.7690207542731093e-10 5.6269720543434944e-11
2.5876434896872356e+18 1.7353960517620175e-10 5.6062551353637461e-11
2.7281151185528612e+18 1.7010050154086366e-10 5.5822103666468699e-11
2.8762123259013043e+18 1.6675602069357833e-10 5.5601019128919686e-11
3.0323490703921690e+18 1.6352748639027117e-10 5.5405968149653010e-11
3.1969617826551859e+18 1.6019457897949324e-10 5.5170964269282557e-11
3.3705105851932851e+18 1.5683372141810437e-10 5.4919034065177516e-11
3.5534805785087708e+18 1.5351347281732694e-10 5.4668561149263985e-11
3.7463831970476114e+18 1.5019557566093137e-10 5.4408384342267809e-11
3.9497576387515622e+18 1.4685595044332520e-10 5.4129408910963396e-11
