# k_modes P_scalar P_tensor
4.5653928962181625e-05 3.0915648765325344e-09 8.1208843713658718e-12
4.8618170779244188e-05 3.0857746977552755e-09 8.1207116267828325e-12
5.1774876415955240e-05 3.0799901998599553e-09 8.1205391505237164e-12
5.5136542262339539e-05 3.0742106853147632e-09 8.1203651290869508e-12
5.8716476080470658e-05 3.0684368879652178e-09 8.1201914711907105e-12
6.2528849685652873e-05 3.0626685133080011e-09 8.1200174266783653e-12
6.6588755048115116e-05 3.0569054896289395e-09 8.1198427775229807e-12
7.0912264037303470e-05 3.0511471245283822e-09 8.1196657089706229e-12
7.5516492045282394e-05 3.0453954876176477e-09 8.1194916912829889e-12
8.0419665741108851e-05 3.0396491863903565e-09 8.1193170508276961e-12
8.5641195224397319e-05 3.0339077510018514e-09 8.1191405226687344e-12
9.1201750863708812e-05 3.0281725152193146e-09 8.1189656550255705e-12
9.7123345123941549e-05 3.0224412880141692e-09 8.1187866067833908e-12
1.0342941970665429e-04 3.0167168692288181e-09 8.1186108349589367e-12
1.1014493834827985e-04 3.0109977433508593e-09 8.1184343274096905e-12
1.1729648564358951e-04 3.0052835368058659e-09 8.1182560665761453e-12
1.2491237228561821e-04 2.9995751319350920e-09 8.1180783904794411e-12
1.3302274713866195e-04 2.9938724040127616e-09 8.1179010080719888e-12
1.4165971658800763e-04 2.9881750596467333e-09 8.1177231086265350e-12
1.5085747163886531e-04 2.9824826272820935e-09 8.1175434061808540e-12
1.6065242326764390e-04 2.9767957401129362e-09 8.1173636254007296e-12
1.7108334656138418e-04 2.9711146128167214e-09 8.1171843417419668e-12
1.8219153421595286e-04 2.9654387688971786e-09 8.1170042666051397e-12
1.9402096000064453e-04 2.9597687224249905e-09 8.1168247698412575e-12
2.0661845283629862e-04 2.9541041301293929e-09 8.1166449672232563e-12
2.2003388217604886e-04 2.9484443319149978e-09 8.1164630311780194e-12
2.3432035542257168e-04 2.9427903631413216e-09 8.1162817841479940e-12
2.4953442816334136e-04 2.9371418413763135e-09 8.1161001564880325e-12
2.6573632805614793e-04 2.9314988665272846e-09 8.1159184618602282e-12
2.8299019325117206e-04 2.9258611034650013e-09 8.1157357621906784e-12
3.0136432629344803e-04 2.9202289493679100e-09 8.1155531572144256e-12
3.2093146451083864e-04 2.9146024506317420e-09 8.1153707638677912e-12
3.4176906795789800e-04 2.9089809934069800e-09 8.1151868991766068e-12
3.6395962605550465e-04 2.9033650434431636e-09 8.1150028189097794e-12
3.8759098414014833e-04 2.8977551484955291e-09 8.1148200791460340e-12
4.1275669121557633e-04 2.8921502260395913e-09 8.1146356605373865e-12
4.3955637028344168e-04 2.8865505200843463e-09 8.1144502299522489e-12
4.6809611271896658e-04 2.8809567463391254e-09 8.1142657920787734e-12
4.9848889825283372e-04 2.8753679768961957e-09 8.1140797495426026e-12
5.3085504222187866e-04 2.8697846640834260e-09 8.1138933747251703e-12
5.6532267185910258e-04 2.8642077812869764e-09 8.1137093688916248e-12
6.0202823350849455e-04 2.8586350725476598e-09 8.1135214330941864e-12
6.4111703277255037e-04 2.8530684502258897e-09 8.1133349321407628e-12
6.8274380973077720e-04 2.8475071489264885e-09 8.1131476933112070e-12
7.2707335150627359e-04 2.8419512540357063e-09 8.1129599702228431e-12
7.7428114460535268e-04 2.8364013146002129e-09 8.1127733138398430e-12
8.2455406961260747e-04 2.8308557141617959e-09 8.1125831543179975e-12
8.7809114099149127e-04 2.8253166270600049e-09 8.1123956298768912e-12
9.3510429491906115e-04 2.8197824838145883e-09 8.1122063254671645e-12
9.9581922827364760e-04 2.8142536935779681e-09 8.1120163529452161e-12
1.0604762920967622e-03 2.8087302163197926e-09 8.1118256193491880e-12
1.1293314430661490e-03 2.8032129014428722e-09 8.1116365508993242e-12
1.2026572567465741e-03 2.7977003374107343e-09 8.1114451206066610e-12
1.2807440066294837e-03 2.7921937396140348e-09 8.1112547923125749e-12
1.3639008132331001e-03 2.7866925914252940e-09 8.1110641068020697e-12
1.4524568678118924e-03 2.7811963357508171e-09 8.1108714240840459e-12
1.5467627355196687e-03 2.7757063979857435e-09 8.1106808855088608e-12
1.6471917431851327e-03 2.7702213046266255e-09 8.1104882050309342e-12
1.7541414571936294e-03 2.7647419296927043e-09 8.1102959452849279e-12
1.8680352573255676e-03 2.7592675334823457e-09 8.1101019103552615e-12
1.9893240127818331e-03 2.7537990624770197e-09 8.1099088995417233e-12
2.1184878670310343e-03 2.7483354282847146e-09 8.1097137101312285e-12
2.2560381385442509e-03 2.7428777028304950e-09 8.1095194761930171e-12
2.4025193449416352e-03 2.7374255821351454e-09 8.1093253295887189e-12
2.5585113585638829e-03 2.7319787097861822e-09 8.1091301827074439e-12
2.7246317020017284e-03 2.7265373812395457e-09 8.1089349590481498e-12
2.9015379926707785e-03 2.7211015608995126e-09 8.1087395084429268e-12
3.0899305461089578e-03 2.7156709179799811e-09 8.1085428627193856e-12
3.2905551483021758e-03 2.7102460632630894e-09 8.1083468363310703e-12
3.5042060080130218e-03 2.7048262489747825e-09 8.1081492112536899e-12
3.7317289007997218e-03 2.6994121073720468e-09 8.1079518404686566e-12
3.9740245171716376e-03 2.6940036893373250e-09 8.1077549045276357e-12
4.2320520281354853e-03 2.6886001410696585e-09 8.1075558356013990e-12
4.5068328822471960e-03 2.6832020738650154e-09 8.1073564758692488e-12
4.7994548492007183e-03 2.6778097010174489e-09 8.1071574412388783e-12
5.1110763259610099e-03 2.6724230476828230e-09 8.1069588268093652e-12
5.4429309224879006e-03 2.6670416498418592e-09 8.1067592580907215e-12
5.7963323452041556e-03 2.6616649538829785e-09 8.1065569905176518e-12
6.1726795975398591e-03 2.6562950659039817e-09 8.1063584820515957e-12
6.5734625181404832e-03 2.6509295632893629e-09 8.1061563027122583e-12
7.0002676786625161e-03 2.6455700596075883e-09 8.1059553910666042e-12
7.4547846645042467e-03 2.6402157031343020e-09 8.1057531859743135e-12
7.9388127633350253e-03 2.6348671351598930e-09 8.1055515700416209e-12
8.4542680879008784e-03 2.6295238132389506e-09 8.1053489717356927e-12
9.0031911613032388e-03 2.6241863475655610e-09 8.1051472043115384e-12
9.5877549947785638e-03 2.6188533390340585e-09 8.1049419685978292e-12
1.0210273689956273e-02 2.6135268256911648e-09 8.1047395448930602e-12
1.0873211599648411e-02 2.6082051813411138e-09 8.1045349278136415e-12
1.1579193083435867e-02 2.6028890573179134e-09 8.1043301088560946e-12
1.2331012896670230e-02 2.5975781638955216e-09 8.1041241775116289e-12
1.3131647254018233e-02 2.5922730544109707e-09 8.1039188972127441e-12
1.3984265611345614e-02 2.5869735459681932e-09 8.1037136628471793e-12
1.4892243212581181e-02 2.5816794414064652e-09 8.1035079016419298e-12
1.5859174451230258e-02 2.5763902089431497e-09 8.1032998953030164e-12
1.6888887099431229e-02 2.5711071995310624e-09 8.1030938876700625e-12
1.7985457460883664e-02 2.5658292832163509e-09 8.1028863485392963e-12
1.9153226507633493e-02 2.5605566372605317e-09 8.1026778296606235e-12
2.0396817064595830e-02 2.5552894124455026e-09 8.1024688041506308e-12
2.1721152109843208e-02 2.5500282088123029e-09 8.1022611506681710e-12
2.3131474263104322e-02 2.5447720200976081e-09 8.1020517006826065e-12
2.4633366539622285e-02 2.5395207876190280e-09 8.1018402517476055e-12
2.6232774451529824e-02 2.5342758383979184e-09 8.1016310318851156e-12
2.7936029544234131e-02 2.5290360529669614e-09 8.1014204803568264e-12
2.9749874460984028e-02 2.5238018680847685e-09 8.1012099867939488e-12
3.1681489634842581e-02 2.5185730003507962e-09 8.1009986192894523e-12
3.3738521713729590e-02 2.5133493985743456e-09 8.1007862466740179e-12
3.5929113831059845e-02 2.5081313868641036e-09 8.1005738997491849e-12
3.8261937841809326e-02 2.5029186863639291e-09 8.1003606566569117e-12
4.0746228651620933e-02 2.4977116617868809e-09 8.1001477120780045e-12
4.3391820774848301e-02 2.4925101546330524e-09 8.0999345460042693e-12
4.6209187266258882e-02 2.4873136993440045e-09 8.0997196711378553e-12
4.9209481180515109e-02 2.4821234156203723e-09 8.0995066857815595e-12
5.2404579723557748e-02 2.4769379877732375e-09 8.0992913392960756e-12
5.5807131270672952e-02 2.4717579372826592e-09 8.0990753100550403e-12
5.9430605437373094e-02 2.4665835113769059e-09 8.0988594056619888e-12
6.3289346401304999e-02 2.4614148360294860e-09 8.0986440572637951e-12
6.7398629686270806e-02 2.4562510643506899e-09 8.0984264543439998e-12
7.1774722633150684e-02 2.4510932739472413e-09 8.0982101788421229e-12
7.6434948797113364e-02 2.4459403409552586e-09 8.0979915008801076e-12
8.1397756526041240e-02 2.4407932692203642e-09 8.0977737180237961e-12
8.6682791991651326e-02 2.4356518132623974e-09 8.0975560317159200e-12
9.2310976962417746e-02 2.4305153510464316e-09 8.0973363938420574e-12
9.8304591626175747e-02 2.4253845200874665e-09 8.0971169131416296e-12
1.0468736279027335e-01 2.4202589158953174e-09 8.0968962236525379e-12
1.1148455780842802e-01 2.4151386833158018e-09 8.0966748106450709e-12
1.1872308460611547e-01 2.4100243570584882e-09 8.0964544727145267e-12
1.2643159820045755e-01 2.4049157913711876e-09 8.0962347257384849e-12
1.3464061413628875e-01 2.3998120438175268e-09 8.0960124063978577e-12
1.4338262928745746e-01 2.3947138318209742e-09 8.0957899051580763e-12
1.5269225050157761e-01 2.3896209230516279e-09 8.0955664459545839e-12
1.6260633159749185e-01 2.3845338126686741e-09 8.0953436931473372e-12
1.7316411925777636e-01 2.3794521204035289e-09 8.0951203929389688e-12
1.8440740839383107e-01 2.3743758302023247e-09 8.0948964606997611e-12
1.9638070759859258e-01 2.3693046755407072e-09 8.0946709836816843e-12
2.0913141534184740e-01 2.3642391994067054e-09 8.0944458127489686e-12
2.2271000760564366e-01 2.3591789980759103e-09 8.0942195739741377e-12
2.3717023770259399e-01 2.3541247971856226e-09 8.0939947593016204e-12
2.5256934906808193e-01 2.3490760101817950e-09 8.0937693379596133e-12
2.6896830186875020e-01 2.3440319130983223e-09 8.0935408421381927e-12
2.8643201432434423e-01 2.3389937233859650e-09 8.0933134357431071e-12
3.0502961969822162e-01 2.3339607803798445e-09 8.0930848713121518e-12
3.2483473997387569e-01 2.3289336854245706e-09 8.0928571920757336e-12
3.4592577730086754e-01 2.3239115520863945e-09 8.0926273380980174e-12
3.6838622436391266e-01 2.3188953363267203e-09 8.0923986426491833e-12
3.9230499490376852e-01 2.3138842708642930e-09 8.0921683887067658e-12
4.1777677569835442e-01 2.3088784172454364e-09 8.0919368464246036e-12
4.4490240139748050e-01 2.3038787349187117e-09 8.0917073420766418e-12
4.7378925369504377e-01 2.2988838898311096e-09 8.0914752056393263e-12
5.0455168641887571e-01 2.2938947358289482e-09 8.0912434060646638e-12
5.3731147822104874e-01 2.2889107853692234e-09 8.0910102602327311e-12
5.7219831466068782e-01 2.2839329020574080e-09 8.0907788349854329e-12
6.0935030158770487e-01 2.2789597234710932e-09 8.0905442411217853e-12
6.4891451185977622e-01 2.2739925004588382e-09 8.0903109429760167e-12
6.9104756755684349e-01 2.2690305902076566e-09 8.0900766873038329e-12
7.3591625999793053e-01 2.2640734809950580e-09 8.0898396370508470e-12
7.8369821001474482e-01 2.2591227214091742e-09 8.0896052505394764e-12
8.3458257109585021e-01 2.2541771206988681e-09 8.0893693357730548e-12
8.8877077818495354e-01 2.2492369107811923e-09 8.0891327355106583e-12
9.4647734509755044e-01 2.2443022129281697e-09 8.0888958480056760e-12
1.0079307137126499e+00 2.2393731957610924e-09 8.0886592697199837e-12
1.0733741583012573e+00 2.2344491874874627e-09 8.0884206105946221e-12
1.1430667485715644e+00 2.2295306264675351e-09 8.0881814317050848e-12
1.2172843752432219e+00 2.2246180045152343e-09 8.0879435129939686e-12
1.2963208422106514e+00 2.2197104076672129e-09 8.0877035510484599e-12
1.3804890296188737e+00 2.2148087016979364e-09 8.0874646698186915e-12
1.4701221324561380e+00 2.2099114652477849e-09 8.0872217225195529e-12
1.5655749795665268e+00 2.2050201662932639e-09 8.0869800024750871e-12
1.6672254383040919e+00 2.2001346239430863e-09 8.0867389180271939e-12
1.7754759103891007e+00 2.1952543597837719e-09 8.0864966645135996e-12
1.8907549248879900e+00 2.1903795689324754e-09 8.0862539848812020e-12
2.0135188346231785e+00 2.1855102035025043e-09 8.0860107089556751e-12
2.1442536227282125e+00 2.1806464348488930e-09 8.0857674235905665e-12
2.2834768264998764e+00 2.1757878827702412e-09 8.0855227710625711e-12
2.4317395861631530e+00 2.1709348608992808e-09 8.0852778947639411e-12
2.5896288266594607e+00 2.1660875775369902e-09 8.0850335385669264e-12
2.7577695810951566e+00 2.1612449905022616e-09 8.0847858684314076e-12
2.9368274650480810e+00 2.1564084439207043e-09 8.0845398610689898e-12
3.1275113115272029e+00 2.1515772586273669e-09 8.0842930015237533e-12
3.3305759770162280e+00 2.1467512253313742e-09 8.0840444721003577e-12
3.5468253297094803e+00 2.1419307140390339e-09 8.0837956976216375e-12
3.7771154317694968e+00 2.1371161371314807e-09 8.0835481809192495e-12
4.0223579282038813e+00 2.1323066035472137e-09 8.0832986053257867e-12
4.2835236557769090e+00 2.1275028353216222e-09 8.0830496875436348e-12
4.5616464862423607e+00 2.1227042080084325e-09 8.0827990598003581e-12
4.8578274191118451e+00 2.1179112761314931e-09 8.0825488149061410e-12
5.1732389401604015e+00 2.1131230583807425e-09 8.0822952218160110e-12
5.5091296629234465e+00 2.1083408376425863e-09 8.0820431811993960e-12
5.8668292715592125e+00 2.1035641951478320e-09 8.0817910444459162e-12
6.2477537846439128e+00 2.0987925668749592e-09 8.0815367164367828e-12
6.6534111607373116e+00 2.0940270933144057e-09 8.0812845163157751e-12
7.0854072679092859e+00 2.0892663060649919e-09 8.0810288450874346e-12
7.5454522408590154e+00 2.0845110952979441e-09 8.0807731025061600e-12
8.0353672507923442e+00 2.0797617104493367e-09 8.0805182452458955e-12
8.5570917148572985e+00 2.0750176816857086e-09 8.0802624611618305e-12
9.1126909736775303e+00 2.0702790373461667e-09 8.0800058672595706e-12
9.7043644673766085e+00 2.0655456009292063e-09 8.0797477768692877e-12
1.0334454442459450e+01 2.0608176681363163e-09 8.0794893261493605e-12
1.1005455224018522e+01 2.0560955931889860e-09 8.0792318926094954e-12
1.1720023089970852e+01 2.0513784117277187e-09 8.0789717246380370e-12
1.2480986786414345e+01 2.0466672215435603e-09 8.0787131019746415e-12
1.3291358725730712e+01 2.0419612290398895e-09 8.0784528996575874e-12
1.4154346911764540e+01 2.0372604468617568e-09 8.0781912014618808e-12
1.5073367639286561e+01 2.0325652524705038e-09 8.0779294505277103e-12
1.6052059018014223e+01 2.0278759870090381e-09 8.0776690245910889e-12
1.7094295374726691e+01 2.0231915601222451e-09 8.0774056013965405e-12
1.8204202590488098e+01 2.0185127075512916e-09 8.0771420865559022e-12
1.9386174433693615e+01 2.0138394978351045e-09 8.0768787860042146e-12
2.0644889953596103e+01 2.0091714729445998e-09 8.0766137877720762e-12
2.1985332003168612e+01 2.0045093223283670e-09 8.0763499482879922e-12
2.3412806964628796e+01 1.9998520821216406e-09 8.0760833066456001e-12
2.4932965755712441e+01 1.9952005693019821e-09 8.0758172057782785e-12
2.6551826199852844e+01 1.9905546337197581e-09 8.0755510303170677e-12
2.8275796848823251e+01 1.9859138313701359e-09 8.0752829799155317e-12
3.0111702352147596e+01 1.9812785551832828e-09 8.0750146545235331e-12
3.2066810473709623e+01 1.9766486216568993e-09 8.0747452936021007e-12
3.4148860862510318e+01 1.9720245172068012e-09 8.0744768554157748e-12
3.6366095691467905e+01 1.9674055471161189e-09 8.0742065376882771e-12
3.8727292285549609e+01 1.9627919222960800e-09 8.0739351844591337e-12
4.1241797868399338e+01 1.9581840944119868e-09 8.0736646276970749e-12
4.3919566565012943e+01 1.9535814145304910e-09 8.0733922466800632e-12
4.6771198806941520e+01 1.9489843028609445e-09 8.0731197373134248e-12
4.9807983296016474e+01 1.9443925465425212e-09 8.0728462155938273e-12
5.3041941692716762e+01 1.9398066109920813e-09 8.0725736192886227e-12
5.6485876206085571e+01 1.9352253153021460e-09 8.0722970410899697e-12
6.0153420273589688e+01 1.9306498523158204e-09 8.0720214475424850e-12
6.4059092531546284e+01 1.9260802765638603e-09 8.0717470316835391e-12
6.8218354289770559e+01 1.9215158056184404e-09 8.0714705623711695e-12
7.2647670737965782e+01 1.9169567183463922e-09 8.0711931886016611e-12
7.7364576126153864e+01 1.9124032446181834e-09 8.0709158713643382e-12
8.2387743177174457e+01 1.9078552709533648e-09 8.0706381380554467e-12
8.7737057006034476e+01 1.9033120925820171e-09 8.0703570313053065e-12
9.3433693838731330e+01 1.8987753308721338e-09 8.0700793476801783e-12
9.9500204842172522e+01 1.8942434301919010e-09 8.0697985535568712e-12
1.0596060539704658e+02 1.8897171143429684e-09 8.0695176818385247e-12
1.1284047016705085e+02 1.8851962905727149e-09 8.0692363667789172e-12
1.2016703434082112e+02 1.8806808770153065e-09 8.0689542130574287e-12
1.2796930144735042e+02 1.8761703674990640e-09 8.0686691005662618e-12
1.3627815817170264e+02 1.8716659464541968e-09 8.0683860933924989e-12
1.4512649662553991e+02 1.8671672182382681e-09 8.0681034573492573e-12
1.5454934455649425e+02 1.8626733960193815e-09 8.0678178375901581e-12
1.6458400401183849e+02 1.8581848667337012e-09 8.0675308861133862e-12
1.7527019900538701e+02 1.8537023229331303e-09 8.0672455861200522e-12
1.8665023277218549e+02 1.8492249090314752e-09 8.0669582789738245e-12
1.9876915523351607e+02 1.8447529085085971e-09 8.0666700929145159e-12
2.1167494133515618e+02 1.8402863364086044e-09 8.0663811882759969e-12
2.2541868096487568e+02 1.8358251844658012e-09 8.0660914763950862e-12
2.4005478120099568e+02 1.8313697713943240e-09 8.0658023725750073e-12
2.5564118169264336e+02 1.8269197060005824e-09 8.0655121544431054e-12
2.7223958402433198e+02 1.8224750530036092e-09 8.0652210844158737e-12
2.8991569597283751e+02 1.8180357841721498e-09 8.0649290655967808e-12
3.0873949162331411e+02 1.8136018846596719e-09 8.0646360210360366e-12
3.2878548837436205e+02 1.8091734357132768e-09 8.0643422828227432e-12
3.5013304192862353e+02 1.8047506563618732e-09 8.0640488434400751e-12
3.7286666043668072e+02 1.8003329281338381e-09 8.0637529592866929e-12
3.9707633903784665e+02 1.7959210524552893e-09 8.0634581822258712e-12
4.2285791612220044e+02 1.7915147031382198e-09 8.0631630679388780e-12
4.5031345272418014e+02 1.7871130867318259e-09 8.0628640297536928e-12
4.7955163654964196e+02 1.7827173832120186e-09 8.0625663967506706e-12
5.1068821223579533e+02 1.7783272061009770e-09 8.0622683970662053e-12
5.4384643954727721e+02 1.7739424406132178e-09 8.0619695252275227e-12
5.7915758132221822e+02 1.7695629704832805e-09 8.0616692839830965e-12
6.1676142309991599e+02 1.7651888242068912e-09 8.0613677412858497e-12
6.5680682648717413e+02 1.7608206591444760e-09 8.0610679154865014e-12
6.9945231845388355e+02 1.7564579285224720e-09 8.0607673515613384e-12
7.4486671889069726e+02 1.7521000403918977e-09 8.0604632621977087e-12
7.9322980891309169e+02 1.7477479122983018e-09 8.0601598988472683e-12
8.4473304255741834e+02 1.7434010222811259e-09 8.0598548499032403e-12
8.9958030468632535e+02 1.7390595153126594e-09 8.0595487718577909e-12
9.5798871810384298e+02 1.7347238161558250e-09 8.0592436172040889e-12
1.0201895030752725e+03 1.7303934668152800e-09 8.0589372925969270e-12
1.0864288926544052e+03 1.7260685077025906e-09 8.0586299496686091e-12
1.1569691074415898e+03 1.7217489093567269e-09 8.0583214881161381e-12
1.2320893936313905e+03 1.7174349024401159e-09 8.0580129574570922e-12
1.3120871284591378e+03 1.7131261022833056e-09 8.0577025482473232e-12
1.3972789974224875e+03 1.7088230970537320e-09 8.0573930206585450e-12
1.4880022479382098e+03 1.7045252983493781e-09 8.0570816218607223e-12
1.5846160243970839e+03 1.7002328250736188e-09 8.0567688960518330e-12
1.6875027899018949e+03 1.6959460442044611e-09 8.0564565762666864e-12
1.7970698403167798e+03 1.6916647440136534e-09 8.0561436522207644e-12
1.9137509166215516e+03 1.6873887527299331e-09 8.0558293145738064e-12
2.0380079219537897e+03 1.6831179438156704e-09 8.0555129615117728e-12
2.1703327501359317e+03 1.6788532785845839e-09 8.0551991361286450e-12
2.3112492329258916e+03 1.6745933248127324e-09 8.0548810675618804e-12
2.4613152136998128e+03 1.6703393670884247e-09 8.0545648426334065e-12
2.6211247557759179e+03 1.6660904368436325e-09 8.0542458141434386e-12
2.7913104941215711e+03 1.6618468730066279e-09 8.0539256524990226e-12
2.9725461397531826e+03 1.6576091213864705e-09 8.0536064736825170e-12
3.1655491467430816e+03 1.6533767112997855e-09 8.0532859649381928e-12
3.3710835523911810e+03 1.6491497400299786e-09 8.0529646383939786e-12
3.5899630018047851e+03 1.6449279971572789e-09 8.0526414839919052e-12
3.8230539688598287e+03 1.6407120674443446e-09 8.0523193264679025e-12
4.0712791862944287e+03 1.6365012145472191e-09 8.0519945639269800e-12
4.3356212985132343e+03 1.6322960462577745e-09 8.0516701361691494e-12
4.6171267515629843e+03 1.6280964936087254e-09 8.0513457760141909e-12
4.9169099356783972e+03 1.6239018064471469e-09 8.0510177403712365e-12
5.2361575967973613e+03 1.6197129699527543e-09 8.0506908982619922e-12
5.5761335345094130e+03 1.6155295453388864e-09 8.0503630543163401e-12
5.9381836050347620e+03 1.6113514428829019e-09 8.0500338064875395e-12
6.3237410490396605e+03 1.6071785885829116e-09 8.0497027550161528e-12
6.7343321653785624e+03 1.6030115361138330e-09 8.0493726197584242e-12
7.1715823532241702e+03 1.5988499731736879e-09 8.0490419001129603e-12
7.6372225465040410e+03 1.5946936090649792e-09 8.0487091232152458e-12
8.1330960661153040e+03 1.5905424415653635e-09 8.0483742582815538e-12
8.6611659170439616e+03 1.5863972819642244e-09 8.0480413745006593e-12
9.2235225592748047e+03 1.5822576637702590e-09 8.0477081455760660e-12
9.8223921832555043e+03 1.5781228549535136e-09 8.0473708969654297e-12
1.0460145522673765e+04 1.5739936521729236e-09 8.0470335740215261e-12
1.1139307239435384e+04 1.5698703083793737e-09 8.0466974968825588e-12
1.1862565917995025e+04 1.5657519950510008e-09 8.0463584694316637e-12
1.2632784708603589e+04 1.5616392972289954e-09 8.0460194637115447e-12
1.3453012661606544e+04 1.5575317805201750e-09 8.0456782470626561e-12
1.4326496797660611e+04 1.5534299351810207e-09 8.0453373193864032e-12
1.5256694961652553e+04 1.5493335720568554e-09 8.0449957185632615e-12
1.6247289511202986e+04 1.5452426803461055e-09 8.0446533948300339e-12
1.7302201893944970e+04 1.5411569863266461e-09 8.0443089070710887e-12
1.8425608171283726e+04 1.5370768451967229e-09 8.0439641093017941e-12
1.9621955550090290e+04 1.5330018938814196e-09 8.0436171189119462e-12
2.0895979987774590e+04 1.5289329362887325e-09 8.0432720816227843e-12
2.2252724940428539e+04 1.5248692114826430e-09 8.0429250601677710e-12
2.3697561328259537e+04 1.5208105247831457e-09 8.0425750126998952e-12
2.5236208797348529e+04 1.5167580259001880e-09 8.0422279877587987e-12
2.6874758361903914e+04 1.5127103178339593e-09 8.0418766103249715e-12
2.8619696516641936e+04 1.5086680937641059e-09 8.0415245520994087e-12
3.0477930914749104e+04 1.5046316029363608e-09 8.0411731144501772e-12
3.2456817713076682e+04 1.5006005177451160e-09 8.0408205562943089e-12
3.4564190692816781e+04 1.4965749207121902e-09 8.0404673227552932e-12
3.6808392270942684e+04 1.4925542166084410e-09 8.0401102364308690e-12
3.9198306525173677e+04 1.4885397806988863e-09 8.0397566246113622e-12
4.1743394363204250e+04 1.4845302899239667e-09 8.0393994272347160e-12
4.4453730975416715e+04 1.4805259285958195e-09 8.0390396216493525e-12
4.7340045719344467e+04 1.4765277988317716e-09 8.0386830876804126e-12
5.0413764593774365e+04 1.4725348593055970e-09 8.0383242872208682e-12
5.3687055470627471e+04 1.4685470268430179e-09 8.0379627268604566e-12
5.7172876263681777e+04 1.4645648381673278e-09 8.0376012985677290e-12
6.0885026224815047e+04 1.4605879727237900e-09 8.0372382672051927e-12
6.4838200570840250e+04 1.4566167892277285e-09 8.0368756017170103e-12
6.9048048657176711e+04 1.4526509177476932e-09 8.0365112331653070e-12
7.3531235928653696e+04 1.4486905817231094e-09 8.0361464209713281e-12
7.8305509892688002e+04 1.4447354239084011e-09 8.0357791999851352e-12
8.3389770375998938e+04 1.4407859730314960e-09 8.0354124661006346e-12
8.8804144342992047e+04 1.4368417123064307e-09 8.0350433578189865e-12
9.4570065571984320e+04 1.4329029958528750e-09 8.0346738248154946e-12
1.0071035950469381e+05 1.4289696921507609e-09 8.0343031604590377e-12
1.0724933360487524e+05 1.4250419803064235e-09 8.0339323327260604e-12
1.1421287358381119e+05 1.4211193924855205e-09 8.0335587478507485e-12
1.2162854587358220e+05 1.4172025098023783e-09 8.0331856004979877e-12
1.2952570675376910e+05 1.4132910053103015e-09 8.0328111325271451e-12
1.3793561856359753e+05 1.4093848671218531e-09 8.0324352198036204e-12
1.4689157345955604e+05 1.4054843435372659e-09 8.0320592829816006e-12
1.5642902520842172e+05 1.4015891249739337e-09 8.0316815452509251e-12
1.6658572953740211e+05 1.3976992072342183e-09 8.0313019968310103e-12
1.7740189359700965e+05 1.3938150775065541e-09 8.0309234179480892e-12
1.8892033512833909e+05 1.3899361445964378e-09 8.0305423773727587e-12
2.0118665196483239e+05 1.3860625919964056e-09 8.0301599878618553e-12
2.1424940253955295e+05 1.3821948641146355e-09 8.0297787552459425e-12
2.2816029811251620e+05 1.3783320655386006e-09 8.0293935416933546e-12
2.4297440747906928e+05 1.3744749894537337e-09 8.0290088940562082e-12
2.5875037496966802e+05 1.3706232854873298e-09 8.0286228275094763e-12
2.7555065260406485e+05 1.3667772606070351e-09 8.0282370526548189e-12
2.9344174731892475e+05 1.3629362267841695e-09 8.0278476195172314e-12
3.1249448424755089e+05 1.3591009387695124e-09 8.0274589062485453e-12
3.3278428709399042e+05 1.3552706421930837e-09 8.0270664765620410e-12
3.5439147671139392e+05 1.3514463631074608e-09 8.0266763942142281e-12
3.7740158906664618e+05 1.3476274015909639e-09 8.0262844790507246e-12
4.0190571384994703e+05 1.3438137440867876e-09 8.0258906989556084e-12
4.2800085506982385e+05 1.3400055436477017e-09 8.0254959214842309e-12
4.5579031506104389e+05 1.3362028049760583e-09 8.0251001812892867e-12
4.8538410342557239e+05 1.3324055412157319e-09 8.0247035713866008e-12
5.1689937252548727e+05 1.3286136409838473e-09 8.0243054009793147e-12
5.5046088125177100e+05 1.3248269114426162e-09 8.0239044821863314e-12
5.8620148890495498e+05 1.3210461115795962e-09 8.0235054201175327e-12
6.2426268114266742e+05 1.3172705225999802e-09 8.0231038627419712e-12
6.6479513007619733e+05 1.3135005371313691e-09 8.0227021832454852e-12
7.0795929073329817e+05 1.3097357143098653e-09 8.0222976747491665e-12
7.5392603624840837e+05 1.3059763644692568e-09 8.0218922561986366e-12
8.0287733429487213e+05 1.3022226024639672e-09 8.0214866131135225e-12
8.5500696743685112e+05 1.2984741618699552e-09 8.0210790865928929e-12
9.1052130025266891e+05 1.2947310660689573e-09 8.0206698347334519e-12
9.6964009626628261e+05 1.2909936047913924e-09 8.0202606486205087e-12
1.0325973879209381e+06 1.2872616737846941e-09 8.0198508736195427e-12
1.0996424030389241e+06 1.2835350690054647e-09 8.0194392312965170e-12
1.1710405514349404e+06 1.2798138915467162e-09 8.0190263544718082e-12
1.2470744755888735e+06 1.2760980571756739e-09 8.0186117246562023e-12
1.3280451695371198e+06 1.2723878877712794e-09 8.0181973278237708e-12
1.4142731704119407e+06 1.2686828025262502e-09 8.0177795121705615e-12
1.5060998273456211e+06 1.2649836038178616e-09 8.0173633614530377e-12
1.6038886527627425e+06 1.2612893643143945e-09 8.0169429506872736e-12
1.7080267614098636e+06 1.2576007674858211e-09 8.0165226517103181e-12
1.8189264028191920e+06 1.2539176096354676e-09 8.0161011489226910e-12
1.9370265932729507e+06 1.2502399375320704e-09 8.0156787617388288e-12
2.0627948537286515e+06 1.2465678728839549e-09 8.0152562407805633e-12
2.1967290605854001e+06 1.2429006642276144e-09 8.0148287563085016e-12
2.3393594166175844e+06 1.2392393528844879e-09 8.0144030154662616e-12
2.4912505498784473e+06 1.2355832557413481e-09 8.0139745996714868e-12
2.6530037488823556e+06 1.2319328393885635e-09 8.0135464955548900e-12
2.8252593429140323e+06 1.2282874256460838e-09 8.0131143449983422e-12
3.0086992368878927e+06 1.2246480386112486e-09 8.0126847696749453e-12
3.2040496107918527e+06 1.2210138239680780e-09 8.0122522280029601e-12
3.4120837944022072e+06 1.2173849492028464e-09 8.0118177659040328e-12
3.6336253286492862e+06 1.2137616437477753e-09 8.0113829390503197e-12
3.8695512257531672e+06 1.2101437347288280e-09 8.0109465561027176e-12
4.1207954410351696e+06 1.2065311018906310e-09 8.0105078207370810e-12
4.3883525701487539e+06 1.2029241684636534e-09 8.0100695726115683e-12
4.6732817863663742e+06 1.1993226863033664e-09 8.0096301353247478e-12
4.9767110335082533e+06 1.1957261002174738e-09 8.0091857691588860e-12
5.2998414911120795e+06 1.1921355737330521e-09 8.0087442785861766e-12
5.6439523295192597e+06 1.1885502079309147e-09 8.0082996326355393e-12
6.0104057737020543e+06 1.1849703096928637e-09 8.0078539082989273e-12
6.4006524958775099e+06 1.1813960953695497e-09 8.0074084969649532e-12
6.8162373582555568e+06 1.1778269373106630e-09 8.0069592008087750e-12
7.2588055286555914e+06 1.1742633101344949e-09 8.0065092364006139e-12
7.7301089932005387e+06 1.1707053206464729e-09 8.0060592802232004e-12
8.2320134918709248e+06 1.1671524685176740e-09 8.0056059901802465e-12
8.7665059043737240e+06 1.1636052514163657e-09 8.0051526619593999e-12
9.3357021155650020e+06 1.1600632320252307e-09 8.0046963910097858e-12
9.9418553915628232e+06 1.1565269799500359e-09 8.0042409914609810e-12
1.0587365299708309e+07 1.1529959196605496e-09 8.0037825617596252e-12
1.1274787207687154e+07 1.1494702817558867e-09 8.0033226685152249e-12
1.2006842399414297e+07 1.1459503830010747e-09 8.0028635128273451e-12
1.2786428847728692e+07 1.1424356885456948e-09 8.0024013480363119e-12
1.3616632686542450e+07 1.1389263456552750e-09 8.0019372071618107e-12
1.4500740427860053e+07 1.1354225180311954e-09 8.0014722354698584e-12
1.5442251972030552e+07 1.1319241052209056e-09 8.0010057163550882e-12
1.6444894462735495e+07 1.1284314254025979e-09 8.0005398743296288e-12
1.7512637041561581e+07 1.1249436862072472e-09 8.0000691278979903e-12
1.8649706560564779e+07 1.1214616652192887e-09 7.9995989643753935e-12
1.9860604315028980e+07 1.1179850113016891e-09 7.9991268946686060e-12
2.1150123862656780e+07 1.1145138388914447e-09 7.9986536830315317e-12
2.2523369999734532e+07 1.1110479128299131e-09 7.9981777127343272e-12
2.3985778969391748e+07 1.1075875904047423e-09 7.9977014711483080e-12
2.5543139981951810e+07 1.1041327634304442e-09 7.9972242264352740e-12
2.7201618132568546e+07 1.1006832320190468e-09 7.9967445393022423e-12
2.8967778806869276e+07 1.0972392118163747e-09 7.9962638959661697e-12
3.0848613671221774e+07 1.0938006632500680e-09 7.9957820631785022e-12
3.2851568350508962e+07 1.0903672611087647e-09 7.9952966432050430e-12
3.4984571902981550e+07 1.0869395714967305e-09 7.9948117716634516e-12
3.7256068208869211e+07 1.0835173899955408e-09 7.9943259081069136e-12
3.9675049397006243e+07 1.0801002398026896e-09 7.9938355883824427e-12
4.2251091441800557e+07 1.0766890958963213e-09 7.9933479865422320e-12
4.4994392071458571e+07 1.0732830814442519e-09 7.9928566329842171e-12
4.7915811137537502e+07 1.0698823857686365e-09 7.9923628692319574e-12
5.1026913605630055e+07 1.0664874598054812e-09 7.9918700830343657e-12
5.4340015337372318e+07 1.0630975336073631e-09 7.9913725074584294e-12
5.7868231845009528e+07 1.0597133982597914e-09 7.9908760511180490e-12
6.1625530211521156e+07 1.0563343551813226e-09 7.9903754997990112e-12
6.5626784381846137e+07 1.0529609121975430e-09 7.9898746026292259e-12
6.9887834044081256e+07 1.0495929919252111e-09 7.9893728153152259e-12
7.4425547333752558e+07 1.0462303975831449e-09 7.9888686608024336e-12
7.9257887609377846e+07 1.0428732926828173e-09 7.9883633082153672e-12
8.4403984563670039e+07 1.0395215713921159e-09 7.9878559874070536e-12
8.9884209951885700e+07 1.0361753922926255e-09 7.9873479392301976e-12
9.5720258237099260e+07 1.0328348608205319e-09 7.9868398945038657e-12
1.0193523247166048e+08 1.0294991514589764e-09 7.9863255581831748e-12
1.0855373575480135e+08 1.0261689723584763e-09 7.9858103217689861e-12
1.1560196862845622e+08 1.0228447163141958e-09 7.9852972606049183e-12
1.2310783279684079e+08 1.0195256675644265e-09 7.9847807966676123e-12
1.3110104158039683e+08 1.0162119085741898e-09 7.9842615784010660e-12
1.3961323754134032e+08 1.0129036509252249e-09 7.9837412281330402e-12
1.4867811774646649e+08 1.0096008265356651e-09 7.9832192424100265e-12
1.5833156716308340e+08 1.0063033164697650e-09 7.9826946376097659e-12
1.6861180071613920e+08 1.0030114473143243e-09 7.9821699902601923e-12
1.7955951456891716e+08 9.9972499427066199e-10 7.9816435327249225e-12
1.9121804722615084e+08 9.9644375011510661e-10 7.9811136176663138e-12
2.0363355109733689e+08 9.9316820546755263e-10 7.9805841138524486e-12
2.1685517519938764e+08 9.8989797304685001e-10 7.9800519219538391e-12
2.3093525972190306e+08 9.8663314277489075e-10 7.9795177979053984e-12
2.4592954322527802e+08 9.8337357976925250e-10 7.9789805895306859e-12
2.6189738329186502e+08 9.8011972628638997e-10 7.9784439037020108e-12
2.7890199150370413e+08 9.7687141392441659e-10 7.9779063358362552e-12
2.9701068367699164e+08 9.7362814624892856e-10 7.9773638860355867e-12
3.1629514634391820e+08 9.7039055855488239e-10 7.9768216816396730e-12
3.3683172053676057e+08 9.6715828110322483e-10 7.9762767276707268e-12
3.5870170399766380e+08 9.6393187219671611e-10 7.9757335738034732e-12
3.8199167301045781e+08 9.6071013414101695e-10 7.9751823525502177e-12
4.0679382512852037e+08 9.5749449141540996e-10 7.9746348387763703e-12
4.3320634415547454e+08 9.5428385046266892e-10 7.9740819345928146e-12
4.6133378882351494e+08 9.5107879935120773e-10 7.9735285564431253e-12
4.9128750670806807e+08 9.4787916380497955e-10 7.9729731947967528e-12
5.2318607501728988e+08 9.4468473347939635e-10 7.9724141361964497e-12
5.5715577000138879e+08 9.4149601273562516e-10 7.9718555459059610e-12
5.9333106684000170e+08 9.3831266064054085e-10 7.9712945858293430e-12
6.3185517198649049e+08 9.3513477552698429e-10 7.9707320605531867e-12
6.7288059007660031e+08 9.3196228617100868e-10 7.9701673979031867e-12
7.1656972764561391e+08 9.2879532640165775e-10 7.9696016393659474e-12
7.6309553604400742e+08 9.2563384777210754e-10 7.9690344497175269e-12
8.1264219609662354e+08 9.2247744267145979e-10 7.9684623300145121e-12
8.6540584721577525e+08 9.1932655785835076e-10 7.9678890401184654e-12
9.2159536385458505e+08 9.1618135412256979e-10 7.9673160133421803e-12
9.8143318237424910e+08 9.1304148658491288e-10 7.9667402046746042e-12
1.0451561815986211e+09 9.0990687630146649e-10 7.9661609897910886e-12
1.1130166205418353e+09 9.0677786721559887e-10 7.9655813020080322e-12
1.1852831370212576e+09 9.0365408557764667e-10 7.9649979016536169e-12
1.2622418111088281e+09 9.0053583584467748e-10 7.9644133939538032e-12
1.3441972976307631e+09 8.9742340771013698e-10 7.9638303487846942e-12
1.4314740321987867e+09 8.9431593620533104e-10 7.9632411636072868e-12
1.5244175155471232e+09 8.9121397925350849e-10 7.9626507424066107e-12
1.6233956812596679e+09 8.8811738773824562e-10 7.9620577105328264e-12
1.7288003523015566e+09 8.8502634100199947e-10 7.9614637087328066e-12
1.8410487921212707e+09 8.8194054951105233e-10 7.9608660877602795e-12
1.9605853564633944e+09 8.7886031092169576e-10 7.9602675533402670e-12
2.0878832524311941e+09 8.7578582026139613e-10 7.9596698368677202e-12
2.2234464117625217e+09 8.7271628456137079e-10 7.9590657510686054e-12
2.3678114857346573e+09 8.6965225291727513e-10 7.9584602949449189e-12
2.5215499695954895e+09 8.6659396551548643e-10 7.9578556107380004e-12
2.6852704649307141e+09 8.6354082989567637e-10 7.9572463167688390e-12
2.8596210889233298e+09 8.6049306458550951e-10 7.9566343549260284e-12
3.0452920400426211e+09 8.5745099222691614e-10 7.9560227427561167e-12
3.2430183303196197e+09 8.5441413586649575e-10 7.9554070174185842e-12
3.4535826950251713e+09 8.5138283145902966e-10 7.9547902988121913e-12
3.6778186912689366e+09 8.4835693402865344e-10 7.9541712163949860e-12
3.9166139977860365e+09 8.4533639053555824e-10 7.9535493115827009e-12
4.1709139289737067e+09 8.4232130258701248e-10 7.9529254746331926e-12
4.4417251770893860e+09 8.3931139966812490e-10 7.9522971520019664e-12
4.7301197974239264e+09 8.3630724574357314e-10 7.9516696302987986e-12
5.0372394522263374e+09 8.3330848367603587e-10 7.9510395932719663e-12
5.3642999301802950e+09 8.3031517259258740e-10 7.9504075543907733e-12
5.7125959593233223e+09 8.2732712383833049e-10 7.9497717198115909e-12
6.0835063324619980e+09 8.2434469371676721e-10 7.9491354514014322e-12
6.4784993653724003e+09 8.2136751937261736e-10 7.9484952735485182e-12
6.8991387093937807e+09 8.1839586254829330e-10 7.9478537192965687e-12
7.3470895414249420e+09 8.1542950019112131e-10 7.9472085806393790e-12
7.8241251558281364e+09 8.1246864157610842e-10 7.9465619065891203e-12
8.3321339843355303e+09 8.0951339973369745e-10 7.9459147538889730e-12
8.8731270717474403e+09 8.0656335505744398e-10 7.9452630108560570e-12
9.4492460370170555e+09 8.0361890420494413e-10 7.9446106310918382e-12
1.0062771551236002e+10 8.0067962417746096e-10 7.9439533661475363e-12
1.0716132366083532e+10 7.9774589971481583e-10 7.9432950159491629e-12
1.1411914928478914e+10 7.9481777648823189e-10 7.9426360213007331e-12
1.2152873619499319e+10 7.9189476562827084e-10 7.9419715167783308e-12
1.2941941658095490e+10 7.8897741601795861e-10 7.9413069727634681e-12
1.3782242712768970e+10 7.8606544361228482e-10 7.9406395321790558e-12
1.4677103267179066e+10 7.8315896094090164e-10 7.9399702748505601e-12
1.5630065788629427e+10 7.8025758105348795e-10 7.9392953330264389e-12
1.6644902751565857e+10 7.7736195644782768e-10 7.9386213091762275e-12
1.7725631571598068e+10 7.7447146978805652e-10 7.9379418821300859e-12
1.8876530509165932e+10 7.7158665459293409e-10 7.9372624575551012e-12
2.0102155605807232e+10 7.6870727116136878e-10 7.9365806084379911e-12
2.1407358720071308e+10 7.6583318287144431e-10 7.9358949453458966e-12
2.2797306734479050e+10 7.6296454294442899e-10 7.9352070228923474e-12
2.4277502009560875e+10 7.6010142000953016e-10 7.9345174537204554e-12
2.5853804165946503e+10 7.5724369388881394e-10 7.9338250720464586e-12
2.7532453280732033e+10 7.5439132582154278e-10 7.9331294172069374e-12
2.9320094589953636e+10 7.5154429805957283e-10 7.9324303236168265e-12
3.1223804794956333e+10 7.4870287076514411e-10 7.9317304636436326e-12
3.3251120076794941e+10 7.4586672713305677e-10 7.9310265566899040e-12
3.5410065929570404e+10 7.4303610298571054e-10 7.9303209647595935e-12
3.7709188930798195e+10 7.4021087594102046e-10 7.9296125102342513e-12
4.0157590574581871e+10 7.3739100889524055e-10 7.9289006933454490e-12
4.2764963301522057e+10 7.3457671882750005e-10 7.9281878254278837e-12
4.5541628867995476e+10 7.3176773533266577e-10 7.9274710582446959e-12
4.8498579206694412e+10 7.2896418519444066e-10 7.9267516761888977e-12
5.1647519940178436e+10 7.2616625314384243e-10 7.9260316895037748e-12
5.5000916719699318e+10 7.2337342553194911e-10 7.9253054991690774e-12
5.8572044572733765e+10 7.2058612235942876e-10 7.9245776827586460e-12
6.2375040454581711e+10 7.1780437285936338e-10 7.9238485420200662e-12
6.6424959212058380e+10 7.1502786713749463e-10 7.9231146523263728e-12
7.0737833180828033e+10 7.1225688809628940e-10 7.9223790878985854e-12
7.5330735652304459e+10 7.0949125220390775e-10 7.9216398734836431e-12
8.0221848461360016e+10 7.0673129017078297e-10 7.9209005723423065e-12
8.5430533962408813e+10 7.0397630860919174e-10 7.9201535792774648e-12
9.0977411678785019e+10 7.0122695918021528e-10 7.9194059937902208e-12
9.6884439928856857e+10 6.9848321633499444e-10 7.9186576310590672e-12
1.0317500275199771e+11 6.9574487123338368e-10 7.9179060776665515e-12
1.0987400247853497e+11 6.9301175796533251e-10 7.9171494939759855e-12
1.1700795831012868e+11 6.9028421704609967e-10 7.9163916760672477e-12
1.2460511130082301e+11 6.8756186909375592e-10 7.9156283620675297e-12
1.3269553615436879e+11 6.8484512370218222e-10 7.9148641247622462e-12
1.4131126028037198e+11 6.8213372149251830e-10 7.9140959752295799e-12
1.5048639058058981e+11 6.7942782233616041e-10 7.9133257893003660e-12
1.6025724846726428e+11 6.7672723319767352e-10 7.9125513070404034e-12
1.7066251364800140e+11 6.7403227160462407e-10 7.9117761860172673e-12
1.8174337724638950e+11 6.7134259496792086e-10 7.9109964504399455e-12
1.9354370486450479e+11 6.6865825848147605e-10 7.9102126726341366e-12
2.0611021023283453e+11 6.6597941633612829e-10 7.9094267179432102e-12
2.1949264013501898e+11 6.6330596915318387e-10 7.9086373495324671e-12
2.3374397133949588e+11 6.6063780999792199e-10 7.9078432567249742e-12
2.4892062031760989e+11 6.5797526941952834e-10 7.9070483963866350e-12
2.6508266657842261e+11 6.5531813162664210e-10 7.9062501342797025e-12
2.8229409050430530e+11 6.5266650014686747e-10 7.9054497272036651e-12
3.0062302662885327e+11 6.5002020680003753e-10 7.9046451813683847e-12
3.2014203335976062e+11 6.4737924995457751e-10 7.9038363822053768e-12
3.4092838021438763e+11 6.4474383767209945e-10 7.9030258667337589e-12
3.6306435370512646e+11 6.4211372802006632e-10 7.9022107152859937e-12
3.8663758308542786e+11 6.3948912972466185e-10 7.9013933435044766e-12
4.1174138724605664e+11 6.3686987814616901e-10 7.9005718390122744e-12
4.3847514413478314e+11 6.3425594998605000e-10 7.8997457989846230e-12
4.6694468416196210e+11 6.3164764490604225e-10 7.8989189714792223e-12
4.9726270914935333e+11 6.2904461129309091e-10 7.8980869122737630e-12
5.2954923848064935e+11 6.2644705724487415e-10 7.8972522604382311e-12
5.6393208421990918e+11 6.2385504498614029e-10 7.8964157513040781e-12
6.0054735707873999e+11 6.2126823209477290e-10 7.8955730781079431e-12
6.3954000523513208e+11 6.1868695511169796e-10 7.8947284423029993e-12
6.8106438813704700e+11 6.1611110388759605e-10 7.8938804422835929e-12
7.2528488756219788e+11 6.1354055861738833e-10 7.8930274890898667e-12
7.7237655835303174e+11 6.1097568104545215e-10 7.8921742617194799e-12
8.2252582140299963e+11 6.0841600057757030e-10 7.8913146814063879e-12
8.7593120163733374e+11 6.0586170871934975e-10 7.8904511734352126e-12
9.3280411390988257e+11 6.0331289405705198e-10 7.8895848270161816e-12
9.9336969992703027e+11 6.0076962002899811e-10 7.8887166158983665e-12
1.0578677195118398e+12 5.9823156128215201e-10 7.8878420719916350e-12
1.1265534997366985e+12 5.9569893907840681e-10 7.8869640090586456e-12
1.1996989456816477e+12 5.9317195271645899e-10 7.8860853330687003e-12
1.2775936168198401e+12 5.9065018045915214e-10 7.8852001914296444e-12
1.3605458732910479e+12 5.8813377032866756e-10 7.8843107551752264e-12
1.4488840966010762e+12 5.8562303097254235e-10 7.8834207851059119e-12
1.5429579895792620e+12 5.8311757244189288e-10 7.8825253329675952e-12
1.6431399607403970e+12 5.8061744526962821e-10 7.8816249770117563e-12
1.7498265985311575e+12 5.7812293623919587e-10 7.8807235731048820e-12
1.8634402412971628e+12 5.7563352874048208e-10 7.8798140459176024e-12
1.9844306491857380e+12 5.7314988921174729e-10 7.8789055078978521e-12
2.1132767846026902e+12 5.7067139048946174e-10 7.8779893573264619e-12
2.2504887082716509e+12 5.6819831026260429e-10 7.8770692353996152e-12
2.3966095984016597e+12 5.6573100630877095e-10 7.8761502567979289e-12
2.5522179009562954e+12 5.6326897572778519e-10 7.8752253639045695e-12
2.7179296195366938e+12 5.6081202161968556e-10 7.8742916341931667e-12
2.8944007539430610e+12 5.5836076528145805e-10 7.8733578683836439e-12
3.0823298970685713e+12 5.5591479113560135e-10 7.8724183397073169e-12
3.2824610004056035e+12 5.5347463560574407e-10 7.8714805054897628e-12
3.4955863191123394e+12 5.5103950103698829e-10 7.8705328394665028e-12
3.7225495482979004e+12 5.4861009224590136e-10 7.8695857666202098e-12
3.9642491629420869e+12 5.4618564421956728e-10 7.8686277374287293e-12
4.2216419746710132e+12 5.4376690027393246e-10 7.8676700359795263e-12
4.4957469194688936e+12 5.4135325497790003e-10 7.8667032287596864e-12
4.7876490913205127e+12 5.3894548977448529e-10 7.8657392616057078e-12
5.0985040377517461e+12 5.3654291264467915e-10 7.8647677483803579e-12
5.4295423342735176e+12 5.3414598297643515e-10 7.8637953774316689e-12
5.7820744558374199e+12 5.3175362756122029e-10 7.8628064425934883e-12
6.1574959645877109e+12 5.2936746412076675e-10 7.8618242401813360e-12
6.5572930344465869e+12 5.2698644432572294e-10 7.8608340444127335e-12
6.9830483344020781e+12 5.2461110370411091e-10 7.8598432690379811e-12
7.4364472937895869e+12 5.2224078295401780e-10 7.8588423483793623e-12
7.9192847743685479e+12 5.1987653415560352e-10 7.8578469985232778e-12
8.4334721756074785e+12 5.1751689239815716e-10 7.8568346114509350e-12
8.9810450013040020e+12 5.1516311197378530e-10 7.8558250101330300e-12
9.5641709174949121e+12 5.1281480032148498e-10 7.8548111531376665e-12
1.0185158333554059e+13 5.1047184885198505e-10 7.8537925202946817e-12
1.0846465540448141e+13 5.0813429677542633e-10 7.8527691770256512e-12
1.1550710442326334e+13 5.0580242579493494e-10 7.8517449226136783e-12
1.2300680919966686e+13 5.0347526370896938e-10 7.8507051707263550e-12
1.3099345867106598e+13 5.0115351109112050e-10 7.8496607648945230e-12
1.3949866943345283e+13 4.9883809785604393e-10 7.8486262794111395e-12
1.4855611090145396e+13 4.9652731354126479e-10 7.8475745220969584e-12
1.5820163859478934e+13 4.9422144761846298e-10 7.8465102612356920e-12
1.6847343607883439e+13 4.9192209597207652e-10 7.8454588845754772e-12
1.7941216612116656e+13 4.8962760122915943e-10 7.8443933917750413e-12
1.9106113166248129e+13 4.8733942042993560e-10 7.8433381849666420e-12
2.0346644723911852e+13 4.8505553533429950e-10 7.8422594290555488e-12
2.1667722153578375e+13 4.8277743851842464e-10 7.8411820743592164e-12
2.3074575179116156e+13 4.8050449405550068e-10 7.8400956885035038e-12
2.4572773082598938e+13 4.7823783475558940e-10 7.8390185378775755e-12
2.6168246751315598e+13 4.7597513421837665e-10 7.8379120397422355e-12
2.7867312156260699e+13 4.7371932058059235e-10 7.8368255604227424e-12
2.9676695355046383e+13 4.7146824805754230e-10 7.8357225496991727e-12
3.1603559118218414e+13 4.6922186999352423e-10 7.8346024465585405e-12
3.3655531284377973e+13 4.6698148338864376e-10 7.8334867385039070e-12
3.5840734956361055e+13 4.6474658115985496e-10 7.8323671301616773e-12
3.8167820658008148e+13 4.6251749619569452e-10 7.8312497544022338e-12
4.0646000578828031e+13 4.6029322736736244e-10 7.8301161821902565e-12
4.3285085042115320e+13 4.5807513186068742e-10 7.8289903935865464e-12
4.6095521340888664e+13 4.5586116990042912e-10 7.8278375946931494e-12
4.9088435095390578e+13 4.5365342745454932e-10 7.8266929025236692e-12
5.2275674295864633e+13 4.5145087917497943e-10 7.8255399856780537e-12
5.5669856204968492e+13 4.4925399888112015e-10 7.8243849786031510e-12
5.9284417305489109e+13 4.4706252204263904e-10 7.8232248267051680e-12
6.3133666491088727e+13 4.4487633496581570e-10 7.8220568344932991e-12
6.7232841710649727e+13 4.4269595464883449e-10 7.8208905364359785e-12
7.1598170290447375e+13 4.4052145182892735e-10 7.8197277269260357e-12
7.6246933172956922e+13 4.3835013039976279e-10 7.8185180989810001e-12
8.1197533326587828e+13 4.3618680585367568e-10 7.8173504239469698e-12
8.6469568597164234e+13 4.3402655130848903e-10 7.8161342363993604e-12
9.2083909289537234e+13 4.3187293767584116e-10 7.8149348508864828e-12
9.8062780786462781e+13 4.2972490197792275e-10 7.8137313061344462e-12
1.0442985153179719e+14 4.2758140191337863e-10 7.8125074443081023e-12
1.1121032672631077e+14 4.2544434356808150e-10 7.8112955483562725e-12
1.1843104810703591e+14 4.2331325740289509e-10 7.8100900574442753e-12
1.2612060020513117e+14 4.2118656789527118e-10 7.8088587058140639e-12
1.3430942350291962e+14 4.1906509483305861e-10 7.8076175184090366e-12
1.4302993493804122e+14 4.1694834191868146e-10 7.8063566808690900e-12
1.5231665623176044e+14 4.1483963457901027e-10 7.8051413489144805e-12
1.6220635054944675e+14 4.1273285990443929e-10 7.8038530901867487e-12
1.7273816803420456e+14 4.1063360312057920e-10 7.8025992500874480e-12
1.8395380078979812e+14 4.0853827851377844e-10 7.8013095681505735e-12
1.9589764792637994e+14 4.0644995442241259e-10 7.8000433574511515e-12
2.0861699132240219e+14 4.0436638654099188e-10 7.7987596456944889e-12
2.2216218279847253e+14 4.0229012067592431e-10 7.7975082865864466e-12
2.3658684344414597e+14 4.0021559778985311e-10 7.7961769764160176e-12
2.5194807588670162e+14 3.9814945053367433e-10 7.7948976922800911e-12
2.6830669034221528e+14 3.9608666807630078e-10 7.7935714898889690e-12
2.8572744534380344e+14 3.9403050837258882e-10 7.7922615261949180e-12
3.0427930409997294e+14 3.9197918312923609e-10 7.7909366364273111e-12
3.2403570749795919e+14 3.8993293987051359e-10 7.7895940023200845e-12
3.4507486483275512e+14 3.8789249347173149e-10 7.7882550711862399e-12
3.6748006341274350e+14 3.8585880235140764e-10 7.7869367446786878e-12
3.9133999826757794e+14 3.8383021366828128e-10 7.7856075550869239e-12
4.1674912326347738e+14 3.8180622281450681e-10 7.7842529774654310e-12
4.4380802501594481e+14 3.7978640884156278e-10 7.7828641000019518e-12
4.7262382108006556e+14 3.7777453972208881e-10 7.7815244766076917e-12
5.0331058399473156e+14 3.7576769182090720e-10 7.7801700456051369e-12
5.3598979285939006e+14 3.7376236229911980e-10 7.7787218956650147e-12
5.7079081423103750e+14 3.7176826969387332e-10 7.7773942497918133e-12
6.0785141424512300e+14 3.6977573359023191e-10 7.7759770250059256e-12
6.4731830398769938e+14 3.6779121041142246e-10 7.7746075977322665e-12
6.8934772027780450e+14 3.6580941642761213e-10 7.7731747288449075e-12
7.3410604415912850e+14 3.6383231718251661e-10 7.7717179636089717e-12
7.8177045954947812e+14 3.6186412896059842e-10 7.7703298468761241e-12
8.3252965465534712e+14 3.5989909923500278e-10 7.7688855646208688e-12
8.8658456892829075e+14 3.5793947554173655e-10 7.7674333341258217e-12
9.4414918852010538e+14 3.5598662390863981e-10 7.7660042057083862e-12
1.0054513933856588e+15 3.5403919402878567e-10 7.7645655580094685e-12
1.0707338593869216e+15 3.5209518550638023e-10 7.7630783948475671e-12
1.1402550189692295e+15 3.5015779720391584e-10 7.7616094282102833e-12
1.2142900842128815e+15 3.4822229988788277e-10 7.7600499178511398e-12
1.2931321363098665e+15 3.4629548132242927e-10 7.7585604258446219e-12
1.3770932857787885e+15 3.4437377818812048e-10 7.7570549020086372e-12
1.4665059080107798e+15 3.4245882215980031e-10 7.7555714530439555e-12
1.5617239590375690e+15 3.4054777224850487e-10 7.7540465029033980e-12
1.6631243767304825e+15 3.3864519673620290e-10 7.7525895669196122e-12
1.7711085729770872e+15 3.3674727973694279e-10 7.7511002981638829e-12
1.8861040227427758e+15 3.3485013137994881e-10 7.7494966533204041e-12
2.0085659563076952e+15 3.3295992921772113e-10 7.7479181842621531e-12
2.1389791613781055e+15 3.3107510699089482e-10 7.7463338716869898e-12
2.2778599022062355e+15 3.2919768474815099e-10 7.7447864905101682e-12
2.4257579633155710e+15 3.2732298266677927e-10 7.7431696165795201e-12
2.5832588259223620e+15 3.2545513391788276e-10 7.7415781695557052e-12
2.7509859856688410e+15 3.2359510770345895e-10 7.7400329895337873e-12
2.9296034208435430e+15 3.2174138010815326e-10 7.7384982490367704e-12
3.1198182208592850e+15 3.1989065474306554e-10 7.7369006658646988e-12
3.3223833853945395e+15 3.1804459751692859e-10 7.7352766343269495e-12
3.5381008052787905e+15 3.1620308901356175e-10 7.7336216585121252e-12
3.7678244369223420e+15 3.1436914633275887e-10 7.7320124232068030e-12
4.0124636828572895e+15 3.1253925520775647e-10 7.7303621676281602e-12
4.2729869917716970e+15 3.1071504156294729e-10 7.7287061551809552e-12
4.5504256922889460e+15 3.0889607676651516e-10 7.7270383412816828e-12
4.8458780756685390e+15 3.0708250320213926e-10 7.7253611854301130e-12
5.1605137435905910e+15 3.0527451561955742e-10 7.7236787209489606e-12
5.4955782382357160e+15 3.0347180057174568e-10 7.7219837196210488e-12
5.8523979729887140e+15 3.0167186470581651e-10 7.7202136840231834e-12
6.2323854832859420e+15 2.9988098074953661e-10 7.7185314114139331e-12
6.6370450183921440e+15 2.9809611212661112e-10 7.7168421072896484e-12
7.0679784962433640e+15 2.9631997152828260e-10 7.7152314351021577e-12
7.5268918449284160e+15 2.9453614939779784e-10 7.7132847260689196e-12
8.0156017559138860e+15 2.9277087670415376e-10 7.7116570162633436e-12
8.5360428757457210e+15 2.9100574036455034e-10 7.7098818931820427e-12
9.0902754646973120e+15 2.8924104962814023e-10 7.7079822202040336e-12
9.6804935526825880e+15 2.8748724972971864e-10 7.7062005841025959e-12
1.0309033624719666e+16 2.8574994307237546e-10 7.7047285189089085e-12
1.0978383870329786e+16 2.8400004490692574e-10 7.7027279638314173e-12
1.1691194033484654e+16 2.8225574153688799e-10 7.7007351386598330e-12
1.2450285902098016e+16 2.8052371605461887e-10 7.6989228875714208e-12
1.3258664478582882e+16 2.7880576034823262e-10 7.6973557631037108e-12
1.4119529875696238e+16 2.7707897924358267e-10 7.6953718285109305e-12
1.5036289984765502e+16 2.7535710339480365e-10 7.6933528225742530e-12
1.6012573966440724e+16 2.7364509060052617e-10 7.6914470012835272e-12
1.7052246617384850e+16 2.7195687891918572e-10 7.6900582281046110e-12
1.8159423669769452e+16 2.7025169309966708e-10 7.6880228302168615e-12
1.9338488084143760e+16 2.6855173727832087e-10 7.6859735689992096e-12
2.0594107400178536e+16 2.6686172110161490e-10 7.6840411147431853e-12
2.1931252213963332e+16 2.6517843064257333e-10 7.6821292174575362e-12
2.3355215855012092e+16 2.6349301486231509e-10 7.6799926969816860e-12
2.4871635340864220e+16 2.6182058632654257e-10 7.6780635203959601e-12
2.6486513692236464e+16 2.6015172908158522e-10 7.6760678665094131e-12
2.8206243697068644e+16 2.5849137233222034e-10 7.6741649892393267e-12
3.0037633217527224e+16 2.5683291399982055e-10 7.6721323796364298e-12
3.1987932140161680e+16 2.5517838670273111e-10 7.6700372867904474e-12
3.4064861075890056e+16 2.5353294399202494e-10 7.6680512200539346e-12
3.6276641923431480e+16 2.5189007701240270e-10 7.6659541368251309e-12
3.8632030417182072e+16 2.5027362472657930e-10 7.6644846134157725e-12
4.1140350788371240e+16 2.4864341902397141e-10 7.6624317257596780e-12
4.3811532676714744e+16 2.4700210335520206e-10 7.6598825679358163e-12
4.6656150438693600e+16 2.4538012347559854e-10 7.6577153884555075e-12
4.9685465008050536e+16 2.4376515099566451e-10 7.6555890458287777e-12
5.2911468474237416e+16 2.4215575224703356e-10 7.6534544460160667e-12
5.6346931555267576e+16 2.4055523689918716e-10 7.6513568682280707e-12
6.0005454152909256e+16 2.3895475449407532e-10 7.6491987786635856e-12
6.3901519190362152e+16 2.3736881018076187e-10 7.6472063654860703e-12
6.8050549945519888e+16 2.3578532427979326e-10 7.6451792678583495e-12
7.2468971106811216e+16 2.3419833412013150e-10 7.6428232974411606e-12
7.7174273793296128e+16 2.3262308768587529e-10 7.6406693506279068e-12
8.2185084796419248e+16 2.3104982031032991e-10 7.6383825738105626e-12
8.7521240317540432e+16 2.2948449586227590e-10 7.6361706928351523e-12
9.3203864493113952e+16 2.2792985107941842e-10 7.6341517118143908e-12
9.9255453018411616e+16 2.2636901138248598e-10 7.6317300342762116e-12
1.0569996220079622e+17 2.2482003041556916e-10 7.6294797659310888e-12
1.1256290379509026e+17 2.2327533965893159e-10 7.6271784499825179e-12
1.1987144599648216e+17 2.2173903074325316e-10 7.6249038630450298e-12
1.2765452099072498e+17 2.2020577396470060e-10 7.6225933794504422e-12
1.3594293948743781e+17 2.1867210091319109e-10 7.6200556221973304e-12
1.4476951268986563e+17 2.1715031140600048e-10 7.6177388660010371e-12
1.5416918218395248e+17 2.1563416551685308e-10 7.6154164665835228e-12
1.6417915826094080e+17 2.1412380968300745e-10 7.6130942458520538e-12
1.7483906722103133e+17 2.1261910937130262e-10 7.6108035683027979e-12
1.8619110824124794e+17 2.1112499246802818e-10 7.6086617644993257e-12
1.9828022042853005e+17 2.0962850389253602e-10 7.6062141003108072e-12
2.1115426071928899e+17 2.0813696689629989e-10 7.6037302789126585e-12
2.2486419332976534e+17 2.0665215561791924e-10 7.6012794510688710e-12
2.3946429150708531e+17 2.0517015019612935e-10 7.5986654929994430e-12
2.5501235237971018e+17 2.0370065192015044e-10 7.5964053636252569e-12
2.7156992575784675e+17 2.0223220082853725e-10 7.5939052827633191e-12
2.8920255778946758e+17 2.0074443240023816e-10 7.5904521753214274e-12
3.0798005043661824e+17 1.9928172689388160e-10 7.5877397829293675e-12
3.2797673779909382e+17 1.9782510617945030e-10 7.5850265150932622e-12
3.4927178037939584e+17 1.9634327333096278e-10 7.5810088981301360e-12
3.7194947845393184e+17 1.9493214289943549e-10 7.5796858809310644e-12
3.9609960579085754e+17 1.9352909573634194e-10 7.5783610076477616e-12
4.2181776503581011e+17 1.9203410276400951e-10 7.5731502339601800e-12
4.4920576617225114e+17 1.9067639931702915e-10 7.5731745124139550e-12
4.7837202955467110e+17 1.8925416312204476e-10 7.5704805040715693e-12
5.0943201511021709e+17 1.8783498818234475e-10 7.5675605926063544e-12
5.4250867940762963e+17 1.8642732560635138e-10 7.5649965907864098e-12
5.7773296240310733e+17 1.8496504032530140e-10 7.5598500159108982e-12
6.1524430578977690e+17 1.8362624435797349e-10 7.5595663782276040e-12
6.5519120500281562e+17 1.8223595428133326e-10 7.5568910068712224e-12
6.9773179706555136e+17 1.8079294927619426e-10 7.5518361049968002e-12
7.4303448660337805e+17 1.7941301278962727e-10 7.5491313723343080e-12
7.9127861250399091e+17 1.7805462984939245e-10 7.5472027002602581e-12
8.4265515786276928e+17 1.7668257300777988e-10 7.5443437828274679e-12
8.9736750602384781e+17 1.7524270834731930e-10 7.5382278478233892e-12
9.5563224570993792e+17 1.7397028498725565e-10 7.5391208237198810e-12
1.0176800284279122e+18 1.7253616821914144e-10 7.5328922768025513e-12
1.0837564815444454e+18 1.7126201568949825e-10 7.5331638765880531e-12
1.1541231806464730e+18 1.6991923418255959e-10 7.5303166842011822e-12
1.2290586850353093e+18 1.6857983083852267e-10 7.5273470394885916e-12
1.3088596404541335e+18 1.6717299311301675e-10 7.5210335549673318e-12
1.3938419534137513e+18 1.6584568471495771e-10 7.5180158163230995e-12
1.4843420417655634e+18 1.6458335629359852e-10 7.5179326470121889e-12
1.5807181664726185e+18 1.6318806683783869e-10 7.5114881872597655e-12
1.6833518498502213e+18 1.6187838177592344e-10 7.5084313283086272e-12
1.7926493858911741e+18 1.6056558087748744e-10 7.5050546575690032e-12
1.9090434486539405e+18 1.5927905056753038e-10 7.5024142108604656e-12
2.0329948050810381e+18 1.5805326566637464e-10 7.5026360885797617e-12
2.1649941390285102e+18 1.5675412397367361e-10 7.4990027223795114e-12
2.3055639937264300e+18 1.5540296575949568e-10 7.4926488207632695e-12
2.4552608403609938e+18 1.5413924352064865e-10 7.4900622650605131e-12
2.6146772809662331e+18 1.5290832353026050e-10 7.4891204345458454e-12
2.7844443943461811e+18 1.5163358024326717e-10 7.4855764094050779e-12
2.9652342343147182e+18 1.5036937448244914e-10 7.4822557706528044e-12
3.1577624901417559e+18 1.4911514263421434e-10 7.4792130343976298e-12
3.3627913197389348e+18 1.4777727322263566e-10 7.4717144623383363e-12
3.5811323667993999e+18 1.4660979144939468e-10 7.4722650724471631e-12
3.8136499738359245e+18 1.4528546551638945e-10 7.4647102070738460e-12
4.0612646038374359e+18 1.4405694741878026e-10 7.4615530019223766e-12
4.3249564840877020e+18 1.4280118528287118e-10 7.4570353691477905e-12
4.6057694865727073e+18 1.4159116771606413e-10 7.4541589937721774e-12
4.9048152603364792e+18 1.4040119863702470e-10 7.4520649617167715e-12
5.2232776321445724e+18 1.3920598077028877e-10 7.4495594804656178e-12
5.5624172928768307e+18 1.3800157736968076e-10 7.4463352683352386e-12
5.9235767881999749e+18 1.3678845834461515e-10 7.4422297694267747e-12
6.3081858332770601e+18 1.3557227203554793e-10 7.4376630700384687e-12
6.7177669725541274e+18 1.3438652530157177e-10 7.4344844456716573e-12
7.1539416070268836e+18 1.3322108094685223e-10 7.4323755311612945e-12
7.6184364128504340e+18 1.3192408255965992e-10 7.4224718998501388e-12
8.1130901766987581e+18 1.3074726105418817e-10 7.4192826416991325e-12
8.6398610749338071e+18 1.2953196016957341e-10 7.4126772771372218e-12
9.2008344254016133e+18 1.2836135751824575e-10 7.4085122407933578e-12
9.7982309425389240e+18 1.2718966992728496e-10 7.4040630179761562e-12
1.0434415528473833e+19 1.2605313854097091e-10 7.4010568607884896e-12
1.1111906634918056e+19 1.2488285430684008e-10 7.3963108044822184e-12
1.1833386232912806e+19 1.2372415605359255e-10 7.3914448508299613e-12
1.2601710429897370e+19 1.2272253613558657e-10 7.3949180659440633e-12
1.3419920776125288e+19 1.2159446672088180e-10 7.3913672770895583e-12
1.4291256305192366e+19 1.2039435412209266e-10 7.3846346958669724e-12
1.5219166356336253e+19 1.1926018060647379e-10 7.3798770124479031e-12
1.6207324229268716e+19 1.1823246127000753e-10 7.3800802066059168e-12
1.7259641725598431e+19 1.1716678516527321e-10 7.3794156786558418e-12
1.8380284634402896e+19 1.1599503450810736e-10 7.3706959992611038e-12
1.9573689223259566e+19 1.1488473485420874e-10 7.3659798872555576e-12
2.0844579800012460e+19 1.1364377640983373e-10 7.3535084272046489e-12
2.2197987414797861e+19 1.1253988174987458e-10 7.3482945213161699e-12
2.3639269776368325e+19 1.1144160220610643e-10 7.3430379974545454e-12
2.5174132461548679e+19 1.1049869283561199e-10 7.3461740848215063e-12
2.6808651501796061e+19 1.0937461245498754e-10 7.3389880030210248e-12
2.8549297436268044e+19 1.0831596135956915e-10 7.3352715784383626e-12
3.0402960926620361e+19 1.0711625862016598e-10 7.3234796354143978e-12
3.2376980034939658e+19 1.0608530924512746e-10 7.3196933381164771e-12
3.4479169272787849e+19 1.0540465527954631e-10 7.3420162053036507e-12
3.6717850536357286e+19 1.0434979798642114e-10 7.3370486433376690e-12
3.9101886050205434e+19 1.0330090159422448e-10 7.3320762609037610e-12
4.1640713449968484e+19 1.0217041957055698e-10 7.3198476511298362e-12
4.4344383142952681e+19 1.0078144128578445e-10 7.2905335418892542e-12
4.7223598094487167e+19 1.0016201248014269e-10 7.3159729607743705e-12
5.0289756197545017e+19 9.9118729983717318e-11 7.3095208774579210e-12
5.3554995393368785e+19 9.8085462699240430e-11 7.3033123303104866e-12
5.7032241721699131e+19 9.7089945426414538e-11 7.2982954253020121e-12
6.0735260490846167e+19 9.5591687839836154e-11 7.2575225146177991e-12
6.4678710770148942e+19 9.5008306877678627e-11 7.2840606826547944e-12
6.8878203420548628e+19 9.4197941234554949e-11 7.2946610942043305e-12
7.3350362893011468e+19 9.3052703678565564e-11 7.2758370758283557e-12
7.8112893039415034e+19 9.2012723853050960e-11 7.2673055065803388e-12
8.3184647196454879e+19 9.1026377474274994e-11 7.2609329702400311e-12
8.8585702819983540e+19 9.0070379670173097e-11 7.2568606026845910e-12
9.4337440965245190e+19 8.9067698835351074e-11 7.2490332703774459e-12
1.0046263092765878e+20 8.8086682816739383e-11 7.2420030665919177e-12
1.0698552037917880e+20 8.7139209793160003e-11 7.2375135240056901e-12
1.1393193135709990e+20 8.6180300183529857e-11 7.2314840223983167e-12
1.2132936248525609e+20 8.5227480665163439e-11 7.2255921735025298e-12
1.2920709783228888e+20 8.4481437962244444e-11 7.2386453054474833e-12
1.3759632283794163e+20 8.3370274090859582e-11 7.2150683402823695e-12
1.4653024776624503e+20 8.2533401885724983e-11 7.2211688598636358e-12
1.5604423917436682e+20 8.1567811683255521e-11 7.2120551954357296e-12
1.6617595991751714e+20 8.0777363087588295e-11 7.2174822751044988e-12
1.7696551824416217e+20 7.9789157692905600e-11 7.2053546647453350e-12
1.8845562657179327e+20 7.8740096168907717e-11 7.1876359032207928e-12
2.0069177057174739e+20 7.7932201215013806e-11 7.1898129448311003e-12
2.1372238923245096e+20 7.7001018888660655e-11 7.1811558048981804e-12
2.2759906661393665e+20 7.5981969531005568e-11 7.1613170770088998e-12
2.4237673605264451e+20 7.5510204939229575e-11 7.1951104509919405e-12
2.5811389762499166e+20 7.4509798314628120e-11 7.1789458148937741e-12
2.7487284973049240e+20 7.3595242735924461e-11 7.1696507824411479e-12
2.9271993571122246e+20 7.2411791014652618e-11 7.1318807621187862e-12
3.1172580648396554e+20 7.1639435047908829e-11 7.1360685504132869e-12
3.3196570022460437e+20 7.0829586927415577e-11 7.1357841542963245e-12
3.5351974021207772e+20 6.9927491836959119e-11 7.1197502101146199e-12
3.7647325201085353e+20 6.9306580803079097e-11 7.1407330987152195e-12
4.0091710124758453e+20 6.8302031994092040e-11 7.1192166862130986e-12
4.2694805331916292e+20 6.7420353094558443e-11 7.1063461362428984e-12
4.5466915645598958e+20 6.6495027122069791e-11 7.0877114204106585e-12
4.8419014965707211e+20 6.5643250220284228e-11 7.0825354336420773e-12
5.1562789711167652e+20 6.4808394842063321e-11 7.0701981521459836e-12
5.4910685082732344e+20 6.4106931124681184e-11 7.0783404815376541e-12
5.8475954329562087e+20 6.3598924216934027e-11 7.1060870223947098e-12
6.2272711214602558e+20 6.2940277811147361e-11 7.1128607136581442e-12
6.6315985886473119e+20 6.1759723404738314e-11 7.0662063883215010e-12
7.0621784379025339e+20 6.0787787126184386e-11 7.0342619624733920e-12
7.5207151974118248e+20 6.0358168831517005e-11 7.0761799575937505e-12
8.0090240678455371e+20 5.9376674920037128e-11 7.0428305598895724e-12
8.5290381081582187e+20 5.8493086927021552e-11 7.0211807494519607e-12
9.0828158879515686e+20 5.8241129841473230e-11 7.0743381746391793e-12
9.6725496366953752e+20 5.7242003588483682e-11 7.0466801945465846e-12
1.0300573922063096e+21 5.6656728738825554e-11 7.0618663130893948e-12
1.0969374891741160e+21 5.5414446719631520e-11 6.9881995715003889e-12
1.1681600115293681e+21 5.4664904517416261e-11 6.9799774636284012e-12
1.2440069065044688e+21 5.4054664475739889e-11 6.9969374641872603e-12
1.3247784277470423e+21 5.3738354079982536e-11 7.0401399231209670e-12
1.4107943239281305e+21 5.2974284484443984e-11 7.0359970109836574e-12
1.5023951045252625e+21 5.2126594329929747e-11 7.0108343697342405e-12
1.5999433877907343e+21 4.9991101495523737e-11 6.7905428940943221e-12
1.7038253362414407e+21 5.0498500201163992e-11 6.9683893023818023e-12
1.8144521853532035e+21 4.8367611666040195e-11 6.7490915513902297e-12
1.9322618715105405e+21 4.7915096529606052e-11 6.7666641416460984e-12
2.0577207656572238e+21 4.7011133126844505e-11 6.7342874979114979e-12
2.1913255195099070e+21 4.6090518197631654e-11 6.6866654318445520e-12
2.3336050316436326e+21 4.5551599405626618e-11 6.6994440919007692e-12
2.4851225412327189e+21 4.4539246113682779e-11 6.6402786207257155e-12
2.6464778577345753e+21 4.3947685645356616e-11 6.6333241466575298e-12
2.8183097353441583e+21 4.3201732033377405e-11 6.6177193298558537e-12
3.0012984016178412e+21 4.2552233567489070e-11 6.6123240640623509e-12
3.1961682502770313e+21 4.1866455836921791e-11 6.5958836623961735e-12
3.4036907088520340e+21 4.3488379413805830e-11 6.9441656771576738e-12
3.6246872925170067e+21 4.0467218463462137e-11 6.5587966963175870e-12
3.8600328562066839e+21 3.9640453419684432e-11 6.5167902431458795e-12
4.1106590578876717e+21 3.9754436636645749e-11 6.6130219106093070e-12
4.3775580466947492e+21 3.8330310956162733e-11 6.4809564775007975e-12
4.6617863905329986e+21 4.0152955757866953e-11 6.9018435927754446e-12
4.9644692586927216e+21 3.9487101273038398e-11 6.8858407557553342e-12
5.2868048760352570e+21 3.6383103020835745e-11 6.4195570062633987e-12
5.6300692663833104e+21 3.5628054706037761e-11 6.3730081682617070e-12
5.9956213038912991e+21 3.5264833786348665e-11 6.3953172875599757e-12
6.3849080923950049e+21 3.4118141285696836e-11 6.2950490381950318e-12
6.7994706940335122e+21 3.3470726147396006e-11 6.2794757513364963e-12
7.2409502298219773e+21 3.3198715419080511e-11 6.3019127341040970e-12
7.7110943763266693e+21 3.2537617233091508e-11 6.2781934748193086e-12
8.2117642841577279e+21 3.2257496241992363e-11 6.3090801909056065e-12
8.7449419456712121e+21 3.0790476543610763e-11 6.1337748235794978e-12
9.3127380410438695e+21 3.0202850123808194e-11 6.1105532915806560e-12
9.9174002937817696e+21 2.9625425920616228e-11 6.0867894087596066e-12
1.0561322368741264e+22 2.8936944597183695e-11 6.0521654454763413e-12
1.1247053347882866e+22 2.8352263601180677e-11 6.0198100656547946e-12
1.1977307821274229e+22 2.7342205235996021e-11 5.8948200174587354e-12
1.2754976633285297e+22 2.7528670266063561e-11 6.0320767986299507e-12
1.3583138326517792e+22 2.6472147838425744e-11 5.9070141870742252e-12
1.4465071328774165e+22 2.5851216888682442e-11 5.8575507317580707e-12
1.5404266931305102e+22 2.5347479353023593e-11 5.8339091805633757e-12
1.6404443109718774e+22 2.4520031663140856e-11 5.7357930860565168e-12
1.7469559242258897e+22 2.3940598027880022e-11 5.7581048386698012e-12
1.8603831783718509e+22 2.3268085102211549e-11 5.7136184576027418e-12
1.9811750957040630e+22 2.3612607927891719e-11 5.8015355564057721e-12
2.1098098528675282e+22 2.2247102220113952e-11 5.6381190444783934e-12
2.2467966738068723e+22 2.2379922961025090e-11 5.7333115525121011e-12
2.3926778456213182e+22 2.2084508325749933e-11 5.7457999339484196e-12
2.5480308653060944e+22 2.1311088073610111e-11 5.6206068487517598e-12
2.7134707258789342e+22 2.1006936207641403e-11 5.6769092888215445e-12
2.8896523509410338e+22 2.0170825042671254e-11 5.5625510850672006e-12
3.0772731873103901e+22 1.9516007687351798e-11 5.4485604368272495e-12
3.2770759659914669e+22 1.9078540682915927e-11 5.4575648773460890e-12
3.4898516424097761e+22 1.8760268404256402e-11 5.4414220000516701e-12
3.7164425275522966e+22 1.8393116656713616e-11 5.4383255821285219e-12
3.9577456224076760e+22 1.8314536060650715e-11 5.5475061365223192e-12
4.2147161689066240e+22 1.7657367990756602e-11 5.5230294658113222e-12
4.4883714314202627e+22 1.9841506561717923e-11 6.2652762223411135e-12
4.7797947237845348e+22 1.6433975155959643e-11 5.2948984375006788e-12
5.0901396977943824e+22 1.8725824217435555e-11 6.1389006030753981e-12
5.4206349101427795e+22 1.7869353306460187e-11 5.9638757819877062e-12
5.7725886858842518e+22 1.6671985331393376e-11 5.7377770847897356e-12
6.1473942976767824e+22 1.5472088818672458e-11 5.3646155837335701e-12
6.5465354813028077e+22 1.7335343581062461e-11 6.1334899399553454e-12
6.9715923093062544e+22 1.6275071979871622e-11 5.8729017134226222e-12
7.4242474459951373e+22 1.6063423903579410e-11 5.9223082869773122e-12
7.9062928085720733e+22 1.5680356512557862e-11 5.9082099459354165e-12
8.4196366607633739e+22 1.5799201847528917e-11 6.1917014661650390e-12
8.9663111670250271e+22 1.4851240532172519e-11 5.9227099359930012e-12
