# k_modes P_scalar P_tensor
4.5632101424529182e-05 3.0721305090675936e-09 5.1915700424129794e-12
4.6276005760772165e-05 3.0709785251510730e-09 5.1915498484966751e-12
4.6928996086511242e-05 3.0698282592151558e-09 5.1915323069949263e-12
4.7591200612104076e-05 3.0686770161210918e-09 5.1915128417885639e-12
4.8262749357055601e-05 3.0675266328876244e-09 5.1914945796200206e-12
4.8943774175546893e-05 3.0663744820558881e-09 5.1914730762038693e-12
4.9634408782323664e-05 3.0652246991097094e-09 5.1914553247435541e-12
5.0334788778950667e-05 3.0640743112335613e-09 5.1914362809904846e-12
5.1045051680435603e-05 3.0629231575614310e-09 5.1914156917662693e-12
5.1765336942229546e-05 3.0617724137904262e-09 5.1913955340989032e-12
5.2495785987608445e-05 3.0606235413258748e-09 5.1913782948906809e-12
5.3236542235440030e-05 3.0594737042022412e-09 5.1913591525297911e-12
5.3987751128343568e-05 3.0583235035518082e-09 5.1913391487628628e-12
5.4749560161246348e-05 3.0571741488185534e-09 5.1913203160930806e-12
5.5522118910343806e-05 3.0560240520079752e-09 5.1912999707581147e-12
5.6305579062467136e-05 3.0548748331608515e-09 5.1912808487856203e-12
5.7100094444866457e-05 3.0537254713348415e-09 5.1912612363667845e-12
5.7905821055413568e-05 3.0525764913165900e-09 5.1912420058322735e-12
5.8722917093231547e-05 3.0514280637536878e-09 5.1912234567382356e-12
5.9551542989755419e-05 3.0502792309008407e-09 5.1912039633876337e-12
6.0391861440232168e-05 3.0491303251549238e-09 5.1911840806369754e-12
6.1244037435665230e-05 3.0479820093775326e-09 5.1911649447286622e-12
6.2108238295208689e-05 3.0468350812422365e-09 5.1911479117584545e-12
6.2984633699019751e-05 3.0456856139010054e-09 5.1911263069380414e-12
6.3873395721574070e-05 3.0445383303092689e-09 5.1911081509148798e-12
6.4774698865452014e-05 3.0433896235774769e-09 5.1910873164946417e-12
6.5688720095600267e-05 3.0422425499748843e-09 5.1910690013158410e-12
6.6615638874078123e-05 3.0410953389053188e-09 5.1910501869985713e-12
6.7555637195294114e-05 3.0399474885084951e-09 5.1910300329144257e-12
6.8508899621738597e-05 3.0388000000645717e-09 5.1910102264372734e-12
6.9475613320221929e-05 3.0376530583885009e-09 5.1909911001538771e-12
7.0455968098623106e-05 3.0365058119008288e-09 5.1909711986267335e-12
7.1450156443157991e-05 3.0353600943055871e-09 5.1909536364960898e-12
7.2458373556171730e-05 3.0342127993014312e-09 5.1909331252748737e-12
7.3480817394465937e-05 3.0330663872289052e-09 5.1909138631399712e-12
7.4517688708166632e-05 3.0319191031862312e-09 5.1908928422150183e-12
7.5569191080139376e-05 3.0307734599568493e-09 5.1908743720500269e-12
7.6635530965961940e-05 3.0296262560277136e-09 5.1908529719697821e-12
7.7716917734460257e-05 3.0284814792304874e-09 5.1908354653725761e-12
7.8813563708817207e-05 3.0273355886747955e-09 5.1908157902232408e-12
7.9925684208259959e-05 3.0261903785406672e-09 5.1907970118933757e-12
8.1053497590336947e-05 3.0250434816532159e-09 5.1907750854520331e-12
8.2197225293791407e-05 3.0238996310530159e-09 5.1907581205154437e-12
8.3357091882038485e-05 3.0227555298736367e-09 5.1907404674703878e-12
8.4533325087257419e-05 3.0216101809850127e-09 5.1907204127440447e-12
8.5726155855104890e-05 3.0204654323099822e-09 5.1907011198019634e-12
8.6935818390060412e-05 3.0193207101678601e-09 5.1906816148679143e-12
8.8162550201409810e-05 3.0181761302608695e-09 5.1906620856190842e-12
8.9406592149879089e-05 3.0170315266845214e-09 5.1906422713526710e-12
9.0668188494926407e-05 3.0158876319039158e-09 5.1906233915240167e-12
9.1947586942699771e-05 3.0147417082267814e-09 5.1906007731332026e-12
9.3245038694673163e-05 3.0135988027801599e-09 5.1905830794096902e-12
9.4560798496967985e-05 3.0124552055359487e-09 5.1905639304501100e-12
9.5895124690371529e-05 3.0113115332257211e-09 5.1905443958084088e-12
9.7248279261059347e-05 3.0101675307306525e-09 5.1905240216235876e-12
9.8620527892035058e-05 3.0090246068167568e-09 5.1905052429907263e-12
1.0001214001529613e-04 3.0078803852583386e-09 5.1904839607887586e-12
1.0142338886473378e-04 3.0067378630073275e-09 5.1904653504447670e-12
1.0285455152978147e-04 3.0055948646610588e-09 5.1904456622025125e-12
1.0430590900981969e-04 3.0044524754506619e-09 5.1904267493570669e-12
1.0577774626934771e-04 3.0033097983628152e-09 5.1904070762164461e-12
1.0727035229393527e-04 3.0021666775200855e-09 5.1903863850787018e-12
1.0878402014696215e-04 3.0010238951571384e-09 5.1903659996703200e-12
1.1031904702716002e-04 2.9998824814836283e-09 5.1903477262538627e-12
1.1187573432696509e-04 2.9987402054484968e-09 5.1903276888536084e-12
1.1345438769169437e-04 2.9975989934845408e-09 5.1903092322608625e-12
1.1505531707955726e-04 2.9964573322374443e-09 5.1902897283494461e-12
1.1667883682251411e-04 2.9953143487910973e-09 5.1902676788052398e-12
1.1832526568799299e-04 2.9941737035162511e-09 5.1902494061171861e-12
1.1999492694147714e-04 2.9930323091629210e-09 5.1902295717335820e-12
1.2168814840997702e-04 2.9918901918236221e-09 5.1902082141497646e-12
1.2340526254639588e-04 2.9907509052572396e-09 5.1901915060864460e-12
1.2514660649480571e-04 2.9896094228083475e-09 5.1901707177343859e-12
1.2691252215664233e-04 2.9884685084639023e-09 5.1901506554540639e-12
1.2870335625783633e-04 2.9873284203686201e-09 5.1901317614686342e-12
1.3051946041688997e-04 2.9861869960735902e-09 5.1901102755815162e-12
1.3236119121391498e-04 2.9850478984836856e-09 5.1900925646631476e-12
1.3422891026064536e-04 2.9839078499665654e-09 5.1900729479461845e-12
1.3612298427143668e-04 2.9827656495093370e-09 5.1900493125237759e-12
1.3804378513526883e-04 2.9816274284061455e-09 5.1900323269434806e-12
1.3999168998876321e-04 2.9804876967842444e-09 5.1900124546020139e-12
1.4196708129023166e-04 2.9793486840452428e-09 5.1899935612606179e-12
1.4397034689476947e-04 2.9782094347865496e-09 5.1899739909929828e-12
1.4600188013040761e-04 2.9770697849506853e-09 5.1899534625209215e-12
1.4806207987534117e-04 2.9759306667483989e-09 5.1899335858611164e-12
1.5015135063624528e-04 2.9747914850011375e-09 5.1899133288814024e-12
1.5227010262769855e-04 2.9736523481915279e-09 5.1898928905873348e-12
1.5441875185272474e-04 2.9725132469173968e-09 5.1898722326187317e-12
1.5659772018447338e-04 2.9713756052166947e-09 5.1898538628269185e-12
1.5880743544905123e-04 2.9702371525663409e-09 5.1898338119753164e-12
1.6104833150952291e-04 2.9690986754682777e-09 5.1898134491036190e-12
1.6332084835109727e-04 2.9679611854712046e-09 5.1897945312482053e-12
1.6562543216751597e-04 2.9668228912200907e-09 5.1897739509567821e-12
1.6796253544866036e-04 2.9656873626666969e-09 5.1897579340275789e-12
1.7033261706939442e-04 2.9645480077066390e-09 5.1897349633542009e-12
1.7273614237966282e-04 2.9634116782564152e-09 5.1897170123336871e-12
1.7517358329585876e-04 2.9622743005104929e-09 5.1896969586178882e-12
1.7764541839348133e-04 2.9611355232498912e-09 5.1896741834891475e-12
1.8015213300110106e-04 2.9599993065900362e-09 5.1896556214810196e-12
1.8269421929565134e-04 2.9588616510159362e-09 5.1896342707532588e-12
1.8527217639906362e-04 2.9577253147515089e-09 5.1896149658550807e-12
1.8788651047626647e-04 2.9565885676185272e-09 5.1895946716374403e-12
1.9053773483456853e-04 2.9554527306263032e-09 5.1895756899024271e-12
1.9322637002444263e-04 2.9543159579865890e-09 5.1895548056981687e-12
1.9595294394173212e-04 2.9531810663108981e-09 5.1895369568664630e-12
1.9871799193129996e-04 2.9520446109742799e-09 5.1895160986784793e-12
2.0152205689214067e-04 2.9509083821966488e-09 5.1894953464888443e-12
2.0436568938397463e-04 2.9497739422363560e-09 5.1894774868696161e-12
2.0724944773534615e-04 2.9486379800738176e-09 5.1894566791644700e-12
2.1017389815324906e-04 2.9475028771414131e-09 5.1894371075584445e-12
2.1313961483429613e-04 2.9463666382123853e-09 5.1894152640183248e-12
2.1614718007746043e-04 2.9452326035762701e-09 5.1893970304312618e-12
2.1919718439840420e-04 2.9440967599262108e-09 5.1893753444218583e-12
2.2229022664542429e-04 2.9429629067332622e-09 5.1893568866145139e-12
2.2542691411703137e-04 2.9418273249127886e-09 5.1893351162704772e-12
2.2860786268118831e-04 2.9406932769355657e-09 5.1893157685521872e-12
2.3183369689623346e-04 2.9395600915530063e-09 5.1892976888644732e-12
2.3510505013350671e-04 2.9384250798407294e-09 5.1892760948462739e-12
2.3842256470170962e-04 2.9372905119308706e-09 5.1892550231921111e-12
2.4178689197301665e-04 2.9361566612690410e-09 5.1892349496673148e-12
2.4519869251096949e-04 2.9350236133959629e-09 5.1892160099106441e-12
2.4865863620017361e-04 2.9338891753538119e-09 5.1891943470702407e-12
2.5216740237782526e-04 2.9327560888186999e-09 5.1891747991876203e-12
2.5572567996709527e-04 2.9316232270065020e-09 5.1891553769297274e-12
2.5933416761239522e-04 2.9304901796216942e-09 5.1891353557636729e-12
2.6299357381655091e-04 2.9293566596564722e-09 5.1891142292361659e-12
2.6670461707991189e-04 2.9282240226326890e-09 5.1890943833830088e-12
2.7046802604142536e-04 2.9270921189885794e-09 5.1890755640581718e-12
2.7428453962169934e-04 2.9259593365779406e-09 5.1890549171474509e-12
2.7815490716808378e-04 2.9248269912366186e-09 5.1890347736325352e-12
2.8207988860180105e-04 2.9236950310089235e-09 5.1890150350046505e-12
2.8606025456715168e-04 2.9225628284177676e-09 5.1889945978657067e-12
2.9009678658282491e-04 2.9214297623395051e-09 5.1889723589513188e-12
2.9419027719534383e-04 2.9202990391115309e-09 5.1889539918531207e-12
2.9834153013467843e-04 2.9191677038821117e-09 5.1889342682803973e-12
3.0255136047205192e-04 2.9180358784421127e-09 5.1889133987706391e-12
3.0682059477997372e-04 2.9169046669389131e-09 5.1888933485085914e-12
3.1115007129453245e-04 2.9157735885895274e-09 5.1888732552802446e-12
3.1554064007997850e-04 2.9146415864857273e-09 5.1888512478877212e-12
3.1999316319562815e-04 2.9135115948202222e-09 5.1888325446580838e-12
3.2450851486512194e-04 2.9123810195630441e-09 5.1888125236547933e-12
3.2908758164807529e-04 2.9112498423905540e-09 5.1887911579217064e-12
3.3373126261414607e-04 2.9101194935526405e-09 5.1887709880764929e-12
3.3844046951956333e-04 2.9089900790447514e-09 5.1887522159630814e-12
3.4321612698614228e-04 2.9078594450680938e-09 5.1887309880504079e-12
3.4805917268282996e-04 2.9067305747515366e-09 5.1887126269967400e-12
3.5297055750980940e-04 2.9056000464206025e-09 5.1886910442021400e-12
3.5795124578520145e-04 2.9044709416876636e-09 5.1886717130143760e-12
3.6300221543440482e-04 2.9033392703959038e-09 5.1886475281407457e-12
3.6812445818210261e-04 2.9022121154570877e-09 5.1886311373468889e-12
3.7331897974698361e-04 2.9010819160640678e-09 5.1886090207549158e-12
3.7858680003920571e-04 2.8999533188099613e-09 5.1885895017324744e-12
3.8392895336065107e-04 2.8988243069954952e-09 5.1885689526624664e-12
3.8934648860800361e-04 2.8976958765491029e-09 5.1885491798678307e-12
3.9484046947869191e-04 2.8965675882451130e-09 5.1885293746462692e-12
4.0041197467974017e-04 2.8954389348362306e-09 5.1885086463772935e-12
4.0606209813956592e-04 2.8943094206168869e-09 5.1884860956077190e-12
4.1179194922276501e-04 2.8931811584075776e-09 5.1884654997937281e-12
4.1760265294792673e-04 2.8920537276915660e-09 5.1884461304984270e-12
4.2349535020852626e-04 2.8909262204273002e-09 5.1884263433819580e-12
4.2947119799693049e-04 2.8897989698581566e-09 5.1884067375427366e-12
4.3553136963156485e-04 2.8886705475515887e-09 5.1883847414159866e-12
4.4167705498728769e-04 2.8875440760920465e-09 5.1883659823613732e-12
4.4790946072901513e-04 2.8864162891595442e-09 5.1883445806933447e-12
4.5422981054864091e-04 2.8852886917424909e-09 5.1883232386987314e-12
4.6063934540529897e-04 2.8841617352343441e-09 5.1883027727733344e-12
4.6713932376902032e-04 2.8830364985498834e-09 5.1882851171362757e-12
4.7373102186782403e-04 2.8819090286673215e-09 5.1882631597165976e-12
4.8041573393829505e-04 2.8807825016911150e-09 5.1882426274623652e-12
4.8719477247970042e-04 2.8796560065651319e-09 5.1882218724496048e-12
4.9406946851169025e-04 2.8785304138511159e-09 5.1882024571748498e-12
5.0104117183563429e-04 2.8774034796062784e-09 5.1881803517838586e-12
5.0811125129964472e-04 2.8762781930671459e-09 5.1881609342284164e-12
5.1528109506734367e-04 2.8751520436058763e-09 5.1881396847560597e-12
5.2255211089041818e-04 2.8740264531952775e-09 5.1881191613060050e-12
5.2992572638502244e-04 2.8729012394897776e-09 5.1880990362515966e-12
5.3740338931208159e-04 2.8717752427003370e-09 5.1880772140590334e-12
5.4498656786155088e-04 2.8706501657259486e-09 5.1880567805041759e-12
5.5267675094068474e-04 2.8695247550960365e-09 5.1880354504137296e-12
5.6047544846637206e-04 2.8684010913572858e-09 5.1880170020002974e-12
5.6838419166160001e-04 2.8672765374149096e-09 5.1879966709735237e-12
5.7640453335610080e-04 2.8661509214346588e-09 5.1879741312467966e-12
5.8453804829123809e-04 2.8650274176884724e-09 5.1879551394589831e-12
5.9278633342919548e-04 2.8639017578756732e-09 5.1879319548666885e-12
6.0115100826653336e-04 2.8627781769224961e-09 5.1879122547779119e-12
6.0963371515216421e-04 2.8616547248913885e-09 5.1878924978924248e-12
6.1823611960981617e-04 2.8605308337331302e-09 5.1878716775554957e-12
6.2695991066504865e-04 2.8594079630996941e-09 5.1878524152825008e-12
6.3580680117688248e-04 2.8582846645863706e-09 5.1878321026218436e-12
6.4477852817410779e-04 2.8571605007499975e-09 5.1878099481542760e-12
6.5387685319633591e-04 2.8560372898801652e-09 5.1877892228120649e-12
6.6310356263986987e-04 2.8549134692795054e-09 5.1877671116753124e-12
6.7246046810845006e-04 2.8537913077965259e-09 5.1877477286375032e-12
6.8194940676894887e-04 2.8526679142230224e-09 5.1877258289494968e-12
6.9157224171208784e-04 2.8515470328452254e-09 5.1877082132889171e-12
7.0133086231824492e-04 2.8504238003804995e-09 5.1876860417064818e-12
7.1122718462842012e-04 2.8493029748831274e-09 5.1876679549916883e-12
7.2126315172043578e-04 2.8481790434867820e-09 5.1876439492806895e-12
7.3144073409045095e-04 2.8470564049226589e-09 5.1876219937825454e-12
7.4176193003985379e-04 2.8459358212512767e-09 5.1876035094103999e-12
7.5222876606761307e-04 2.8448142774670293e-09 5.1875829938531168e-12
7.6284329726816920e-04 2.8436918302101289e-09 5.1875605453955856e-12
7.7360760773494055e-04 2.8425714961362221e-09 5.1875416639829136e-12
7.8452381096951959e-04 2.8414496288554804e-09 5.1875196961198144e-12
7.9559405029664299e-04 2.8403288761042703e-09 5.1874994740360110e-12
8.0682049928502357e-04 2.8392087205707954e-09 5.1874800694972081e-12
8.1820536217411450e-04 2.8380878034353168e-09 5.1874589923877238e-12
8.2975087430689498e-04 2.8369669887057940e-09 5.1874378092584124e-12
8.4145930256876716e-04 2.8358464824160733e-09 5.1874169058584982e-12
8.5333294583264565e-04 2.8347265230066257e-09 5.1873967213299160e-12
8.6537413541032480e-04 2.8336057084761561e-09 5.1873746848546471e-12
8.7758523551021415e-04 2.8324857099856390e-09 5.1873538580123706e-12
8.8996864370153726e-04 2.8313662914206651e-09 5.1873337998273414e-12
9.0252679138508058e-04 2.8302461648605258e-09 5.1873121632207878e-12
9.1526214427058085e-04 2.8291266793413039e-09 5.1872914170701618e-12
9.2817720286084854e-04 2.8280073902666700e-09 5.1872707404331352e-12
9.4127450294273062e-04 2.8268875459673522e-09 5.1872487592900988e-12
9.5455661608499277e-04 2.8257692929757560e-09 5.1872294164526963e-12
9.6802615014322834e-04 2.8246497970261841e-09 5.1872075045739055e-12
9.8168574977189490e-04 2.8235303043763489e-09 5.1871853035087458e-12
9.9553809694357775e-04 2.8224124775513451e-09 5.1871658861337041e-12
1.0095859114755746e-03 2.8212933538323035e-09 5.1871437997261719e-12
1.0238319515639114e-03 2.8201756420677159e-09 5.1871240123673269e-12
1.0382790143249022e-03 2.8190571093046237e-09 5.1871024302192251e-12
1.0529299363443408e-03 2.8179392765888192e-09 5.1870818473978384e-12
1.0677875942344446e-03 2.8168222482195244e-09 5.1870624577865986e-12
1.0828549051986594e-03 2.8157041886503588e-09 5.1870408910410497e-12
1.0981348276044363e-03 2.8145864176885956e-09 5.1870195567845737e-12
1.1136303615640851e-03 2.8134682014863460e-09 5.1869971173304593e-12
1.1293445495238236e-03 2.8123508116557598e-09 5.1869759131900599e-12
1.1452804768611480e-03 2.8112342511283092e-09 5.1869559458764481e-12
1.1614412724906236e-03 2.8101175125150982e-09 5.1869353663458493e-12
1.1778301094782246e-03 2.8090005214080326e-09 5.1869140317476847e-12
1.1944502056643459e-03 2.8078841472429765e-09 5.1868935473264977e-12
1.2113048242956084e-03 2.8067670232188569e-09 5.1868713851337554e-12
1.2283972746655737e-03 2.8056511481006122e-09 5.1868512511503887e-12
1.2457309127644972e-03 2.8045340481468831e-09 5.1868285492141776e-12
1.2633091419382637e-03 2.8034195075460830e-09 5.1868102879167548e-12
1.2811354135566070e-03 2.8023026994053512e-09 5.1867875592260379e-12
1.2992132276907619e-03 2.8011876088053223e-09 5.1867677186484287e-12
1.3175461338006823e-03 2.8000722529917515e-09 5.1867470920903162e-12
1.3361377314319571e-03 2.7989555267737886e-09 5.1867236346027640e-12
1.3549916709225550e-03 2.7978406009912396e-09 5.1867032213210152e-12
1.3741116541195410e-03 2.7967252498445763e-09 5.1866817290227329e-12
1.3935014351059128e-03 2.7956104987764144e-09 5.1866610612245487e-12
1.4131648209376930e-03 2.7944956997567408e-09 5.1866400120334239e-12
1.4331056723914173e-03 2.7933812530248474e-09 5.1866193297642352e-12
1.4533279047221673e-03 2.7922671456915084e-09 5.1865989802466482e-12
1.4738354884323145e-03 2.7911514855851051e-09 5.1865754567784286e-12
1.4946324500510978e-03 2.7900372166433598e-09 5.1865542342653704e-12
1.5157228729252030e-03 2.7889238219126256e-09 5.1865343444044041e-12
1.5371108980205036e-03 2.7878099161059564e-09 5.1865132072451721e-12
1.5588007247351163e-03 2.7866960538316729e-09 5.1864918525114459e-12
1.5807966117239215e-03 2.7855820397808743e-09 5.1864699340321359e-12
1.6031028777347175e-03 2.7844687363099136e-09 5.1864490405159864e-12
1.6257239024561878e-03 2.7833554175238903e-09 5.1864278272633516e-12
1.6486641273778192e-03 2.7822431654449136e-09 5.1864083168528224e-12
1.6719280566619566e-03 2.7811294937471934e-09 5.1863858597928011e-12
1.6955202580281675e-03 2.7800160662658542e-09 5.1863635633825114e-12
1.7194453636500886e-03 2.7789034304119576e-09 5.1863424625941888e-12
1.7437080710649183e-03 2.7777916156599041e-09 5.1863225881520978e-12
1.7683131440957422e-03 2.7766782503424741e-09 5.1862995216030139e-12
1.7932654137868891e-03 2.7755674956321491e-09 5.1862810414250505e-12
1.8185697793524698e-03 2.7744547619990864e-09 5.1862585907327528e-12
1.8442312091383013e-03 2.7733431626024069e-09 5.1862379443100935e-12
1.8702547415974126e-03 2.7722314803604638e-09 5.1862168561656046e-12
1.8966454862793163e-03 2.7711194593452819e-09 5.1861948344163423e-12
1.9234086248332302e-03 2.7700073751155774e-09 5.1861724083007737e-12
1.9505494120254554e-03 2.7688958805149179e-09 5.1861507849559262e-12
1.9780731767711254e-03 2.7677858631482620e-09 5.1861316333780011e-12
2.0059853231804993e-03 2.7666747317076285e-09 5.1861101079071977e-12
2.0342913316200180e-03 2.7655628709935178e-09 5.1860869163461479e-12
2.0629967597883430e-03 2.7644528587951794e-09 5.1860668926269431e-12
2.0921072438075772e-03 2.7633421762143085e-09 5.1860453276193476e-12
2.1216284993298778e-03 2.7622320218837634e-09 5.1860244485580177e-12
2.1515663226596804e-03 2.7611212966095580e-09 5.1860022063813563e-12
2.1819265918917724e-03 2.7600113060480070e-09 5.1859810394819044e-12
2.2127152680654202e-03 2.7589014952521447e-09 5.1859599228877299e-12
2.2439383963347771e-03 2.7577912161823368e-09 5.1859376234893609e-12
2.2756021071558019e-03 2.7566818871285326e-09 5.1859168289621204e-12
2.3077126174899489e-03 2.7555724139012042e-09 5.1858954503729512e-12
2.3402762320248178e-03 2.7544627821944589e-09 5.1858734893829676e-12
2.3732993444120359e-03 2.7533542247577725e-09 5.1858532427650704e-12
2.4067884385226123e-03 2.7522447518692485e-09 5.1858309794207893e-12
2.4407500897200085e-03 2.7511347790055461e-09 5.1858074829103066e-12
2.4751909661511638e-03 2.7500268341246675e-09 5.1857875096897278e-12
2.5101178300557339e-03 2.7489181922210851e-09 5.1857659231427983e-12
2.5455375390938274e-03 2.7478102171830145e-09 5.1857452932324872e-12
2.5814570476924547e-03 2.7467015261991055e-09 5.1857230193428754e-12
2.6178834084109787e-03 2.7455918738583692e-09 5.1856986261121528e-12
2.6548237733258441e-03 2.7444855648973269e-09 5.1856802532019422e-12
2.6922853954348454e-03 2.7433779572971837e-09 5.1856591393629770e-12
2.7302756300812006e-03 2.7422703935598021e-09 5.1856377939564448e-12
2.7688019363977159e-03 2.7411621845371707e-09 5.1856149384716377e-12
2.8078718787713530e-03 2.7400548303884234e-09 5.1855934048731127e-12
2.8474931283284403e-03 2.7389485222033572e-09 5.1855735412877470e-12
2.8876734644408420e-03 2.7378400811950114e-09 5.1855493495477567e-12
2.9284207762533898e-03 2.7367341733021717e-09 5.1855296558060847e-12
2.9697430642328750e-03 2.7356264268472640e-09 5.1855061807525274e-12
3.0116484417388768e-03 2.7345209062539098e-09 5.1854866216012934e-12
3.0541451366167625e-03 2.7334139342459043e-09 5.1854640081720621e-12
3.0972414928131849e-03 2.7323082695561436e-09 5.1854435793316300e-12
3.1409459720143566e-03 2.7312021258641747e-09 5.1854219347545296e-12
3.1852671553074365e-03 2.7300961184775749e-09 5.1854002627704911e-12
3.2302137448653777e-03 2.7289897608766049e-09 5.1853776132806062e-12
3.2757945656555483e-03 2.7278847195727945e-09 5.1853571675410802e-12
3.3220185671724487e-03 2.7267799042672320e-09 5.1853368562467169e-12
3.3688948251948811e-03 2.7256738037872486e-09 5.1853137970035839e-12
3.4164325435679234e-03 2.7245684556660761e-09 5.1852918680497004e-12
3.4646410560100513e-03 2.7234636053539934e-09 5.1852705894043904e-12
3.5135298279457467e-03 2.7223571680260581e-09 5.1852459886995892e-12
3.5631084583639602e-03 2.7212535616872644e-09 5.1852264663308387e-12
3.6133866817028297e-03 2.7201493691483988e-09 5.1852055365007744e-12
3.6643743697609651e-03 2.7190446350703900e-09 5.1851832687522380e-12
3.7160815336357016e-03 2.7179402402916718e-09 5.1851613465032786e-12
3.7685183256887206e-03 2.7168354785306535e-09 5.1851384280068607e-12
3.8216950415394082e-03 2.7157315340560645e-09 5.1851167572525295e-12
3.8756221220863215e-03 2.7146286292125824e-09 5.1850967742216589e-12
3.9303101555571837e-03 2.7135245799364701e-09 5.1850743001631253e-12
3.9857698795878315e-03 2.7124212561127953e-09 5.1850529100826976e-12
4.0420121833304699e-03 2.7113187557091982e-09 5.1850328013130609e-12
4.0990481095916787e-03 2.7102142029887938e-09 5.1850084561129143e-12
4.1568888570006008e-03 2.7091104365762749e-09 5.1849853155779829e-12
4.2155457822077268e-03 2.7080084923203013e-09 5.1849653558574004e-12
4.2750304021146957e-03 2.7069048646542218e-09 5.1849418634565522e-12
4.3353543961355441e-03 2.7058024275043756e-09 5.1849203585108228e-12
4.3965296084899101e-03 2.7047008815803784e-09 5.1849002543859208e-12
4.4585680505285566e-03 2.7035981783451274e-09 5.1848776323296287e-12
4.5214819030917116e-03 2.7024964396213448e-09 5.1848565430304433e-12
4.5852835189007018e-03 2.7013945102166365e-09 5.1848347986392630e-12
4.6499854249833425e-03 2.7002919377361390e-09 5.1848115123354808e-12
4.7156003251335237e-03 2.6991902727684360e-09 5.1847896553918580e-12
4.7821411024055053e-03 2.6980887778836742e-09 5.1847678285089255e-12
4.8496208216434510e-03 2.6969878927462828e-09 5.1847468605168893e-12
4.9180527320465883e-03 2.6958853470079389e-09 5.1847224065762312e-12
4.9874502697706382e-03 2.6947855796780763e-09 5.1847029841249783e-12
5.0578270605658787e-03 2.6936836698078383e-09 5.1846791319706348e-12
5.1291969224525067e-03 2.6925837438333319e-09 5.1846587905830103e-12
5.2015738684336966e-03 2.6914840449756259e-09 5.1846385892144114e-12
5.2749721092469493e-03 2.6903831091703539e-09 5.1846156960827615e-12
5.3494060561543140e-03 2.6892813487952487e-09 5.1845909068740639e-12
5.4248903237718998e-03 2.6881819972282157e-09 5.1845704612127622e-12
5.5014397329394039e-03 2.6870825367308862e-09 5.1845494864216997e-12
5.5790693136300411e-03 2.6859826580127438e-09 5.1845274082539018e-12
5.6577943079016224e-03 2.6848825845854921e-09 5.1845046419142790e-12
5.7376301728892121e-03 2.6837828006275121e-09 5.1844821250321415e-12
5.8185925838400198e-03 2.6826838105782914e-09 5.1844608433722775e-12
5.9006974371911712e-03 2.6815835741898221e-09 5.1844368424110297e-12
5.9839608536908237e-03 2.6804846243032580e-09 5.1844150312196310e-12
6.0683991815634157e-03 2.6793870761904300e-09 5.1843956084939933e-12
6.1540289997194858e-03 2.6782876170314936e-09 5.1843721917547449e-12
6.2408671210108790e-03 2.6771896717254834e-09 5.1843513806361185e-12
6.3289305955317940e-03 2.6760905694146141e-09 5.1843280357570186e-12
6.4182367139664995e-03 2.6749923103621250e-09 5.1843060127417903e-12
6.5088030109842262e-03 2.6738945635990511e-09 5.1842846662892567e-12
6.6006472686819650e-03 2.6727963074142041e-09 5.1842620420199624e-12
6.6937875200759117e-03 2.6716984126279800e-09 5.1842398014542385e-12
6.7882420526420763e-03 2.6706002866402051e-09 5.1842167962849643e-12
6.8840294119069641e-03 2.6695034453043953e-09 5.1841959840238512e-12
6.9811684050888135e-03 2.6684055011542359e-09 5.1841727182586429e-12
7.0796781047903221e-03 2.6673075494731645e-09 5.1841491244138595e-12
7.1795778527433763e-03 2.6662113989785371e-09 5.1841287261905986e-12
7.2808872636067152e-03 2.6651150307682105e-09 5.1841076012101164e-12
7.3836262288171266e-03 2.6640173686465887e-09 5.1840836297875206e-12
7.4878149204949708e-03 2.6629208826720969e-09 5.1840616495431004e-12
7.5934737954049016e-03 2.6618248664680457e-09 5.1840402775468176e-12
7.7006235989723528e-03 2.6607275647199816e-09 5.1840160825578864e-12
7.8092853693568290e-03 2.6596330923260378e-09 5.1839970935637421e-12
7.9194804415825496e-03 2.6585358188284052e-09 5.1839723356931252e-12
8.0312304517274891e-03 2.6574398797435647e-09 5.1839498718630224e-12
8.1445573411714680e-03 2.6563454224116493e-09 5.1839299812916461e-12
8.2594833609041570e-03 2.6552495925143515e-09 5.1839071043793319e-12
8.3760310758939846e-03 2.6541535845339198e-09 5.1838835656760447e-12
8.4942233695185464e-03 2.6530591529669079e-09 5.1838627870594763e-12
8.6140834480576724e-03 2.6519639801464854e-09 5.1838402721156265e-12
8.7356348452497651e-03 2.6508684029007846e-09 5.1838166402896683e-12
8.8589014269125493e-03 2.6497735978280147e-09 5.1837941935772387e-12
8.9839073956289456e-03 2.6486789156042685e-09 5.1837716934996323e-12
9.1106772954990603e-03 2.6475855166851029e-09 5.1837513862055249e-12
9.2392360169593190e-03 2.6464909987449176e-09 5.1837285803972030e-12
9.3696088016694719e-03 2.6453969206158719e-09 5.1837063189352554e-12
9.5018212474686989e-03 2.6443029346500505e-09 5.1836839284038973e-12
9.6358993134015008e-03 2.6432087744350944e-09 5.1836608718080322e-12
9.7718693248146655e-03 2.6421154408501385e-09 5.1836391336364213e-12
9.9097579785260032e-03 2.6410215366099606e-09 5.1836159517661972e-12
1.0049592348066145e-02 2.6399286185653372e-09 5.1835944018257191e-12
1.0191399888994245e-02 2.6388349367202328e-09 5.1835710369986410e-12
1.0335208444288646e-02 2.6377424496498883e-09 5.1835496998552821e-12
1.0481046249813756e-02 2.6366499388473579e-09 5.1835280019655696e-12
1.0628941939863875e-02 2.6355569775236753e-09 5.1835051268196649e-12
1.0778924552785450e-02 2.6344633597595718e-09 5.1834806176596392e-12
1.0931023536678467e-02 2.6333717935701118e-09 5.1834598370765475e-12
1.1085268755178483e-02 2.6322790586081986e-09 5.1834364411746686e-12
1.1241690493320062e-02 2.6311871379098428e-09 5.1834143324401545e-12
1.1400319463483131e-02 2.6300953302178553e-09 5.1833921333624828e-12
1.1561186811423107e-02 2.6290035557428873e-09 5.1833696894586568e-12
1.1724324122386137e-02 2.6279121053228747e-09 5.1833475718390201e-12
1.1889763427310731e-02 2.6268200013448019e-09 5.1833238469804729e-12
1.2057537209116726e-02 2.6257280071294184e-09 5.1833000103664863e-12
1.2227678409083202e-02 2.6246370029951689e-09 5.1832778279820972e-12
1.2400220433316180e-02 2.6235461811433349e-09 5.1832556726669393e-12
1.2575197159307775e-02 2.6224552801602887e-09 5.1832330533372615e-12
1.2752642942587791e-02 2.6213645392830959e-09 5.1832104366925707e-12
1.2932592623469156e-02 2.6202747487010745e-09 5.1831893781417809e-12
1.3115081533888684e-02 2.6191839874246979e-09 5.1831660796984600e-12
1.3300145504344165e-02 2.6180944770937746e-09 5.1831449495017995e-12
1.3487820870929547e-02 2.6170039109717422e-09 5.1831214052277312e-12
1.3678144482469184e-02 2.6159137603452521e-09 5.1830983742439313e-12
1.3871153707752965e-02 2.6148238797298782e-09 5.1830755488184153e-12
1.4066886442873374e-02 2.6137343942911108e-09 5.1830531895584612e-12
1.4265381118666109e-02 2.6126444993141647e-09 5.1830297093966330e-12
1.4466676708255815e-02 2.6115558785124264e-09 5.1830084265593526e-12
1.4670812734708090e-02 2.6104658002610420e-09 5.1829839394353636e-12
1.4877829278789693e-02 2.6093773233011211e-09 5.1829623203067356e-12
1.5087766986838027e-02 2.6082886226747513e-09 5.1829399368838560e-12
1.5300667078741892e-02 2.6072002024369493e-09 5.1829177778123497e-12
1.5516571356034618e-02 2.6061116314821011e-09 5.1828950058829247e-12
1.5735522210101639e-02 2.6050227835147944e-09 5.1828713690800551e-12
1.5957562630503706e-02 2.6039346259583491e-09 5.1828487807077772e-12
1.6182736213417558e-02 2.6028470894653692e-09 5.1828271197677122e-12
1.6411087170195862e-02 2.6017584410282604e-09 5.1828029219435630e-12
1.6642660336047690e-02 2.6006715815182407e-09 5.1827819581254430e-12
1.6877501178841743e-02 2.5995837586766988e-09 5.1827587677176559e-12
1.7115655808033547e-02 2.5984955212818243e-09 5.1827344202404264e-12
1.7357170983718858e-02 2.5974083061648351e-09 5.1827117883325901e-12
1.7602094125814587e-02 2.5963213530515206e-09 5.1826893679652506e-12
1.7850473323369483e-02 2.5952345711825960e-09 5.1826669612997097e-12
1.8102357344006077e-02 2.5941475259213219e-09 5.1826437033616203e-12
1.8357795643495808e-02 2.5930607974848345e-09 5.1826207613446561e-12
1.8616838375469475e-02 2.5919742353407823e-09 5.1825978398375608e-12
1.8879536401264423e-02 2.5908879057275198e-09 5.1825750518374043e-12
1.9145941299910985e-02 2.5898019514751580e-09 5.1825527023704520e-12
1.9416105378259531e-02 2.5887158149425798e-09 5.1825296523389282e-12
1.9690081681250710e-02 2.5876305430635875e-09 5.1825080267712671e-12
1.9967924002330419e-02 2.5865453780985571e-09 5.1824862815467217e-12
2.0249686894011725e-02 2.5854585218332257e-09 5.1824608243169505e-12
2.0535425678586038e-02 2.5843732555819422e-09 5.1824382319181425e-12
2.0825196458985125e-02 2.5832881700230775e-09 5.1824156920373627e-12
2.1119056129796698e-02 2.5822033034081734e-09 5.1823932654068411e-12
2.1417062388435142e-02 2.5811178976163654e-09 5.1823694243388286e-12
2.1719273746470164e-02 2.5800336086444090e-09 5.1823475081143670e-12
2.2025749541115091e-02 2.5789481218658440e-09 5.1823228546534298e-12
2.2336549946877275e-02 2.5778636113304668e-09 5.1822998350703284e-12
2.2651735987373120e-02 2.5767794559608199e-09 5.1822772172272274e-12
2.2971369547309488e-02 2.5756950729932079e-09 5.1822538263296353e-12
2.3295513384634533e-02 2.5746118427322619e-09 5.1822324055194979e-12
2.3624231142859629e-02 2.5735272653849186e-09 5.1822079733441307e-12
2.3957587363555549e-02 2.5724446003608498e-09 5.1821870576745503e-12
2.4295647499024565e-02 2.5713605179613633e-09 5.1821629517695557e-12
2.4638477925151784e-02 2.5702773311617804e-09 5.1821403350891168e-12
2.4986145954437503e-02 2.5691936309650155e-09 5.1821163625993449e-12
2.5338719849213535e-02 2.5681104926094658e-09 5.1820931846175959e-12
2.5696268835046221e-02 2.5670270241903480e-09 5.1820690299808856e-12
2.6058863114328226e-02 2.5659447927818431e-09 5.1820470353458404e-12
2.6426573880062511e-02 2.5648618029825357e-09 5.1820231895544157e-12
2.6799473329840416e-02 2.5637786007792963e-09 5.1819985935265454e-12
2.7177634680017385e-02 2.5626972052760352e-09 5.1819773136691897e-12
2.7561132180088304e-02 2.5616151431226729e-09 5.1819543622762317e-12
2.7950041127266088e-02 2.5605331424005430e-09 5.1819311963242608e-12
2.8344437881265720e-02 2.5594524091301733e-09 5.1819102813004573e-12
2.8744399879296886e-02 2.5583700406094244e-09 5.1818857291303452e-12
2.9150005651268462e-02 2.5572891571980423e-09 5.1818638608584614e-12
2.9561334835207124e-02 2.5562073099449090e-09 5.1818397119306852e-12
2.9978468192893969e-02 2.5551256312440050e-09 5.1818155698244316e-12
3.0401487625721337e-02 2.5540451860954231e-09 5.1817935951101201e-12
3.0830476190773812e-02 2.5529639188338254e-09 5.1817696481361277e-12
3.1265518117135856e-02 2.5518834014978751e-09 5.1817468691395801e-12
3.1706698822429519e-02 2.5508028309170748e-09 5.1817236790487720e-12
3.2154104929585876e-02 2.5497217725369009e-09 5.1816991532077316e-12
3.2607824283852588e-02 2.5486416655591471e-09 5.1816762323053837e-12
3.3067945970042027e-02 2.5475624298873683e-09 5.1816547607636552e-12
3.3534560330022202e-02 2.5464813627515521e-09 5.1816292282429684e-12
3.4007758980455043e-02 2.5454030772092063e-09 5.1816090223234471e-12
3.4487634830784611e-02 2.5443222708606464e-09 5.1815833616824452e-12
3.4974282101479189e-02 2.5432428849944516e-09 5.1815602731859454e-12
3.5467796342531041e-02 2.5421638110919401e-09 5.1815374836110406e-12
3.5968274452216793e-02 2.5410836588845650e-09 5.1815121732333173e-12
3.6475814696123036e-02 2.5400048408522086e-09 5.1814892328956283e-12
3.6990516726439840e-02 2.5389268400037728e-09 5.1814676491757872e-12
3.7512481601527092e-02 2.5378481626044819e-09 5.1814443481313161e-12
3.8041811805756352e-02 2.5367691327079141e-09 5.1814199945684202e-12
3.8578611269633266e-02 2.5356912726115044e-09 5.1813976962676060e-12
3.9122985390203487e-02 2.5346122776613756e-09 5.1813727454441107e-12
3.9675041051746601e-02 2.5335349932702053e-09 5.1813509646939844e-12
4.0234886646762426e-02 2.5324565312448905e-09 5.1813264506820654e-12
4.0802632097252829e-02 2.5313795702693957e-09 5.1813046711514788e-12
4.1378388876304545e-02 2.5303009859633647e-09 5.1812792366610182e-12
4.1962270029975823e-02 2.5292236043647703e-09 5.1812559333376410e-12
4.2554390199492635e-02 2.5281464871045515e-09 5.1812328347993568e-12
4.3154865643757354e-02 2.5270695518481125e-09 5.1812097845506061e-12
4.3763814262175786e-02 2.5259922878219561e-09 5.1811857256220992e-12
4.4381355617805741e-02 2.5249154927567059e-09 5.1811622901261799e-12
4.5007610960832375e-02 2.5238395230824271e-09 5.1811402181981391e-12
4.5642703252375162e-02 2.5227624927867713e-09 5.1811156346903655e-12
4.6286757188630130e-02 2.5216863508368606e-09 5.1810925467213953e-12
4.6939899225353507e-02 2.5206092469268646e-09 5.1810671445604052e-12
4.7602257602690136e-02 2.5195338401899066e-09 5.1810448962448043e-12
4.8273962370352863e-02 2.5184579548132124e-09 5.1810213411200005e-12
4.8955145413156841e-02 2.5173829076804154e-09 5.1809991745920046e-12
4.9645940476914098e-02 2.5163079027176636e-09 5.1809767512498539e-12
5.0346483194693953e-02 2.5152324336146594e-09 5.1809530389221842e-12
5.1056911113453340e-02 2.5141562216251564e-09 5.1809274720492714e-12
5.1777363721043593e-02 2.5130815978263351e-09 5.1809048237091522e-12
5.2507982473597607e-02 2.5120060439385531e-09 5.1808799370638266e-12
5.3248910823304137e-02 2.5109318906370834e-09 5.1808575930025941e-12
5.4000294246573585e-02 2.5098563415577433e-09 5.1808320560924766e-12
5.4762280272601133e-02 2.5087826698910249e-09 5.1808100345208036e-12
5.5535018512333542e-02 2.5077090076185377e-09 5.1807877070863780e-12
5.6318660687843802e-02 2.5066337531338341e-09 5.1807617571706030e-12
5.7113360662121263e-02 2.5055606155363085e-09 5.1807398387756889e-12
5.7919274469281107e-02 2.5044863336207589e-09 5.1807152288358484e-12
5.8736560345201125e-02 2.5034114224488763e-09 5.1806889737381130e-12
5.9565378758589811e-02 2.5023393054543111e-09 5.1806681519789340e-12
6.0405892442493739e-02 2.5012660948673753e-09 5.1806447472494838e-12
6.1258266426248972e-02 2.5001924655456505e-09 5.1806201301170106e-12
6.2122668067883288e-02 2.4991187777375046e-09 5.1805950537883114e-12
6.2999267086976271e-02 2.4980463535509641e-09 5.1805722547409010e-12
6.3888235597982096e-02 2.4969747256115133e-09 5.1805507793468194e-12
6.4789748144023648e-02 2.4959023512637735e-09 5.1805274086763395e-12
6.5703981731162348e-02 2.4948280394266357e-09 5.1804997024120153e-12
6.6631115863152679e-02 2.4937568142914113e-09 5.1804780418155655e-12
6.7571332576685975e-02 2.4926853989568088e-09 5.1804556487499958e-12
6.8524816477132725e-02 2.4916134869386764e-09 5.1804318973682924e-12
6.9491754774788292e-02 2.4905409587543058e-09 5.1804065177237887e-12
7.0472337321630274e-02 2.4894696543477179e-09 5.1803833421288539e-12
7.1466756648595212e-02 2.4883980376295967e-09 5.1803591882800316e-12
7.2475208003380115e-02 2.4873276859653701e-09 5.1803373182386461e-12
7.3497889388778756e-02 2.4862557182704551e-09 5.1803117523949261e-12
7.4535001601557516e-02 2.4851844350843967e-09 5.1802872630552506e-12
7.5586748271881096e-02 2.4841138140537275e-09 5.1802638219575568e-12
7.6653335903293762e-02 2.4830429297794569e-09 5.1802394811484370e-12
7.7734973913264643e-02 2.4819734070813825e-09 5.1802176474850654e-12
7.8831874674306079e-02 2.4809028402692248e-09 5.1801932884220106e-12
7.9944253555670919e-02 2.4798321646217420e-09 5.1801683733806029e-12
8.1072328965639540e-02 2.4787629919172993e-09 5.1801462494212140e-12
8.2216322394402117e-02 2.4776918581609947e-09 5.1801196880283610e-12
8.3376458457547459e-02 2.4766224640222008e-09 5.1800964237231087e-12
8.4552964940164524e-02 2.4755529882433567e-09 5.1800726392016184e-12
8.5746072841566198e-02 2.4744834739019800e-09 5.1800484375318208e-12
8.6956016420645196e-02 2.4734143583596537e-09 5.1800247237165468e-12
8.8183033241868505e-02 2.4723456567187066e-09 5.1800015445936051e-12
8.9427364221922295e-02 2.4712760300260447e-09 5.1799760752665259e-12
9.0689253677013637e-02 2.4702075392638826e-09 5.1799526472405484e-12
9.1968949370841116e-02 2.4691398812621249e-09 5.1799306271667751e-12
9.3266702563240850e-02 2.4680707419358166e-09 5.1799051488222203e-12
9.4582768059520372e-02 2.4670025382535256e-09 5.1798812980031176e-12
9.5917404260487699e-02 2.4659343527306590e-09 5.1798571424231509e-12
9.7270873213186324e-02 2.4648663303653847e-09 5.1798329834603103e-12
9.8643440662347093e-02 2.4637980506996599e-09 5.1798079407114063e-12
1.0003537610256473e-01 2.4627304689700473e-09 5.1797840073781254e-12
1.0144695283121204e-01 2.4616625944081122e-09 5.1797591401270776e-12
1.0287844800209926e-01 2.4605956271309329e-09 5.1797358173300351e-12
1.0433014267989227e-01 2.4595290886273500e-09 5.1797130552957808e-12
1.0580232189529687e-01 2.4584623211712172e-09 5.1796894724509050e-12
1.0729527470102349e-01 2.4573952443431864e-09 5.1796648854115929e-12
1.0880929422854044e-01 2.4563284560844952e-09 5.1796405669327145e-12
1.1034467774562801e-01 2.4552618818864339e-09 5.1796163569686832e-12
1.1190172671474585e-01 2.4541951872400907e-09 5.1795915456545765e-12
1.1348074685222224e-01 2.4531280693457329e-09 5.1795654942257386e-12
1.1508204818828036e-01 2.4520625856124740e-09 5.1795425480070273e-12
1.1670594512790977e-01 2.4509970771438183e-09 5.1795191945711535e-12
1.1835275651259862e-01 2.4499318458361513e-09 5.1794960945183355e-12
1.2002280568293569e-01 2.4488652521299568e-09 5.1794697699442820e-12
1.2171642054209583e-01 2.4478007499348169e-09 5.1794475015987142e-12
1.2343393362022247e-01 2.4467354582347157e-09 5.1794232245177602e-12
1.2517568213971669e-01 2.4456695949694467e-09 5.1793974035184592e-12
1.2694200808144968e-01 2.4446045654076077e-09 5.1793729900309365e-12
1.2873325825190737e-01 2.4435406373546301e-09 5.1793505527333796e-12
1.3054978435128456e-01 2.4424748726107195e-09 5.1793238936242962e-12
1.3239194304253851e-01 2.4414108768649089e-09 5.1793006285401548e-12
1.3426009602141697e-01 2.4403465218683871e-09 5.1792762542860218e-12
1.3615461008747570e-01 2.4392818472721395e-09 5.1792508494001057e-12
1.3807585721609611e-01 2.4382183225408787e-09 5.1792275416700821e-12
1.4002421463152118e-01 2.4371547396297693e-09 5.1792037587698562e-12
1.4200006488091999e-01 2.4360899766028647e-09 5.1791771229073341e-12
1.4400379590949935e-01 2.4350272475427971e-09 5.1791544494279092e-12
1.4603580113667317e-01 2.4339644794040807e-09 5.1791313571277583e-12
1.4809647953330882e-01 2.4329009006595446e-09 5.1791061894058305e-12
1.5018623570006204e-01 2.4318372375449559e-09 5.1790804919877283e-12
1.5230547994681701e-01 2.4307740064295263e-09 5.1790553595253532e-12
1.5445462837324925e-01 2.4297118355443339e-09 5.1790321439228240e-12
1.5663410295052274e-01 2.4286492637785895e-09 5.1790077076262612e-12
1.5884433160414235e-01 2.4275868991467253e-09 5.1789833778155876e-12
1.6108574829797312e-01 2.4265246214511150e-09 5.1789588787005849e-12
1.6335879311944729e-01 2.4254624600111155e-09 5.1789342736656766e-12
1.6566391236597144e-01 2.4244005811871429e-09 5.1789099226970187e-12
1.6800155863255511e-01 2.4233384331931478e-09 5.1788846565928121e-12
1.7037219090067440e-01 2.4222774713472300e-09 5.1788615573905434e-12
1.7277627462838946e-01 2.4212158595328673e-09 5.1788367176214390e-12
1.7521428184173524e-01 2.4201546460800101e-09 5.1788123870394890e-12
1.7768669122739938e-01 2.4190932059421648e-09 5.1787872100385981e-12
1.8019398822671068e-01 2.4180319037340070e-09 5.1787619854693572e-12
1.8273666513095066e-01 2.4169704255108919e-09 5.1787360280158794e-12
1.8531522117801325e-01 2.4159104671488681e-09 5.1787129615196415e-12
1.8793016265042606e-01 2.4148492740170629e-09 5.1786869090920161e-12
1.9058200297475533e-01 2.4137888885877062e-09 5.1786622332453139e-12
1.9327126282241494e-01 2.4127292394121584e-09 5.1786387825249520e-12
1.9599847021189545e-01 2.4116689632940769e-09 5.1786136228223400e-12
1.9876416061243857e-01 2.4106100030449724e-09 5.1785909407994738e-12
2.0156887704917140e-01 2.4095497564496130e-09 5.1785651541053618e-12
2.0441317020972727e-01 2.4084907836645404e-09 5.1785417370734604e-12
2.0729759855236909e-01 2.4074303712026867e-09 5.1785148758612872e-12
2.1022272841563824e-01 2.4063721662174128e-09 5.1784924087446738e-12
2.1318913412955298e-01 2.4053134994240264e-09 5.1784685773920486e-12
2.1619739812837258e-01 2.4042534589722901e-09 5.1784414474879667e-12
2.1924811106495626e-01 2.4031962789005497e-09 5.1784201198546968e-12
2.2234187192673216e-01 2.4021348375502603e-09 5.1783892712854357e-12
2.2547928815330651e-01 2.4010780493098819e-09 5.1783680771435448e-12
2.2866097575572844e-01 2.4000196871263285e-09 5.1783431343012592e-12
2.3188755943744133e-01 2.3989607358843105e-09 5.1783165640073207e-12
2.3515967271693866e-01 2.3979027552522766e-09 5.1782917497129978e-12
2.3847795805215030e-01 2.3968463486951897e-09 5.1782699634603239e-12
2.4184306696658675e-01 2.3957872519112240e-09 5.1782420101481190e-12
2.4525566017725944e-01 2.3947274921551006e-09 5.1782122560043987e-12
2.4871640772441014e-01 2.3936738408753281e-09 5.1781953583772341e-12
2.5222598910306709e-01 2.3926152534331818e-09 5.1781674204027786e-12
2.5578509339646127e-01 2.3915591807882779e-09 5.1781445904277490e-12
2.5939441941132130e-01 2.3905017106639116e-09 5.1781183676081650e-12
2.6305467581508152e-01 2.3894431563529495e-09 5.1780894183221361e-12
2.6676658127502323e-01 2.3883892213407726e-09 5.1780701437661448e-12
2.7053086459937953e-01 2.3873337461456008e-09 5.1780471562115485e-12
2.7434826488043396e-01 2.3862768748423811e-09 5.1780207900537847e-12
2.7821953163963425e-01 2.3852207433436081e-09 5.1779956815414282e-12
2.8214542497475803e-01 2.3841663610739997e-09 5.1779739846466048e-12
2.8612671570915088e-01 2.3831067806586589e-09 5.1779406759029739e-12
2.9016418554307433e-01 2.3820537682884910e-09 5.1779212487995724e-12
2.9425862720718682e-01 2.3809981506843672e-09 5.1778958209200128e-12
2.9841084461819012e-01 2.3799413374370397e-09 5.1778674035312673e-12
3.0262165303667543e-01 2.3788862043609163e-09 5.1778422867405890e-12
3.0689187922719174e-01 2.3778330264514612e-09 5.1778210900109686e-12
3.1122236162057815e-01 2.3767784242759412e-09 5.1777964145846462e-12
3.1561395047858182e-01 2.3757232393543914e-09 5.1777701078350827e-12
3.2006750806080353e-01 2.3746690566878844e-09 5.1777456370990538e-12
3.2458390879399557e-01 2.3736150811554558e-09 5.1777212403849242e-12
3.2916403944374878e-01 2.3725588682391191e-09 5.1776916119227613e-12
3.3380879928860557e-01 2.3715063847208436e-09 5.1776697475364897e-12
3.3851910029662446e-01 2.3704522383330092e-09 5.1776438916676243e-12
3.4329586730444189e-01 2.3693977830951772e-09 5.1776170084846349e-12
3.4814003819885497e-01 2.3683456945455113e-09 5.1775949453509279e-12
3.5305256410097219e-01 2.3672917345138031e-09 5.1775683979876784e-12
3.5803440955295701e-01 2.3662376711963340e-09 5.1775412892884837e-12
3.6308655270741191e-01 2.3651844179916586e-09 5.1775155761800198e-12
3.6820998551943107e-01 2.3641315843340527e-09 5.1774904232413605e-12
3.7340571394136307e-01 2.3630636532293382e-09 5.1774317799156209e-12
3.7867475812032575e-01 2.3620288946385189e-09 5.1774455514110956e-12
3.8401815259850230e-01 2.3609736314495151e-09 5.1774139715747946e-12
3.8943694651626992e-01 2.3599204136549598e-09 5.1773865117311445e-12
3.9493220381818850e-01 2.3588721715714340e-09 5.1773696064856626e-12
4.0050500346190232e-01 2.3578204145396553e-09 5.1773446295395903e-12
4.0615643962998299e-01 2.3567626110021643e-09 5.1773060145412592e-12
4.1188762194476802e-01 2.3557168414304531e-09 5.1772934547154659e-12
4.1769967568622646e-01 2.3546653773587211e-09 5.1772680162654306e-12
4.2359374201289912e-01 2.3536161014461760e-09 5.1772470537866421e-12
4.2957097818596035e-01 2.3525640537876472e-09 5.1772196185503825e-12
4.3563255779643550e-01 2.3514957025979277e-09 5.1771558669372143e-12
4.4177967099563087e-01 2.3504590269548365e-09 5.1771615686453932e-12
4.4801352472880895e-01 2.3494105763320266e-09 5.1771409543982510e-12
4.5433534297216721e-01 2.3483614385317823e-09 5.1771184631015529e-12
4.6074636697315619e-01 2.3472878581807639e-09 5.1770416432582002e-12
4.6724785549418973e-01 2.3462554681636843e-09 5.1770553778737619e-12
4.7384108505979489e-01 2.3452110466389955e-09 5.1770421925206624e-12
4.8052735020725251e-01 2.3441403739148336e-09 5.1769706259775961e-12
4.8730796374076546e-01 2.3431115773246346e-09 5.1769912551416182e-12
4.9418425698922291e-01 2.3420550991301854e-09 5.1769503211472648e-12
5.0115758006759603e-01 2.3409930821867825e-09 5.1768967464087344e-12
5.0822930214202799e-01 2.3399389191883851e-09 5.1768601721549530e-12
5.1540081169865526e-01 2.3388944872673041e-09 5.1768447567791340e-12
5.2267351681623009e-01 2.3378409967453327e-09 5.1768089238167236e-12
5.3004884544259112e-01 2.3367931002870738e-09 5.1767851120939054e-12
5.3752824567502500e-01 2.3357409270242701e-09 5.1767514607779862e-12
5.4511318604459513e-01 2.3347201989213487e-09 5.1767871809774480e-12
5.5280515580447598e-01 2.3336511316543844e-09 5.1767152597923546e-12
5.6060566522236210e-01 2.3326220702506879e-09 5.1767318351452762e-12
5.6851624587699356e-01 2.3315763582229156e-09 5.1767110495090003e-12
5.7653845095887357e-01 2.3305023820700100e-09 5.1766270601467086e-12
5.8467385557523155e-01 2.3294819865940376e-09 5.1766618058083149e-12
5.9292405705927775e-01 2.3284153303448539e-09 5.1765933087554981e-12
6.0129067528383362e-01 2.3273693051674260e-09 5.1765703477325851e-12
6.0977535297938135e-01 2.3263147048857479e-09 5.1765278912661650e-12
6.1837975605660755e-01 2.3252787679509807e-09 5.1765265925209617e-12
6.2710557393348687e-01 2.3242227893697114e-09 5.1764803627107788e-12
6.3595451986699147e-01 2.3231750749316847e-09 5.1764521659361109e-12
6.4492833128948179e-01 2.3221294469414194e-09 5.1764282146397015e-12
6.5402877014983252e-01 2.3210812695575962e-09 5.1763982018040488e-12
6.6325762325938409e-01 2.3200391947291860e-09 5.1763813897308098e-12
6.7261670264276963e-01 2.3190157520470069e-09 5.1764058993297404e-12
6.8210784589369877e-01 2.3179473501552782e-09 5.1763295739485114e-12
6.9173291653574942e-01 2.3169007215872748e-09 5.1763015526538896e-12
7.0149380438826192e-01 2.3158526613486624e-09 5.1762699416083364e-12
7.1139242593739760e-01 2.3148062045609926e-09 5.1762415272465057e-12
7.2143072471241898e-01 2.3137657945171560e-09 5.1762262685326515e-12
7.3161067166729532e-01 2.3127206549190632e-09 5.1762000569061064e-12
7.4193426556768294e-01 2.3116786986185269e-09 5.1761805999089372e-12
7.5240353338337640e-01 2.3106311285792215e-09 5.1761481914374145e-12
7.6302053068628106e-01 2.3096095155589556e-09 5.1761736321477111e-12
7.7378734205401734e-01 2.3085392207518842e-09 5.1760894347213502e-12
7.8470608147921095e-01 2.3074946027136277e-09 5.1760625490846587e-12
7.9577889278456748e-01 2.3064522199478752e-09 5.1760402585201546e-12
8.0700795004378856e-01 2.3054168264121883e-09 5.1760332537481932e-12
8.1839545800844149e-01 2.3043638854043506e-09 5.1759865714066290e-12
8.2994365254085301e-01 2.3033232699102085e-09 5.1759671267808966e-12
8.4165480105309598e-01 2.3022809119151785e-09 5.1759433632205605e-12
8.5353120295218743e-01 2.3012333191466555e-09 5.1759074966526615e-12
8.6557519009155881e-01 2.3001907320294598e-09 5.1758825290882115e-12
8.7778912722890701e-01 2.2991742438366414e-09 5.1759159675554275e-12
8.9017541249048848e-01 2.2981060841253184e-09 5.1758325669351199e-12
9.0273647784198052e-01 2.2970625206112889e-09 5.1758042585450413e-12
9.1547478956598771e-01 2.2960211789249154e-09 5.1757805384908270e-12
9.2839284874626915e-01 2.2949781382702850e-09 5.1757526508643786e-12
9.4149319175881674e-01 2.2939627318652573e-09 5.1757868003089013e-12
9.5477839076985294e-01 2.2928935972528697e-09 5.1756991659296905e-12
9.6825105424086566e-01 2.2918608019937570e-09 5.1756932577768124e-12
9.8191382744075162e-01 2.2908161323515993e-09 5.1756601667515358e-12
9.9576939296520239e-01 2.2897695095899539e-09 5.1756222572763579e-12
1.0098204712634216e+00 2.2887328423884837e-09 5.1756064760736897e-12
1.0240698211722539e+00 2.2876886794727372e-09 5.1755734198807334e-12
1.0385202404578739e+00 2.2866499922370925e-09 5.1755523386958174e-12
1.0531745663651042e+00 2.2856062766861212e-09 5.1755194360645030e-12
1.0680356761744976e+00 2.2845660964401150e-09 5.1754941921329827e-12
1.0831064877672614e+00 2.2835278920783796e-09 5.1754730947305301e-12
1.0983899601981706e+00 2.2824936155512337e-09 5.1754604763751378e-12
1.1138890942765558e+00 2.2814452593647689e-09 5.1754155415755710e-12
1.1296069331555012e+00 2.2804099143997396e-09 5.1753998081482176e-12
1.1455465629293335e+00 2.2793660312402747e-09 5.1753642413079331e-12
1.1617111132395639e+00 2.2783298447913118e-09 5.1753458160153098e-12
1.1781037578893787e+00 2.2773127143049587e-09 5.1753703863366717e-12
1.1947277154667817e+00 2.2762471654080763e-09 5.1752843365850549e-12
1.2115862499765511e+00 2.2752068061401487e-09 5.1752552630632324e-12
1.2286826714811019e+00 2.2741679342946414e-09 5.1752291839500780e-12
1.2460203367504030e+00 2.2731294458006251e-09 5.1752036253622337e-12
1.2636026499210440e+00 2.2720904674826110e-09 5.1751764981409828e-12
1.2814330631646209e+00 2.2710521985631536e-09 5.1751506536776714e-12
1.2995150773655555e+00 2.2700135354737936e-09 5.1751235295764408e-12
1.3178522428084560e+00 2.2689903202051832e-09 5.1751312321523108e-12
1.3364481598752025e+00 2.2679427709328021e-09 5.1750831039461269e-12
1.3553064797518517e+00 2.2669011263611208e-09 5.1750480232730386e-12
1.3744309051455355e+00 2.2658657193811305e-09 5.1750267789744956e-12
1.3938251910114468e+00 2.2648295586620850e-09 5.1750034560308006e-12
1.4134931452901074e+00 2.2637891293677744e-09 5.1749699654219227e-12
1.4334386296550414e+00 2.2627534281589504e-09 5.1749469143998761e-12
1.4536655602709723e+00 2.2617157829215938e-09 5.1749189878670345e-12
1.4741779085627478e+00 2.2606808381404286e-09 5.1748969300967213e-12
1.4949797019950961e+00 2.2596485375851333e-09 5.1748804764614695e-12
1.5160750248634054e+00 2.2586306640006745e-09 5.1748968555583891e-12
1.5374680190956298e+00 2.2575686483988018e-09 5.1748114655622710e-12
1.5591628850655384e+00 2.2565322147689216e-09 5.1747844080294139e-12
1.5811638824174410e+00 2.2554971681629153e-09 5.1747602208202755e-12
1.6034753309025220e+00 2.2544674133877680e-09 5.1747476950649676e-12
1.6261016112270084e+00 2.2534512031195920e-09 5.1747660376344365e-12
1.6490471659122847e+00 2.2523907444662227e-09 5.1746821945454337e-12
1.6723165001671683e+00 2.2513547070740940e-09 5.1746541469971542e-12
1.6959141827724558e+00 2.2503195997127367e-09 5.1746278106672898e-12
1.7198448469779835e+00 2.2492858330374507e-09 5.1746041903181944e-12
1.7441131914123467e+00 2.2482518585712419e-09 5.1745797005087869e-12
1.7687239810054227e+00 2.2472160406580823e-09 5.1745505771938671e-12
1.7936820479239481e+00 2.2461818686734129e-09 5.1745248094027312e-12
1.8189922925202755e+00 2.2451458096083085e-09 5.1744943841350125e-12
1.8446596842945402e+00 2.2441379274240017e-09 5.1745286139703319e-12
1.8706892628703666e+00 2.2431044406744717e-09 5.1745033223898769e-12
1.8970861389843805e+00 2.2420462468911982e-09 5.1744205327714006e-12
1.9238554954896605e+00 2.2410360683394647e-09 5.1744483689684097e-12
1.9510025883733730e+00 2.2400021123056913e-09 5.1744208243402719e-12
1.9785327477887271e+00 2.2389427925825422e-09 5.1743340790926063e-12
2.0064513791015268e+00 2.2379112126113608e-09 5.1743113188267696e-12
2.0347639639514914e+00 2.2368811089728663e-09 5.1742914343759256e-12
2.0634760613285157e+00 2.2358429267027923e-09 5.1742525627392389e-12
2.0925933086641555e+00 2.2348103746496028e-09 5.1742262486659783e-12
2.1221214229384939e+00 2.2338059550708034e-09 5.1742649439141752e-12
2.1520662018026488e+00 2.2327454304176210e-09 5.1741729172528227e-12
2.1824335247170787e+00 2.2317175884877944e-09 5.1741563781008555e-12
2.2132293541059873e+00 2.2306836146299538e-09 5.1741253602762772e-12
2.2444597365280217e+00 2.2296514957754919e-09 5.1740981131395537e-12
2.2761308038634458e+00 2.2286447821766191e-09 5.1741295376769525e-12
2.3082487745181144e+00 2.2275896008699165e-09 5.1740479644594901e-12
2.3408199546444060e+00 2.2265560488399683e-09 5.1740162102019861e-12
2.3738507393794128e+00 2.2255267580057051e-09 5.1739939955668307e-12
2.4073476141005576e+00 2.2244966539396831e-09 5.1739694775962717e-12
2.4413171556989655e+00 2.2234643211854610e-09 5.1739393215693121e-12
2.4757660338708121e+00 2.2224323184475567e-09 5.1739096593156975e-12
2.5107010124268418e+00 2.2214016829344599e-09 5.1738826635628407e-12
2.5461289506204192e+00 2.2203715023902140e-09 5.1738564946669605e-12
2.5820568044942878e+00 2.2193427703275433e-09 5.1738331975552485e-12
2.6184916282463635e+00 2.2183149432377893e-09 5.1738116454693612e-12
2.6554405756147497e+00 2.2172809913057990e-09 5.1737753489872352e-12
2.6929109012823460e+00 2.2162536228981332e-09 5.1737540869726063e-12
2.7309099623012485e+00 2.2152279772336902e-09 5.1737364471242291e-12
2.7694452195372805e+00 2.2141970352973055e-09 5.1737060510495431e-12
2.8085242391348499e+00 2.2131639919022036e-09 5.1736703498731820e-12
2.8481546940025297e+00 2.2121350051540894e-09 5.1736437350608095e-12
2.8883443653195995e+00 2.2111052386729009e-09 5.1736147825321113e-12
2.9291011440637962e+00 2.2100763382996634e-09 5.1735876031753176e-12
2.9704330325606763e+00 2.2090475113460700e-09 5.1735600754125758e-12
3.0123481460548089e+00 2.2080195858872030e-09 5.1735343782974624e-12
3.0548547143031768e+00 2.2069935623071566e-09 5.1735127003880836e-12
3.0979610831909961e+00 2.2059648062503988e-09 5.1734841706095877e-12
3.1416757163703943e+00 2.2049383499027934e-09 5.1734607037035962e-12
3.1860071969222137e+00 2.2039080263369061e-09 5.1734277204308704e-12
3.2309642290412035e+00 2.2028822934581218e-09 5.1734051952686702e-12
3.2765556397450566e+00 2.2018551530236502e-09 5.1733789407015001e-12
3.3227903806075241e+00 2.2008281045641708e-09 5.1733524221656476e-12
3.3696775295160233e+00 2.1998241426591861e-09 5.1733799240482603e-12
3.4172262924539836e+00 2.1987733166695154e-09 5.1732966122426768e-12
3.4654460053083982e+00 2.1977437417115459e-09 5.1732629666343604e-12
3.5143461357028869e+00 2.1967209138319936e-09 5.1732448375642748e-12
3.5639362848565579e+00 2.1956926694401832e-09 5.1732136604249569e-12
3.6142261894691750e+00 2.1946641637832477e-09 5.1731812204052987e-12
3.6652257236328771e+00 2.1936396098787291e-09 5.1731578610747607e-12
3.7169449007709239e+00 2.1926124399932230e-09 5.1731279318482471e-12
3.7693938756037175e+00 2.1915893429294087e-09 5.1731071606007642e-12
3.8225829461426417e+00 2.1905664081571079e-09 5.1730863917298075e-12
3.8765225557120275e+00 2.1895618126889661e-09 5.1731086202864611e-12
3.9312232949995880e+00 2.1885087268889781e-09 5.1730157109898894e-12
3.9866959041358605e+00 2.1874836615109456e-09 5.1729886467613882e-12
4.0429512748029444e+00 2.1864861883864384e-09 5.1730267076486555e-12
4.1000004523730427e+00 2.1854343435722865e-09 5.1729354009705047e-12
4.1578546380771018e+00 2.1844151316102198e-09 5.1729210539793999e-12
4.2165251912041226e+00 2.1833850818048753e-09 5.1728805319354195e-12
4.2760236313315074e+00 2.1823656125041324e-09 5.1728647314060148e-12
4.3363616405868024e+00 2.1813628841180091e-09 5.1728884807389881e-12
4.3975510659414425e+00 2.1803176108563624e-09 5.1728097923600637e-12
4.4596039215368046e+00 2.1793148092474357e-09 5.1728331844618933e-12
4.5225323910431454e+00 2.1782926140626105e-09 5.1728094306248982e-12
4.5863488300517306e+00 2.1772687939069304e-09 5.1727813485814843e-12
4.6510657685008061e+00 2.1762245130926784e-09 5.1727042729267667e-12
4.7166959131357551e+00 2.1751941088700478e-09 5.1726595304671546e-12
4.7832521500040199e+00 2.1741718348393654e-09 5.1726333686269747e-12
4.8507475469851364e+00 2.1731549681630371e-09 5.1726201004395329e-12
4.9191953563565516e+00 2.1721357879556314e-09 5.1726011459727224e-12
4.9886090173956568e+00 2.1711003656198908e-09 5.1725434637605005e-12
5.0590021590184353e+00 2.1700794688581395e-09 5.1725193854853078e-12
5.1303886024554570e+00 2.1690830348735143e-09 5.1725535422273189e-12
5.2027823639655590e+00 2.1680366438835987e-09 5.1724676963222487e-12
5.2761976575878933e+00 2.1670400165613681e-09 5.1725006258166534e-12
5.3506488979326923e+00 2.1660203574262704e-09 5.1724780374537880e-12
5.4261507030115199e+00 2.1649964693647249e-09 5.1724448689297263e-12
5.5027178971074484e+00 2.1639752543540123e-09 5.1724176700280029e-12
5.5803655136856474e+00 2.1629537823930395e-09 5.1723895686694257e-12
5.6591087983451498e+00 2.1619339825238866e-09 5.1723649732116961e-12
5.7389632118121998e+00 2.1609149917818800e-09 5.1723419069778529e-12
5.8199444329759142e+00 2.1598779582076268e-09 5.1722745118294359e-12
5.9020683619666565e+00 2.1588709571086660e-09 5.1722799702621698e-12
5.9853511232779599e+00 2.1578534268192285e-09 5.1722593042297958e-12
6.0698090689325035e+00 2.1568344833641402e-09 5.1722347101018172e-12
6.1554587816926452e+00 2.1558109500148778e-09 5.1721985756675292e-12
6.2423170783163959e+00 2.1547900087013087e-09 5.1721684348487642e-12
6.3304010128592472e+00 2.1537700905913654e-09 5.1721402836510171e-12
6.4197278800226760e+00 2.1527509035816746e-09 5.1721134636722311e-12
6.5103152185497706e+00 2.1517353253740391e-09 5.1720949788495759e-12
6.6021808146688983e+00 2.1507116268123374e-09 5.1720564873341681e-12
6.6953427055858858e+00 2.1496962881172393e-09 5.1720377449244530e-12
6.7898191830255623e+00 2.1486775165954331e-09 5.1720102908797276e-12
6.8856287968231378e+00 2.1476558559313498e-09 5.1719754236052771e-12
6.9827903585663806e+00 2.1466430285729331e-09 5.1719615437986332e-12
7.0813229452891928e+00 2.1456210462415182e-09 5.1719249684259898e-12
7.1812459032171745e+00 2.1446001943476129e-09 5.1718909027725149e-12
7.2825788515661865e+00 2.1435841762188782e-09 5.1718679059755623e-12
7.3853416863944226e+00 2.1425708474792641e-09 5.1718513096652847e-12
7.4895545845089320e+00 2.1415535090331611e-09 5.1718244066106172e-12
7.5952380074271115e+00 2.1405318274101975e-09 5.1717864375809127e-12
7.7024127053942362e+00 2.1395169434795672e-09 5.1717648397371743e-12
7.8110997214576772e+00 2.1385002058459775e-09 5.1717381462839098e-12
7.9213203955984763e+00 2.1374827889086429e-09 5.1717093673281587e-12
8.0330963689213721e+00 2.1364674134567750e-09 5.1716852639465917e-12
8.1464495879038523e+00 2.1354510463184871e-09 5.1716582163092600e-12
8.2614023087052768e+00 2.1344258177315205e-09 5.1716093381210758e-12
8.3779771015366151e+00 2.1334178594050369e-09 5.1716018201897894e-12
8.4961968550920179e+00 2.1323942999267102e-09 5.1715560563771085e-12
8.6160847810429146e+00 2.1313806609851495e-09 5.1715338057394711e-12
8.7376644185953598e+00 2.1303642273904880e-09 5.1715045076881213e-12
8.8609596391118810e+00 2.1293481215549066e-09 5.1714760402311107e-12
8.9859946507984194e+00 2.1283372119305422e-09 5.1714591592527460e-12
9.1127940034575339e+00 2.1273167170373942e-09 5.1714185493059896e-12
9.2413825933084759e+00 2.1262995809758041e-09 5.1713861420025275e-12
9.3717856678754554e+00 2.1252928474396600e-09 5.1713783895363599e-12
9.5040288309448862e+00 2.1242737652118276e-09 5.1713403213968584e-12
9.6381380475924043e+00 2.1232646572378380e-09 5.1713257342083461e-12
9.7741396492810164e+00 2.1222430831352019e-09 5.1712806373486337e-12
9.9120603390310738e+00 2.1212307252550222e-09 5.1712577692602154e-12
1.0051927196663305e+01 2.1202113425998558e-09 5.1712168224105584e-12
1.0193767684115654e+01 2.1192019025664036e-09 5.1712002273102385e-12
1.0337609650835301e+01 2.1181889377020864e-09 5.1711744578406207e-12
1.0483481339246785e+01 2.1171788867655395e-09 5.1711551400644400e-12
1.0631411390297091e+01 2.1161647912142109e-09 5.1711256695597013e-12
1.0781428849079200e+01 2.1151532142772688e-09 5.1711020407236004e-12
1.0933563170534851e+01 2.1141413334871385e-09 5.1710772022096181e-12
1.1087844225237925e+01 2.1131277248692399e-09 5.1710476619544874e-12
1.1244302305259188e+01 2.1121065757356326e-09 5.1709991293030727e-12
1.1402968130114044e+01 2.1110947163712760e-09 5.1709731961041986e-12
1.1563872852794052e+01 2.1100904089430684e-09 5.1709651824202905e-12
1.1727048065883713e+01 2.1090715947644279e-09 5.1709213945877673e-12
1.1892525807763322e+01 2.1080577554493112e-09 5.1708885204318393e-12
1.2060338568899564e+01 2.1070468694225808e-09 5.1708631140393559e-12
1.2230519298224873e+01 2.1060352698985493e-09 5.1708355247551328e-12
1.2403101409606602e+01 2.1050209948018834e-09 5.1708013612980477e-12
1.2578118788407703e+01 2.1040129316844260e-09 5.1707818018443177e-12
1.2755605798139854e+01 2.1030091776150098e-09 5.1707718504747690e-12
1.2935597287210600e+01 2.1019977098133131e-09 5.1707437260159268e-12
1.3118128595765471e+01 2.1009869234200656e-09 5.1707152430721815e-12
1.3303235562626845e+01 2.0999765136632136e-09 5.1706880706131435e-12
1.3490954532330761e+01 2.0989607507786311e-09 5.1706477577695870e-12
1.3681322362262765e+01 2.0979585562343755e-09 5.1706401915595472e-12
1.3874376429894715e+01 2.0969346115468999e-09 5.1705775026601100e-12
1.4070154640123556e+01 2.0959194964090429e-09 5.1705371761231868e-12
1.4268695432713809e+01 2.0949130318110894e-09 5.1705175470642737e-12
1.4470037789844794e+01 2.0939118443037866e-09 5.1705113030571047e-12
1.4674221243764604e+01 2.0929024980925749e-09 5.1704837490336121e-12
1.4881285884552105e+01 2.0918810291502976e-09 5.1704253399195053e-12
1.5091272367988166e+01 2.0908801118394747e-09 5.1704184414094781e-12
1.5304221923538286e+01 2.0898756073698150e-09 5.1704015341315989e-12
1.5520176362447657e+01 2.0888667607267151e-09 5.1703734604746332e-12
1.5739178085950662e+01 2.0878627184974326e-09 5.1703570913591406e-12
1.5961270093595886e+01 2.0868479585225496e-09 5.1703133972337618e-12
1.6186495991688915e+01 2.0858399910416843e-09 5.1702870851436941e-12
1.6414900001854093e+01 2.0848382763115179e-09 5.1702749588028346e-12
1.6646526969717275e+01 2.0838276147338981e-09 5.1702389271910114e-12
1.6881422373710762e+01 2.0828058750116212e-09 5.1701766798111597e-12
1.7119632334002816e+01 2.0818121598731307e-09 5.1701828940672294e-12
1.7361203621553130e+01 2.0808028976081719e-09 5.1701508809824875e-12
1.7606183667295802e+01 2.0797794356507212e-09 5.1700827649457118e-12
1.7854620571452227e+01 2.0787892943492019e-09 5.1700977965364711e-12
1.8106563112975191e+01 2.0777831214291970e-09 5.1700716867673593e-12
1.8362060759126432e+01 2.0767730426720576e-09 5.1700350699706676e-12
1.8621163675189006e+01 2.0757660284445171e-09 5.1700061558217403e-12
1.8883922734317004e+01 2.0747583368395154e-09 5.1699750463141043e-12
1.9150389527524297e+01 2.0737623607201735e-09 5.1699725752560062e-12
1.9420616373813839e+01 2.0727364735917756e-09 5.1698958137992883e-12
1.9694656330450336e+01 2.0717419345528003e-09 5.1698955609269867e-12
1.9972563203377593e+01 2.0707233111732644e-09 5.1698357175302348e-12
2.0254391557783133e+01 2.0697234615567223e-09 5.1698212849257007e-12
2.0540196728811466e+01 2.0687174299632635e-09 5.1697916357575865e-12
2.0830034832428893e+01 2.0677233313265604e-09 5.1697916105254541e-12
2.1123962776441648e+01 2.0667105556401388e-09 5.1697437785332300e-12
2.1422038271669106e+01 2.0657139637726481e-09 5.1697372906626691e-12
2.1724319843275101e+01 2.0647000447694216e-09 5.1696855255471018e-12
2.2030866842258867e+01 2.0636940084557285e-09 5.1696547545522926e-12
2.2341739457108392e+01 2.0626873100535263e-09 5.1696206962664185e-12
2.2656998725617775e+01 2.0616896103320256e-09 5.1696076337463320e-12
2.2976706546871711e+01 2.0606820628709864e-09 5.1695710609358992e-12
2.3300925693399122e+01 2.0596848312239534e-09 5.1695599548062534e-12
2.3629719823497854e+01 2.0586695133356347e-09 5.1695031830162533e-12
2.3963153493733742e+01 2.0576659229023373e-09 5.1694747115336867e-12
2.4301292171615771e+01 2.0566737084371596e-09 5.1694740808661994e-12
2.4644202248450405e+01 2.0556615650463194e-09 5.1694233538259485e-12
2.4991951052376759e+01 2.0546672316830546e-09 5.1694184339807673e-12
2.5344606861586218e+01 2.0536614456987793e-09 5.1693820341481227e-12
2.5702238917728533e+01 2.0526806019123346e-09 5.1694082425401000e-12
2.6064917439506676e+01 2.0516626756087470e-09 5.1693428054457293e-12
2.6432713636464019e+01 2.0506618907601091e-09 5.1693183736489288e-12
2.6805699722965759e+01 2.0496569101432878e-09 5.1692831140422388e-12
2.7183948932377948e+01 2.0486722550949975e-09 5.1692966261324445e-12
2.7567535531446051e+01 2.0476719242914371e-09 5.1692720908252267e-12
2.7956534834876962e+01 2.0466348101581633e-09 5.1691561651642595e-12
2.8351023220126432e+01 2.0456674616993920e-09 5.1692127595554009e-12
2.8751078142395514e+01 2.0446753899995198e-09 5.1692089017529505e-12
2.9156778149838033e+01 2.0436635530808700e-09 5.1691525060412064e-12
2.9568202898983174e+01 2.0426734657955376e-09 5.1691522011961299e-12
2.9985433170375700e+01 2.0416618123403754e-09 5.1690962024964950e-12
3.0408550884436316e+01 2.0406464590833924e-09 5.1690301943821067e-12
3.0837639117546455e+01 2.0396668034225992e-09 5.1690568372296884e-12
3.1272782118359643e+01 2.0386598273871581e-09 5.1690094108511258e-12
3.1714065324343434e+01 2.0376600711827710e-09 5.1689819418153705e-12
3.2161575378554105e+01 2.0366603327099466e-09 5.1689541666106564e-12
3.2615400146648646e+01 2.0356576049758984e-09 5.1689201991558826e-12
3.3075628734136792e+01 2.0346604500173069e-09 5.1688962624572336e-12
3.3542351503875935e+01 2.0336978653184687e-09 5.1689612457604325e-12
3.4015660093813501e+01 2.0326791514577666e-09 5.1688826298479444e-12
3.4495647434979361e+01 2.0316639402379929e-09 5.1688141922399986e-12
3.4982407769732482e+01 2.0307015955014623e-09 5.1688773535027381e-12
3.5476036670264392e+01 2.0297021597551478e-09 5.1688475004597528e-12
3.5976631057364344e+01 2.0286813380195251e-09 5.1687640609423916e-12
3.6484289219449302e+01 2.0276482191937120e-09 5.1686482715020422e-12
3.6999110831861792e+01 2.0266963566707746e-09 5.1687424425735574e-12
3.7521196976440791e+01 2.0256555003268741e-09 5.1686013711985804e-12
3.8050650161368338e+01 2.0246528923841458e-09 5.1685596584354487e-12
3.8587574341296623e+01 2.0236555752329211e-09 5.1685320669392251e-12
3.9132074937758375e+01 2.0226969746448259e-09 5.1686015542496118e-12
3.9684258859865970e+01 2.0216637632790594e-09 5.1684816112856426e-12
4.0244234525302168e+01 2.0207041275135934e-09 5.1685479058400399e-12
4.0812111881607571e+01 2.0197061588532374e-09 5.1685174340881999e-12
4.1388002427767574e+01 2.0186665225500376e-09 5.1683820093605129e-12
4.1972019236104721e+01 2.0177141245525736e-09 5.1684643790462352e-12
4.2564276974479974e+01 2.0166816083517641e-09 5.1683480747124840e-12
4.3164891928806455e+01 2.0157215259407428e-09 5.1684082416385639e-12
4.3773982025881793e+01 2.0147557434093058e-09 5.1684620050420923e-12
4.4391666856542081e+01 2.0136851670392448e-09 5.1682414320455482e-12
4.5018067699143117e+01 2.0127638035914598e-09 5.1684049013187796e-12
4.5653307543372087e+01 2.0117319590325847e-09 5.1682846886476038e-12
4.6297511114396009e+01 2.0107787670353066e-09 5.1683633749103522e-12
4.6950804897351013e+01 2.0097481512616790e-09 5.1682396284876843e-12
4.7613317162176308e+01 2.0087905179171293e-09 5.1683120463716229e-12
4.8285177988799504e+01 2.0077455391730851e-09 5.1681566524890831e-12
4.8966519292676757e+01 2.0068095177639976e-09 5.1682771431807528e-12
4.9657474850693895e+01 2.0057762920181361e-09 5.1681514137809307e-12
5.0358180327432045e+01 2.0048258185796659e-09 5.1682338699036327e-12
5.1068773301804789e+01 2.0038003280191883e-09 5.1681269497653307e-12
5.1789393294071147e+01 2.0027850174370243e-09 5.1680449944501762e-12
5.2520181793228886e+01 2.0018112555934906e-09 5.1680672259504312e-12
5.3261282284795357e+01 2.0008332748134007e-09 5.1680784066847864e-12
5.4012840278979716e+01 1.9998122880069522e-09 5.1679803378414198e-12
5.4775003339253345e+01 1.9988450329535319e-09 5.1680183456190833e-12
